96.99995422223579 95.99990844423718 
95.99993896298105 95.99990844423718 
95.99993896298105 96.99992370348949 
95.99993896298105 95.99990844423718 
95.99993896298105 95.99990844423718 
95.99993896298105 95.99990844423718 
95.99993896298105 95.99990844423718 
95.99993896298105 95.99990844423718 
95.99993896298105 94.99989318498488 
95.99993896298105 90.99983214797571 
95.99993896298105 89.9998168887234 
95.99993896298105 88.99980162947111 
95.99993896298105 88.99980162947111 
96.99995422223579 87.00054933295816 
96.99995422223579 82.00047303669668 
96.99995422223579 82.00047303669668 
96.99995422223579 79.00042725893978 
95.99993896298105 80.00044251819207 
95.99993896298105 80.00044251819207 
95.99993896298105 80.00044251819207 
95.99993896298105 80.00044251819207 
95.99993896298105 78.00041199968749 
95.99993896298105 78.00041199968749 
95.99993896298105 77.00039674043519 
95.99993896298105 75.00036622193059 
95.0 75.00036622193059 
95.0 76.0003814811829 
95.0 78.00041199968749 
95.0 77.00039674043519 
95.0 77.00039674043519 
95.0 77.00039674043519 
95.0 76.0003814811829 
95.0 76.0003814811829 
95.0 76.0003814811829 
95.0 76.0003814811829 
95.0 76.0003814811829 
95.0 76.0003814811829 
95.0 76.0003814811829 
95.0 76.0003814811829 
95.0 75.00036622193059 
95.0 75.00036622193059 
95.0 74.0003509626783 
95.0 73.000335703426 
95.0 74.0003509626783 
95.0 74.0003509626783 
95.0 76.0003814811829 
95.0 76.0003814811829 
95.0 76.0003814811829 
95.0 74.0003509626783 
95.0 71.00030518492142 
95.0 68.00025940716452 
95.0 66.00022888865993 
95.0 66.00022888865993 
95.0 65.00021362940763 
95.0 66.00022888865993 
95.0 66.00022888865993 
95.99993896298105 67.00024414791223 
95.99993896298105 68.00025940716452 
95.99993896298105 67.00024414791223 
95.99993896298105 68.00025940716452 
95.99993896298105 67.00024414791223 
95.99993896298105 67.00024414791223 
95.0 67.00024414791223 
95.0 67.00024414791223 
95.0 69.00027466641681 
95.99993896298105 70.00028992566911 
95.99993896298105 72.00032044417371 
95.99993896298105 71.00030518492142 
95.99993896298105 71.00030518492142 
95.0 71.00030518492142 
95.0 71.00030518492142 
95.0 71.00030518492142 
95.0 72.00032044417371 
95.99993896298105 75.00036622193059 
95.99993896298105 75.00036622193059 
95.99993896298105 75.00036622193059 
95.99993896298105 74.0003509626783 
95.99993896298105 71.00030518492142 
95.99993896298105 71.00030518492142 
95.99993896298105 72.00032044417371 
95.99993896298105 74.0003509626783 
95.99993896298105 74.0003509626783 
95.99993896298105 75.00036622193059 
95.99993896298105 78.00041199968749 
95.99993896298105 79.00042725893978 
95.99993896298105 79.00042725893978 
95.99993896298105 79.00042725893978 
95.99993896298105 79.00042725893978 
95.99993896298105 78.00041199968749 
95.99993896298105 77.00039674043519 
95.99993896298105 76.0003814811829 
95.99993896298105 76.0003814811829 
95.0 75.00036622193059 
95.0 75.00036622193059 
95.0 75.00036622193059 
95.0 75.00036622193059 
95.0 74.0003509626783 
95.0 73.000335703426 
95.0 72.00032044417371 
95.0 72.00032044417371 
95.0 72.00032044417371 
95.0 73.000335703426 
95.0 73.000335703426 
95.0 73.000335703426 
95.0 73.000335703426 
95.0 73.000335703426 
95.0 73.000335703426 
95.0 74.0003509626783 
95.0 75.00036622193059 
95.0 76.0003814811829 
95.0 75.00036622193059 
95.0 76.0003814811829 
95.0 75.00036622193059 
95.0 75.00036622193059 
95.0 74.0003509626783 
95.0 73.000335703426 
95.0 73.000335703426 
95.0 74.0003509626783 
95.0 75.00036622193059 
95.0 75.00036622193059 
95.0 77.00039674043519 
95.0 77.00039674043519 
95.0 77.00039674043519 
95.0 78.00041199968749 
95.0 78.00041199968749 
95.0 78.00041199968749 
95.0 78.00041199968749 
95.0 78.00041199968749 
95.0 78.00041199968749 
95.0 78.00041199968749 
95.0 79.00042725893978 
95.0 79.00042725893978 
95.0 80.00044251819207 
95.0 80.00044251819207 
95.0 81.00045777744438 
95.0 81.00045777744438 
95.0 83.00048829594897 
95.0 83.00048829594897 
95.0 84.00050355520126 
95.0 82.00047303669668 
95.0 81.00045777744438 
95.0 80.00044251819207 
95.0 80.00044251819207 
95.0 79.00042725893978 
95.0 79.00042725893978 
95.0 80.00044251819207 
95.0 80.00044251819207 
95.0 81.00045777744438 
95.0 80.00044251819207 
95.0 79.00042725893978 
95.0 76.0003814811829 
95.0 74.0003509626783 
95.0 74.0003509626783 
95.0 74.0003509626783 
95.0 74.0003509626783 
95.0 75.00036622193059 
95.0 76.0003814811829 
95.0 76.0003814811829 
95.0 78.00041199968749 
95.0 78.00041199968749 
95.0 80.00044251819207 
95.0 80.00044251819207 
95.0 80.00044251819207 
95.0 80.00044251819207 
95.0 79.00042725893978 
95.0 79.00042725893978 
95.0 79.00042725893978 
95.0 79.00042725893978 
95.0 79.00042725893978 
95.0 80.00044251819207 
95.0 80.00044251819207 
95.0 81.00045777744438 
95.0 77.00039674043519 
95.0 75.00036622193059 
95.0 73.000335703426 
95.0 72.00032044417371 
95.0 72.00032044417371 
95.0 72.00032044417371 
95.0 73.000335703426 
95.0 74.0003509626783 
95.0 75.00036622193059 
95.0 76.0003814811829 
95.0 76.0003814811829 
95.0 76.0003814811829 
95.0 74.0003509626783 
95.0 74.0003509626783 
95.0 74.0003509626783 
95.0 74.0003509626783 
95.0 73.000335703426 
95.0 73.000335703426 
95.0 74.0003509626783 
95.0 75.00036622193059 
95.0 78.00041199968749 
95.0 78.00041199968749 
95.0 79.00042725893978 
95.0 80.00044251819207 
95.0 79.00042725893978 
95.0 78.00041199968749 
95.0 79.00042725893978 
95.0 78.00041199968749 
95.0 78.00041199968749 
95.0 79.00042725893978 
95.0 80.00044251819207 
95.0 80.00044251819207 
95.0 81.00045777744438 
95.0 82.00047303669668 
95.0 82.00047303669668 
95.0 82.00047303669668 
95.0 82.00047303669668 
95.0 82.00047303669668 
95.0 82.00047303669668 
95.0 82.00047303669668 
95.0 81.00045777744438 
95.0 81.00045777744438 
95.0 81.00045777744438 
95.0 80.00044251819207 
95.0 80.00044251819207 
95.0 80.00044251819207 
95.0 80.00044251819207 
95.0 81.00045777744438 
95.0 81.00045777744438 
95.0 81.00045777744438 
95.0 80.00044251819207 
95.0 80.00044251819207 
95.0 80.00044251819207 
95.0 79.00042725893978 
95.0 79.00042725893978 
95.0 80.00044251819207 
95.0 80.00044251819207 
95.0 79.00042725893978 
95.0 79.00042725893978 
95.0 80.00044251819207 
95.0 79.00042725893978 
95.0 80.00044251819207 
95.0 80.00044251819207 
95.0 81.00045777744438 
95.0 80.00044251819207 
95.0 80.00044251819207 
95.0 79.00042725893978 
95.0 79.00042725893978 
95.0 79.00042725893978 
95.0 78.00041199968749 
95.0 78.00041199968749 
95.0 79.00042725893978 
95.0 79.00042725893978 
95.0 80.00044251819207 
95.0 80.00044251819207 
95.0 78.00041199968749 
95.0 78.00041199968749 
95.0 77.00039674043519 
95.0 78.00041199968749 
95.0 77.00039674043519 
95.0 78.00041199968749 
95.0 79.00042725893978 
95.0 79.00042725893978 
95.0 80.00044251819207 
95.0 79.00042725893978 
95.0 79.00042725893978 
95.0 79.00042725893978 
95.0 79.00042725893978 
95.0 79.00042725893978 
95.0 79.00042725893978 
95.0 79.00042725893978 
95.0 79.00042725893978 
95.0 79.00042725893978 
95.0 79.00042725893978 
95.0 79.00042725893978 
95.0 78.00041199968749 
95.0 77.00039674043519 
95.0 76.0003814811829 
95.0 76.0003814811829 
95.0 76.0003814811829 
95.0 76.0003814811829 
95.0 76.0003814811829 
95.0 76.0003814811829 
95.0 76.0003814811829 
95.0 75.00036622193059 
95.0 75.00036622193059 
95.0 75.00036622193059 
95.0 75.00036622193059 
95.0 75.00036622193059 
95.0 76.0003814811829 
95.0 77.00039674043519 
95.0 77.00039674043519 
95.0 76.0003814811829 
95.0 76.0003814811829 
95.0 75.00036622193059 
95.0 74.0003509626783 
95.0 74.0003509626783 
95.0 74.0003509626783 
95.0 75.00036622193059 
95.0 75.00036622193059 
95.0 77.00039674043519 
95.0 78.00041199968749 
95.0 78.00041199968749 
95.0 78.00041199968749 
95.0 79.00042725893978 
95.0 79.00042725893978 
95.0 79.00042725893978 
95.0 78.00041199968749 
95.0 79.00042725893978 
95.99993896298105 100.99998474049866 
95.99993896298105 100.99998474049866 
95.99993896298105 99.99996948124637 
95.0 96.99992370348949 
95.99993896298105 96.99992370348949 
95.99993896298105 94.99989318498488 
95.99993896298105 91.999847407228 
95.99993896298105 90.99983214797571 
95.99993896298105 90.99983214797571 
95.99993896298105 92.9998626664803 
95.99993896298105 92.9998626664803 
95.99993896298105 92.9998626664803 
95.99993896298105 92.9998626664803 
95.99993896298105 92.9998626664803 
95.99993896298105 93.99987792573259 
96.99995422223579 94.99989318498488 
96.99995422223579 96.99992370348949 
97.99996948149052 96.99992370348949 
97.99996948149052 96.99992370348949 
97.99996948149052 96.99992370348949 
97.99996948149052 96.99992370348949 
97.99996948149052 96.99992370348949 
96.99995422223579 96.99992370348949 
96.99995422223579 96.99992370348949 
95.99993896298105 96.99992370348949 
95.0 96.99992370348949 
95.0 96.99992370348949 
95.0 97.99993896274178 
95.0 97.99993896274178 
95.0 97.99993896274178 
95.0 97.99993896274178 
95.0 97.99993896274178 
95.0 95.99990844423718 
94.00006103701895 94.99989318498488 
94.00006103701895 94.99989318498488 
94.00006103701895 94.99989318498488 
94.00006103701895 94.99989318498488 
94.00006103701895 94.99989318498488 
94.00006103701895 94.99989318498488 
94.00006103701895 94.99989318498488 
94.00006103701895 94.99989318498488 
94.00006103701895 94.99989318498488 
94.00006103701895 94.99989318498488 
94.00006103701895 93.99987792573259 
94.00006103701895 93.99987792573259 
94.00006103701895 93.99987792573259 
94.00006103701895 93.99987792573259 
94.00006103701895 93.99987792573259 
94.00006103701895 93.99987792573259 
94.00006103701895 92.9998626664803 
94.00006103701895 88.99980162947111 
94.00006103701895 87.99978637021881 
95.0 87.00054933295816 
94.00006103701895 87.00054933295816 
94.00006103701895 87.00054933295816 
94.00006103701895 86.00053407370585 
94.00006103701895 86.00053407370585 
94.00006103701895 86.00053407370585 
94.00006103701895 86.00053407370585 
95.0 86.00053407370585 
95.0 87.00054933295816 
94.00006103701895 88.99980162947111 
94.00006103701895 88.99980162947111 
94.00006103701895 88.99980162947111 
94.00006103701895 88.99980162947111 
94.00006103701895 88.99980162947111 
94.00006103701895 88.99980162947111 
94.00006103701895 88.99980162947111 
94.00006103701895 88.99980162947111 
94.00006103701895 88.99980162947111 
94.00006103701895 88.99980162947111 
94.00006103701895 88.99980162947111 
94.00006103701895 87.99978637021881 
95.0 87.00054933295816 
95.0 87.00054933295816 
95.0 87.00054933295816 
95.0 83.00048829594897 
95.0 82.00047303669668 
96.99995422223579 85.00051881445356 
95.99993896298105 93.99987792573259 
95.99993896298105 95.99990844423718 
95.99993896298105 95.99990844423718 
95.99993896298105 95.99990844423718 
95.99993896298105 96.99992370348949 
95.99993896298105 96.99992370348949 
95.99993896298105 96.99992370348949 
95.99993896298105 97.99993896274178 
95.99993896298105 97.99993896274178 
95.99993896298105 97.99993896274178 
95.99993896298105 97.99993896274178 
95.99993896298105 97.99993896274178 
95.0 97.99993896274178 
95.0 97.99993896274178 
95.0 97.99993896274178 
95.0 97.99993896274178 
95.0 97.99993896274178 
95.0 97.99993896274178 
95.0 97.99993896274178 
95.0 97.99993896274178 
95.0 96.99992370348949 
95.0 96.99992370348949 
95.0 96.99992370348949 
95.0 96.99992370348949 
95.0 96.99992370348949 
95.0 96.99992370348949 
95.0 96.99992370348949 
95.0 96.99992370348949 
95.0 96.99992370348949 
95.0 96.99992370348949 
95.0 96.99992370348949 
95.0 96.99992370348949 
95.0 96.99992370348949 
95.0 96.99992370348949 
95.0 96.99992370348949 
95.0 96.99992370348949 
95.99993896298105 97.99993896274178 
95.99993896298105 98.99995422199407 
95.99993896298105 99.99996948124637 
95.99993896298105 100.99998474049866 
95.99993896298105 100.99998474049866 
95.99993896298105 100.99998474049866 
95.99993896298105 100.99998474049866 
95.99993896298105 100.99998474049866 
95.99993896298105 99.99996948124637 
95.99993896298105 99.99996948124637 
95.99993896298105 99.99996948124637 
95.99993896298105 99.99996948124637 
95.99993896298105 98.99995422199407 
95.99993896298105 98.99995422199407 
95.99993896298105 98.99995422199407 
95.0 98.99995422199407 
94.00006103701895 98.99995422199407 
94.00006103701895 98.99995422199407 
94.00006103701895 98.99995422199407 
95.0 98.99995422199407 
95.0 98.99995422199407 
95.0 98.99995422199407 
95.0 98.99995422199407 
95.0 98.99995422199407 
95.0 98.99995422199407 
95.0 98.99995422199407 
95.0 98.99995422199407 
95.0 98.99995422199407 
95.0 98.99995422199407 
95.0 98.99995422199407 
95.0 98.99995422199407 
95.0 99.99996948124637 
95.0 99.99996948124637 
95.0 99.99996948124637 
95.0 99.99996948124637 
95.0 99.99996948124637 
95.0 99.99996948124637 
95.0 99.99996948124637 
95.0 98.99995422199407 
95.0 98.99995422199407 
95.0 98.99995422199407 
95.99993896298105 98.99995422199407 
95.99993896298105 98.99995422199407 
95.99993896298105 98.99995422199407 
95.99993896298105 98.99995422199407 
95.99993896298105 98.99995422199407 
95.99993896298105 98.99995422199407 
95.99993896298105 98.99995422199407 
95.99993896298105 98.99995422199407 
95.99993896298105 98.99995422199407 
95.99993896298105 98.99995422199407 
95.99993896298105 98.99995422199407 
95.99993896298105 98.99995422199407 
95.99993896298105 98.99995422199407 
95.99993896298105 98.99995422199407 
95.99993896298105 98.99995422199407 
95.99993896298105 98.99995422199407 
95.99993896298105 98.99995422199407 
95.99993896298105 98.99995422199407 
95.99993896298105 98.99995422199407 
95.0 97.99993896274178 
95.99993896298105 95.99990844423718 
95.0 93.99987792573259 
95.0 93.99987792573259 
95.0 93.99987792573259 
95.0 94.99989318498488 
95.0 95.99990844423718 
95.0 96.99992370348949 
95.0 95.99990844423718 
95.0 94.99989318498488 
95.0 94.99989318498488 
95.0 93.99987792573259 
95.0 93.99987792573259 
95.0 93.99987792573259 
95.0 93.99987792573259 
95.0 93.99987792573259 
95.0 93.99987792573259 
95.0 93.99987792573259 
95.0 92.9998626664803 
95.0 92.9998626664803 
95.0 92.9998626664803 
95.0 92.9998626664803 
95.0 92.9998626664803 
95.0 92.9998626664803 
95.0 92.9998626664803 
95.0 92.9998626664803 
95.0 94.99989318498488 
95.0 94.99989318498488 
95.0 94.99989318498488 
95.0 94.99989318498488 
95.0 94.99989318498488 
95.0 94.99989318498488 
95.0 95.99990844423718 
95.0 96.99992370348949 
95.0 96.99992370348949 
95.0 96.99992370348949 
95.0 97.99993896274178 
95.0 97.99993896274178 
95.0 98.99995422199407 
95.0 98.99995422199407 
95.0 98.99995422199407 
95.0 98.99995422199407 
95.0 98.99995422199407 
95.0 98.99995422199407 
95.0 98.99995422199407 
95.0 98.99995422199407 
95.0 98.99995422199407 
95.0 99.99996948124637 
95.0 99.99996948124637 
95.0 99.99996948124637 
95.0 99.99996948124637 
95.0 99.99996948124637 
95.0 99.99996948124637 
95.0 99.99996948124637 
95.0 99.99996948124637 
95.0 100.99998474049866 
95.0 100.99998474049866 
95.0 101.99999999975097 
95.0 101.99999999975097 
95.0 101.99999999975097 
95.0 102.99923703701162 
95.0 103.99925229626392 
95.0 104.99926755551621 
95.0 104.99926755551621 
95.0 104.99926755551621 
95.0 104.99926755551621 
95.0 104.99926755551621 
95.0 104.99926755551621 
95.0 104.99926755551621 
95.0 104.99926755551621 
94.00006103701895 104.99926755551621 
94.00006103701895 104.99926755551621 
94.00006103701895 104.99926755551621 
94.00006103701895 105.99928281476852 
94.00006103701895 104.99926755551621 
94.00006103701895 104.99926755551621 
94.00006103701895 103.99925229626392 
94.00006103701895 103.99925229626392 
94.00006103701895 103.99925229626392 
94.00006103701895 103.99925229626392 
94.00006103701895 103.99925229626392 
94.00006103701895 103.99925229626392 
94.00006103701895 103.99925229626392 
94.00006103701895 103.99925229626392 
94.00006103701895 101.99999999975097 
94.00006103701895 103.99925229626392 
94.00006103701895 103.99925229626392 
94.00006103701895 103.99925229626392 
94.00006103701895 103.99925229626392 
94.00006103701895 103.99925229626392 
94.00006103701895 105.99928281476852 
94.00006103701895 105.99928281476852 
94.00006103701895 106.99929807402081 
94.00006103701895 107.99931333327311 
94.00006103701895 107.99931333327311 
94.00006103701895 107.99931333327311 
95.0 109.9993438517777 
95.0 109.9993438517777 
95.0 109.9993438517777 
95.0 109.9993438517777 
95.0 109.9993438517777 
95.0 109.9993438517777 
94.00006103701895 109.9993438517777 
94.00006103701895 109.9993438517777 
94.00006103701895 109.9993438517777 
94.00006103701895 109.9993438517777 
94.00006103701895 109.9993438517777 
94.00006103701895 109.9993438517777 
94.00006103701895 109.9993438517777 
94.00006103701895 110.99935911102999 
94.00006103701895 110.99935911102999 
94.00006103701895 110.99935911102999 
94.00006103701895 110.99935911102999 
94.00006103701895 110.99935911102999 
94.00006103701895 110.99935911102999 
94.00006103701895 109.9993438517777 
94.00006103701895 109.9993438517777 
94.00006103701895 109.9993438517777 
94.00006103701895 109.9993438517777 
94.00006103701895 109.9993438517777 
94.00006103701895 109.9993438517777 
94.00006103701895 109.9993438517777 
94.00006103701895 109.9993438517777 
94.00006103701895 109.9993438517777 
94.00006103701895 109.9993438517777 
94.00006103701895 109.9993438517777 
94.00006103701895 109.9993438517777 
94.00006103701895 109.9993438517777 
93.00004577776421 109.9993438517777 
93.00004577776421 109.9993438517777 
93.00004577776421 109.9993438517777 
93.00004577776421 109.9993438517777 
93.00004577776421 109.9993438517777 
93.00004577776421 109.9993438517777 
93.00004577776421 109.9993438517777 
93.00004577776421 108.9993285925254 
93.00004577776421 108.9993285925254 
93.00004577776421 108.9993285925254 
93.00004577776421 108.9993285925254 
93.00004577776421 109.9993438517777 
93.00004577776421 109.9993438517777 
93.00004577776421 110.99935911102999 
93.00004577776421 110.99935911102999 
93.00004577776421 110.99935911102999 
94.00006103701895 111.9993743702823 
94.00006103701895 111.9993743702823 
94.00006103701895 111.9993743702823 
94.00006103701895 111.9993743702823 
94.00006103701895 111.9993743702823 
94.00006103701895 111.9993743702823 
94.00006103701895 111.9993743702823 
94.00006103701895 112.99938962953459 
95.99993896298105 102.99923703701162 
95.99993896298105 101.99999999975097 
95.99993896298105 99.99996948124637 
95.99993896298105 98.99995422199407 
95.0 97.99993896274178 
95.0 95.99990844423718 
95.0 91.999847407228 
95.0 88.99980162947111 
95.0 87.99978637021881 
95.0 87.99978637021881 
95.0 86.00053407370585 
95.0 85.00051881445356 
95.0 84.00050355520126 
95.0 81.00045777744438 
95.0 82.00047303669668 
95.0 81.00045777744438 
95.0 80.00044251819207 
95.0 81.00045777744438 
95.0 79.00042725893978 
95.0 79.00042725893978 
95.0 80.00044251819207 
95.0 79.00042725893978 
95.0 81.00045777744438 
95.0 82.00047303669668 
95.0 81.00045777744438 
95.0 81.00045777744438 
95.0 81.00045777744438 
95.0 79.00042725893978 
95.0 78.00041199968749 
95.0 79.00042725893978 
95.0 77.00039674043519 
95.0 78.00041199968749 
95.0 77.00039674043519 
95.0 76.0003814811829 
95.0 74.0003509626783 
95.0 74.0003509626783 
95.0 74.0003509626783 
95.0 74.0003509626783 
95.0 73.000335703426 
95.0 74.0003509626783 
95.0 73.000335703426 
95.0 74.0003509626783 
95.0 73.000335703426 
95.0 73.000335703426 
95.0 74.0003509626783 
95.0 73.000335703426 
95.0 72.00032044417371 
95.0 72.00032044417371 
95.0 74.0003509626783 
95.0 73.000335703426 
95.0 75.00036622193059 
95.0 72.00032044417371 
95.0 70.00028992566911 
95.0 70.00028992566911 
95.0 70.00028992566911 
95.0 69.00027466641681 
95.0 69.00027466641681 
95.0 70.00028992566911 
95.0 72.00032044417371 
95.0 73.000335703426 
95.0 74.0003509626783 
95.0 74.0003509626783 
95.0 76.0003814811829 
95.0 74.0003509626783 
95.0 75.00036622193059 
95.0 73.000335703426 
95.0 74.0003509626783 
95.0 72.00032044417371 
95.0 74.0003509626783 
95.0 76.0003814811829 
95.0 76.0003814811829 
95.0 76.0003814811829 
95.0 76.0003814811829 
95.0 77.00039674043519 
95.0 76.0003814811829 
95.0 76.0003814811829 
95.0 77.00039674043519 
95.0 78.00041199968749 
95.0 77.00039674043519 
95.0 78.00041199968749 
95.0 78.00041199968749 
95.0 77.00039674043519 
95.0 76.0003814811829 
95.0 76.0003814811829 
95.0 76.0003814811829 
95.0 77.00039674043519 
95.0 79.00042725893978 
95.0 80.00044251819207 
95.0 80.00044251819207 
95.0 79.00042725893978 
95.0 78.00041199968749 
95.0 79.00042725893978 
95.0 80.00044251819207 
95.0 79.00042725893978 
95.0 80.00044251819207 
95.0 78.00041199968749 
95.0 76.0003814811829 
95.0 73.000335703426 
95.0 72.00032044417371 
95.0 72.00032044417371 
95.0 72.00032044417371 
95.0 73.000335703426 
95.0 73.000335703426 
95.0 74.0003509626783 
95.0 73.000335703426 
95.0 72.00032044417371 
95.0 70.00028992566911 
95.0 70.00028992566911 
95.0 69.00027466641681 
95.0 69.00027466641681 
95.0 68.00025940716452 
95.0 68.00025940716452 
95.0 68.00025940716452 
95.0 68.00025940716452 
95.0 69.00027466641681 
95.0 70.00028992566911 
95.0 72.00032044417371 
95.0 72.00032044417371 
95.0 73.000335703426 
95.0 71.00030518492142 
95.0 69.00027466641681 
95.0 69.00027466641681 
95.0 69.00027466641681 
95.0 69.00027466641681 
95.0 70.00028992566911 
95.0 71.00030518492142 
95.0 72.00032044417371 
95.0 73.000335703426 
95.0 73.000335703426 
95.0 74.0003509626783 
95.0 73.000335703426 
95.0 74.0003509626783 
95.0 73.000335703426 
95.0 73.000335703426 
95.0 74.0003509626783 
95.0 74.0003509626783 
95.0 75.00036622193059 
95.0 75.00036622193059 
95.0 73.000335703426 
95.0 72.00032044417371 
95.0 71.00030518492142 
95.0 71.00030518492142 
95.0 70.00028992566911 
95.0 71.00030518492142 
95.0 73.000335703426 
95.0 76.0003814811829 
95.0 76.0003814811829 
95.0 78.00041199968749 
95.0 78.00041199968749 
95.0 79.00042725893978 
95.0 79.00042725893978 
95.0 78.00041199968749 
95.0 77.00039674043519 
95.0 77.00039674043519 
95.0 77.00039674043519 
95.0 77.00039674043519 
95.0 78.00041199968749 
95.0 78.00041199968749 
95.0 78.00041199968749 
95.0 78.00041199968749 
95.0 78.00041199968749 
95.0 79.00042725893978 
95.0 79.00042725893978 
95.0 78.00041199968749 
95.0 77.00039674043519 
95.0 76.0003814811829 
95.0 75.00036622193059 
95.0 74.0003509626783 
95.0 74.0003509626783 
95.0 74.0003509626783 
95.0 74.0003509626783 
95.0 76.0003814811829 
95.0 76.0003814811829 
95.0 77.00039674043519 
95.0 78.00041199968749 
95.0 77.00039674043519 
95.0 77.00039674043519 
95.0 77.00039674043519 
95.0 78.00041199968749 
95.0 78.00041199968749 
95.0 78.00041199968749 
95.0 77.00039674043519 
95.0 77.00039674043519 
95.0 76.0003814811829 
95.0 74.0003509626783 
95.0 74.0003509626783 
95.0 73.000335703426 
95.0 73.000335703426 
95.0 73.000335703426 
95.0 74.0003509626783 
95.0 74.0003509626783 
95.0 73.000335703426 
95.0 73.000335703426 
95.0 74.0003509626783 
95.0 74.0003509626783 
95.0 73.000335703426 
95.0 74.0003509626783 
95.0 72.00032044417371 
95.0 71.00030518492142 
95.0 70.00028992566911 
95.0 71.00030518492142 
95.0 71.00030518492142 
95.0 73.000335703426 
95.0 74.0003509626783 
95.0 75.00036622193059 
95.0 74.0003509626783 
95.0 73.000335703426 
95.0 72.00032044417371 
95.0 72.00032044417371 
95.0 73.000335703426 
95.0 73.000335703426 
95.0 74.0003509626783 
95.0 75.00036622193059 
95.0 75.00036622193059 
95.0 74.0003509626783 
95.0 74.0003509626783 
95.0 74.0003509626783 
95.0 74.0003509626783 
95.0 75.00036622193059 
95.0 77.00039674043519 
95.0 79.00042725893978 
95.0 79.00042725893978 
95.0 81.00045777744438 
95.0 80.00044251819207 
95.0 80.00044251819207 
95.0 79.00042725893978 
95.0 79.00042725893978 
95.0 78.00041199968749 
95.0 78.00041199968749 
95.0 79.00042725893978 
95.0 78.00041199968749 
95.0 79.00042725893978 
95.0 79.00042725893978 
95.0 80.00044251819207 
95.0 80.00044251819207 
95.99993896298105 80.00044251819207 
95.99993896298105 80.00044251819207 
95.99993896298105 80.00044251819207 
95.99993896298105 80.00044251819207 
95.0 79.00042725893978 
95.0 79.00042725893978 
95.0 79.00042725893978 
95.0 79.00042725893978 
95.0 80.00044251819207 
95.0 81.00045777744438 
95.99993896298105 79.00042725893978 
95.0 79.00042725893978 
95.0 78.00041199968749 
95.0 77.00039674043519 
95.0 76.0003814811829 
95.0 76.0003814811829 
95.0 77.00039674043519 
95.0 78.00041199968749 
95.0 78.00041199968749 
95.0 78.00041199968749 
95.0 78.00041199968749 
95.0 78.00041199968749 
95.0 78.00041199968749 
95.0 78.00041199968749 
95.0 79.00042725893978 
95.0 78.00041199968749 
95.0 78.00041199968749 
95.0 78.00041199968749 
95.0 76.0003814811829 
95.0 76.0003814811829 
95.0 76.0003814811829 
95.0 76.0003814811829 
95.0 75.00036622193059 
95.0 75.00036622193059 
95.0 75.00036622193059 
95.0 75.00036622193059 
95.0 75.00036622193059 
95.0 76.0003814811829 
95.0 78.00041199968749 
95.0 78.00041199968749 
95.0 79.00042725893978 
95.0 78.00041199968749 
95.0 79.00042725893978 
95.0 78.00041199968749 
95.0 77.00039674043519 
95.0 77.00039674043519 
95.0 77.00039674043519 
95.0 77.00039674043519 
95.0 78.00041199968749 
95.0 78.00041199968749 
95.0 78.00041199968749 
95.0 78.00041199968749 
95.0 78.00041199968749 
95.0 78.00041199968749 
95.0 78.00041199968749 
95.0 78.00041199968749 
95.0 78.00041199968749 
95.0 78.00041199968749 
95.0 78.00041199968749 
95.0 78.00041199968749 
95.0 79.00042725893978 
95.0 79.00042725893978 
95.99993896298105 79.00042725893978 
95.99993896298105 77.00039674043519 
95.99993896298105 77.00039674043519 
95.99993896298105 76.0003814811829 
95.99993896298105 81.00045777744438 
95.99993896298105 83.00048829594897 
95.99993896298105 87.00054933295816 
95.99993896298105 87.00054933295816 
95.99993896298105 92.9998626664803 
96.99995422223579 90.99983214797571 
96.99995422223579 89.9998168887234 
96.99995422223579 87.99978637021881 
96.99995422223579 87.99978637021881 
96.99995422223579 87.99978637021881 
96.99995422223579 88.99980162947111 
96.99995422223579 88.99980162947111 
96.99995422223579 88.99980162947111 
96.99995422223579 87.99978637021881 
96.99995422223579 87.99978637021881 
96.99995422223579 88.99980162947111 
95.99993896298105 89.9998168887234 
95.99993896298105 90.99983214797571 
95.99993896298105 90.99983214797571 
95.99993896298105 89.9998168887234 
95.99993896298105 89.9998168887234 
95.99993896298105 89.9998168887234 
95.99993896298105 89.9998168887234 
95.99993896298105 90.99983214797571 
95.99993896298105 90.99983214797571 
95.99993896298105 90.99983214797571 
95.99993896298105 90.99983214797571 
95.99993896298105 92.9998626664803 
95.99993896298105 93.99987792573259 
95.99993896298105 91.999847407228 
95.99993896298105 88.99980162947111 
95.99993896298105 88.99980162947111 
95.99993896298105 87.00054933295816 
95.99993896298105 86.00053407370585 
95.99993896298105 86.00053407370585 
96.99995422223579 83.00048829594897 
96.99995422223579 83.00048829594897 
96.99995422223579 82.00047303669668 
96.99995422223579 82.00047303669668 
96.99995422223579 83.00048829594897 
96.99995422223579 83.00048829594897 
96.99995422223579 83.00048829594897 
96.99995422223579 84.00050355520126 
96.99995422223579 84.00050355520126 
95.99993896298105 85.00051881445356 
95.99993896298105 85.00051881445356 
95.99993896298105 87.99978637021881 
95.99993896298105 87.99978637021881 
95.99993896298105 87.99978637021881 
95.99993896298105 87.99978637021881 
95.99993896298105 87.99978637021881 
95.99993896298105 87.99978637021881 
95.99993896298105 87.99978637021881 
95.99993896298105 87.99978637021881 
95.99993896298105 87.99978637021881 
95.99993896298105 87.99978637021881 
95.99993896298105 87.99978637021881 
95.99993896298105 87.99978637021881 
95.99993896298105 87.99978637021881 
95.99993896298105 87.99978637021881 
95.99993896298105 87.99978637021881 
95.99993896298105 87.00054933295816 
95.99993896298105 87.00054933295816 
95.0 86.00053407370585 
95.99993896298105 86.00053407370585 
95.99993896298105 86.00053407370585 
95.99993896298105 86.00053407370585 
95.99993896298105 86.00053407370585 
95.99993896298105 86.00053407370585 
95.99993896298105 85.00051881445356 
95.99993896298105 84.00050355520126 
95.99993896298105 83.00048829594897 
95.99993896298105 83.00048829594897 
95.99993896298105 83.00048829594897 
95.99993896298105 84.00050355520126 
95.99993896298105 84.00050355520126 
95.99993896298105 85.00051881445356 
95.99993896298105 85.00051881445356 
95.99993896298105 84.00050355520126 
95.99993896298105 84.00050355520126 
95.99993896298105 82.00047303669668 
95.99993896298105 82.00047303669668 
95.99993896298105 83.00048829594897 
96.99995422223579 82.00047303669668 
96.99995422223579 82.00047303669668 
96.99995422223579 81.00045777744438 
96.99995422223579 81.00045777744438 
96.99995422223579 81.00045777744438 
95.99993896298105 82.00047303669668 
95.99993896298105 82.00047303669668 
95.99993896298105 81.00045777744438 
95.99993896298105 80.00044251819207 
96.99995422223579 79.00042725893978 
96.99995422223579 79.00042725893978 
96.99995422223579 80.00044251819207 
96.99995422223579 80.00044251819207 
95.99993896298105 81.00045777744438 
95.99993896298105 82.00047303669668 
95.99993896298105 82.00047303669668 
95.99993896298105 83.00048829594897 
95.99993896298105 82.00047303669668 
95.99993896298105 82.00047303669668 
95.99993896298105 83.00048829594897 
95.99993896298105 85.00051881445356 
96.99995422223579 85.00051881445356 
96.99995422223579 85.00051881445356 
96.99995422223579 83.00048829594897 
96.99995422223579 81.00045777744438 
96.99995422223579 77.00039674043519 
95.99993896298105 77.00039674043519 
95.99993896298105 77.00039674043519 
95.99993896298105 77.00039674043519 
95.99993896298105 75.00036622193059 
95.99993896298105 75.00036622193059 
95.99993896298105 75.00036622193059 
95.99993896298105 75.00036622193059 
95.99993896298105 75.00036622193059 
95.99993896298105 76.0003814811829 
95.99993896298105 77.00039674043519 
95.99993896298105 77.00039674043519 
95.99993896298105 77.00039674043519 
95.99993896298105 78.00041199968749 
96.99995422223579 79.00042725893978 
96.99995422223579 83.00048829594897 
97.99996948149052 83.00048829594897 
96.99995422223579 84.00050355520126 
96.99995422223579 86.00053407370585 
96.99995422223579 86.00053407370585 
96.99995422223579 86.00053407370585 
96.99995422223579 85.00051881445356 
96.99995422223579 84.00050355520126 
96.99995422223579 84.00050355520126 
96.99995422223579 83.00048829594897 
96.99995422223579 82.00047303669668 
96.99995422223579 81.00045777744438 
96.99995422223579 81.00045777744438 
96.99995422223579 81.00045777744438 
96.99995422223579 81.00045777744438 
96.99995422223579 81.00045777744438 
95.99993896298105 81.00045777744438 
95.99993896298105 81.00045777744438 
95.99993896298105 80.00044251819207 
95.99993896298105 80.00044251819207 
96.99995422223579 80.00044251819207 
96.99995422223579 79.00042725893978 
96.99995422223579 79.00042725893978 
96.99995422223579 79.00042725893978 
96.99995422223579 80.00044251819207 
96.99995422223579 80.00044251819207 
96.99995422223579 80.00044251819207 
96.99995422223579 80.00044251819207 
96.99995422223579 80.00044251819207 
96.99995422223579 80.00044251819207 
96.99995422223579 80.00044251819207 
96.99995422223579 79.00042725893978 
95.99993896298105 79.00042725893978 
95.99993896298105 76.0003814811829 
95.99993896298105 76.0003814811829 
95.99993896298105 75.00036622193059 
95.99993896298105 75.00036622193059 
95.99993896298105 77.00039674043519 
96.99995422223579 80.00044251819207 
96.99995422223579 80.00044251819207 
97.99996948149052 81.00045777744438 
97.99996948149052 79.00042725893978 
97.99996948149052 78.00041199968749 
96.99995422223579 76.0003814811829 
96.99995422223579 76.0003814811829 
96.99995422223579 77.00039674043519 
96.99995422223579 77.00039674043519 
96.99995422223579 77.00039674043519 
96.99995422223579 81.00045777744438 
96.99995422223579 81.00045777744438 
96.99995422223579 81.00045777744438 
96.99995422223579 82.00047303669668 
96.99995422223579 82.00047303669668 
96.99995422223579 82.00047303669668 
96.99995422223579 83.00048829594897 
96.99995422223579 84.00050355520126 
96.99995422223579 84.00050355520126 
96.99995422223579 84.00050355520126 
96.99995422223579 84.00050355520126 
96.99995422223579 83.00048829594897 
96.99995422223579 82.00047303669668 
96.99995422223579 82.00047303669668 
96.99995422223579 82.00047303669668 
96.99995422223579 82.00047303669668 
96.99995422223579 82.00047303669668 
96.99995422223579 81.00045777744438 
96.99995422223579 81.00045777744438 
96.99995422223579 81.00045777744438 
96.99995422223579 81.00045777744438 
96.99995422223579 81.00045777744438 
96.99995422223579 80.00044251819207 
96.99995422223579 80.00044251819207 
96.99995422223579 80.00044251819207 
96.99995422223579 80.00044251819207 
96.99995422223579 81.00045777744438 
96.99995422223579 81.00045777744438 
96.99995422223579 81.00045777744438 
96.99995422223579 81.00045777744438 
96.99995422223579 82.00047303669668 
96.99995422223579 82.00047303669668 
96.99995422223579 82.00047303669668 
97.99996948149052 83.00048829594897 
96.99995422223579 82.00047303669668 
96.99995422223579 82.00047303669668 
96.99995422223579 82.00047303669668 
95.99993896298105 81.00045777744438 
95.99993896298105 80.00044251819207 
96.99995422223579 80.00044251819207 
96.99995422223579 80.00044251819207 
96.99995422223579 79.00042725893978 
96.99995422223579 78.00041199968749 
96.99995422223579 81.00045777744438 
96.99995422223579 83.00048829594897 
95.99993896298105 86.00053407370585 
96.99995422223579 86.00053407370585 
96.99995422223579 85.00051881445356 
95.99993896298105 84.00050355520126 
95.99993896298105 83.00048829594897 
95.99993896298105 83.00048829594897 
95.99993896298105 83.00048829594897 
95.99993896298105 83.00048829594897 
96.99995422223579 82.00047303669668 
96.99995422223579 82.00047303669668 
97.99996948149052 82.00047303669668 
97.99996948149052 82.00047303669668 
97.99996948149052 82.00047303669668 
97.99996948149052 81.00045777744438 
96.99995422223579 81.00045777744438 
96.99995422223579 80.00044251819207 
96.99995422223579 80.00044251819207 
96.99995422223579 81.00045777744438 
96.99995422223579 81.00045777744438 
96.99995422223579 81.00045777744438 
96.99995422223579 83.00048829594897 
97.99996948149052 84.00050355520126 
97.99996948149052 87.99978637021881 
97.99996948149052 87.99978637021881 
97.99996948149052 87.99978637021881 
96.99995422223579 87.99978637021881 
96.99995422223579 87.00054933295816 
96.99995422223579 87.99978637021881 
96.99995422223579 87.99978637021881 
96.99995422223579 87.99978637021881 
96.99995422223579 87.99978637021881 
96.99995422223579 87.99978637021881 
96.99995422223579 87.99978637021881 
96.99995422223579 87.99978637021881 
96.99995422223579 88.99980162947111 
96.99995422223579 88.99980162947111 
95.99993896298105 89.9998168887234 
95.99993896298105 89.9998168887234 
95.99993896298105 89.9998168887234 
95.99993896298105 86.00053407370585 
95.99993896298105 82.00047303669668 
95.99993896298105 78.00041199968749 
95.99993896298105 77.00039674043519 
95.99993896298105 78.00041199968749 
95.99993896298105 80.00044251819207 
95.99993896298105 80.00044251819207 
95.99993896298105 81.00045777744438 
96.99995422223579 82.00047303669668 
96.99995422223579 84.00050355520126 
96.99995422223579 82.00047303669668 
96.99995422223579 80.00044251819207 
96.99995422223579 78.00041199968749 
96.99995422223579 76.0003814811829 
96.99995422223579 76.0003814811829 
96.99995422223579 78.00041199968749 
95.99993896298105 78.00041199968749 
95.99993896298105 80.00044251819207 
95.99993896298105 80.00044251819207 
95.99993896298105 80.00044251819207 
95.99993896298105 81.00045777744438 
95.99993896298105 79.00042725893978 
96.99995422223579 78.00041199968749 
96.99995422223579 77.00039674043519 
96.99995422223579 77.00039674043519 
96.99995422223579 78.00041199968749 
96.99995422223579 79.00042725893978 
96.99995422223579 82.00047303669668 
96.99995422223579 82.00047303669668 
96.99995422223579 83.00048829594897 
96.99995422223579 83.00048829594897 
96.99995422223579 84.00050355520126 
96.99995422223579 84.00050355520126 
96.99995422223579 84.00050355520126 
97.99996948149052 85.00051881445356 
97.99996948149052 85.00051881445356 
97.99996948149052 85.00051881445356 
97.99996948149052 85.00051881445356 
96.99995422223579 82.00047303669668 
96.99995422223579 79.00042725893978 
96.99995422223579 76.0003814811829 
96.99995422223579 75.00036622193059 
97.99996948149052 77.00039674043519 
96.99995422223579 78.00041199968749 
96.99995422223579 78.00041199968749 
96.99995422223579 79.00042725893978 
96.99995422223579 80.00044251819207 
96.99995422223579 80.00044251819207 
96.99995422223579 81.00045777744438 
96.99995422223579 80.00044251819207 
96.99995422223579 80.00044251819207 
96.99995422223579 82.00047303669668 
96.99995422223579 82.00047303669668 
96.99995422223579 86.00053407370585 
96.99995422223579 86.00053407370585 
96.99995422223579 87.00054933295816 
96.99995422223579 85.00051881445356 
96.99995422223579 81.00045777744438 
96.99995422223579 78.00041199968749 
96.99995422223579 77.00039674043519 
95.99993896298105 76.0003814811829 
95.99993896298105 76.0003814811829 
95.99993896298105 77.00039674043519 
95.99993896298105 77.00039674043519 
96.99995422223579 79.00042725893978 
96.99995422223579 79.00042725893978 
96.99995422223579 81.00045777744438 
96.99995422223579 81.00045777744438 
96.99995422223579 81.00045777744438 
96.99995422223579 81.00045777744438 
96.99995422223579 81.00045777744438 
96.99995422223579 81.00045777744438 
96.99995422223579 82.00047303669668 
97.99996948149052 83.00048829594897 
96.99995422223579 81.00045777744438 
96.99995422223579 81.00045777744438 
96.99995422223579 81.00045777744438 
96.99995422223579 80.00044251819207 
96.99995422223579 78.00041199968749 
96.99995422223579 77.00039674043519 
96.99995422223579 77.00039674043519 
96.99995422223579 79.00042725893978 
96.99995422223579 80.00044251819207 
96.99995422223579 83.00048829594897 
96.99995422223579 83.00048829594897 
96.99995422223579 83.00048829594897 
96.99995422223579 81.00045777744438 
96.99995422223579 81.00045777744438 
96.99995422223579 81.00045777744438 
96.99995422223579 81.00045777744438 
96.99995422223579 80.00044251819207 
96.99995422223579 81.00045777744438 
96.99995422223579 81.00045777744438 
96.99995422223579 82.00047303669668 
96.99995422223579 83.00048829594897 
96.99995422223579 82.00047303669668 
96.99995422223579 80.00044251819207 
96.99995422223579 78.00041199968749 
95.99993896298105 77.00039674043519 
95.99993896298105 77.00039674043519 
95.99993896298105 77.00039674043519 
95.99993896298105 77.00039674043519 
95.99993896298105 77.00039674043519 
95.99993896298105 75.00036622193059 
95.99993896298105 75.00036622193059 
95.99993896298105 76.0003814811829 
95.99993896298105 79.00042725893978 
95.99993896298105 79.00042725893978 
95.99993896298105 81.00045777744438 
96.99995422223579 81.00045777744438 
96.99995422223579 84.00050355520126 
96.99995422223579 84.00050355520126 
96.99995422223579 84.00050355520126 
96.99995422223579 83.00048829594897 
96.99995422223579 83.00048829594897 
96.99995422223579 84.00050355520126 
96.99995422223579 83.00048829594897 
96.99995422223579 83.00048829594897 
96.99995422223579 83.00048829594897 
96.99995422223579 83.00048829594897 
96.99995422223579 83.00048829594897 
96.99995422223579 83.00048829594897 
96.99995422223579 83.00048829594897 
96.99995422223579 83.00048829594897 
96.99995422223579 83.00048829594897 
96.99995422223579 81.00045777744438 
96.99995422223579 80.00044251819207 
97.99996948149052 79.00042725893978 
97.99996948149052 78.00041199968749 
97.99996948149052 77.00039674043519 
97.99996948149052 77.00039674043519 
96.99995422223579 78.00041199968749 
96.99995422223579 78.00041199968749 
96.99995422223579 78.00041199968749 
96.99995422223579 78.00041199968749 
96.99995422223579 78.00041199968749 
96.99995422223579 79.00042725893978 
95.99993896298105 79.00042725893978 
95.99993896298105 79.00042725893978 
95.99993896298105 79.00042725893978 
95.99993896298105 79.00042725893978 
95.99993896298105 79.00042725893978 
97.99996948149052 85.00051881445356 
97.99996948149052 85.00051881445356 
97.99996948149052 85.00051881445356 
97.99996948149052 85.00051881445356 
97.99996948149052 85.00051881445356 
97.99996948149052 85.00051881445356 
97.99996948149052 85.00051881445356 
97.99996948149052 83.00048829594897 
97.99996948149052 82.00047303669668 
96.99995422223579 75.00036622193059 
96.99995422223579 74.0003509626783 
96.99995422223579 73.000335703426 
95.99993896298105 73.000335703426 
95.99993896298105 72.00032044417371 
95.99993896298105 72.00032044417371 
95.99993896298105 73.000335703426 
95.99993896298105 72.00032044417371 
95.99993896298105 72.00032044417371 
95.99993896298105 73.000335703426 
95.99993896298105 73.000335703426 
95.99993896298105 72.00032044417371 
95.99993896298105 71.00030518492142 
95.99993896298105 69.00027466641681 
95.99993896298105 68.00025940716452 
95.99993896298105 67.00024414791223 
95.99993896298105 67.00024414791223 
95.99993896298105 67.00024414791223 
95.99993896298105 68.00025940716452 
95.99993896298105 67.00024414791223 
95.99993896298105 68.00025940716452 
95.99993896298105 68.00025940716452 
95.99993896298105 70.00028992566911 
95.99993896298105 70.00028992566911 
95.99993896298105 70.00028992566911 
95.99993896298105 68.00025940716452 
95.99993896298105 68.00025940716452 
95.99993896298105 67.00024414791223 
95.99993896298105 66.00022888865993 
95.99993896298105 66.00022888865993 
95.99993896298105 67.00024414791223 
95.99993896298105 67.00024414791223 
95.99993896298105 67.00024414791223 
95.99993896298105 67.00024414791223 
95.99993896298105 68.00025940716452 
95.99993896298105 68.00025940716452 
95.99993896298105 68.00025940716452 
95.99993896298105 67.00024414791223 
95.0 65.00021362940763 
95.0 65.00021362940763 
95.0 65.00021362940763 
95.0 66.00022888865993 
95.0 66.00022888865993 
95.0 67.00024414791223 
95.0 68.00025940716452 
95.0 68.00025940716452 
95.0 67.00024414791223 
95.0 66.00022888865993 
95.0 65.00021362940763 
95.0 65.00021362940763 
95.0 65.00021362940763 
95.0 67.00024414791223 
95.0 66.00022888865993 
95.0 68.00025940716452 
95.0 66.00022888865993 
95.0 67.00024414791223 
95.0 65.00021362940763 
95.0 65.00021362940763 
95.0 65.00021362940763 
95.0 66.00022888865993 
95.0 66.00022888865993 
95.0 66.00022888865993 
95.0 66.00022888865993 
95.0 66.00022888865993 
95.0 67.00024414791223 
95.0 67.00024414791223 
95.0 67.00024414791223 
95.0 67.00024414791223 
95.0 68.00025940716452 
95.0 69.00027466641681 
95.0 69.00027466641681 
95.0 70.00028992566911 
95.0 70.00028992566911 
95.0 70.00028992566911 
95.0 70.00028992566911 
95.0 70.00028992566911 
95.0 71.00030518492142 
95.0 70.00028992566911 
95.0 70.00028992566911 
95.0 70.00028992566911 
95.0 71.00030518492142 
95.0 72.00032044417371 
95.0 71.00030518492142 
95.0 72.00032044417371 
95.0 68.00025940716452 
95.0 66.00022888865993 
95.0 65.00021362940763 
95.0 67.00024414791223 
95.0 66.00022888865993 
95.0 67.00024414791223 
95.0 66.00022888865993 
95.0 67.00024414791223 
95.0 66.00022888865993 
95.0 67.00024414791223 
95.0 68.00025940716452 
95.0 68.00025940716452 
95.0 68.00025940716452 
95.0 67.00024414791223 
95.0 67.00024414791223 
95.0 67.00024414791223 
95.0 67.00024414791223 
95.0 68.00025940716452 
95.0 68.00025940716452 
95.0 69.00027466641681 
95.0 69.00027466641681 
95.0 69.00027466641681 
95.0 68.00025940716452 
95.0 69.00027466641681 
95.0 69.00027466641681 
95.0 69.00027466641681 
95.0 70.00028992566911 
95.0 70.00028992566911 
95.0 70.00028992566911 
95.0 70.00028992566911 
95.0 70.00028992566911 
95.0 71.00030518492142 
95.0 71.00030518492142 
95.0 72.00032044417371 
95.0 73.000335703426 
95.0 74.0003509626783 
95.0 73.000335703426 
95.0 72.00032044417371 
95.0 72.00032044417371 
95.0 72.00032044417371 
95.0 72.00032044417371 
95.0 73.000335703426 
95.0 75.00036622193059 
95.0 75.00036622193059 
95.0 75.00036622193059 
94.00006103701895 74.0003509626783 
94.00006103701895 75.00036622193059 
93.00004577776421 77.00039674043519 
93.00004577776421 77.00039674043519 
93.00004577776421 78.00041199968749 
94.00006103701895 78.00041199968749 
94.00006103701895 78.00041199968749 
94.00006103701895 78.00041199968749 
95.0 78.00041199968749 
95.0 80.00044251819207 
95.0 80.00044251819207 
95.99993896298105 81.00045777744438 
95.99993896298105 79.00042725893978 
95.99993896298105 78.00041199968749 
95.99993896298105 74.0003509626783 
95.99993896298105 73.000335703426 
95.99993896298105 73.000335703426 
95.99993896298105 73.000335703426 
95.99993896298105 73.000335703426 
95.99993896298105 74.0003509626783 
95.99993896298105 77.00039674043519 
95.99993896298105 77.00039674043519 
95.99993896298105 77.00039674043519 
95.99993896298105 75.00036622193059 
95.99993896298105 73.000335703426 
95.99993896298105 72.00032044417371 
95.99993896298105 71.00030518492142 
95.99993896298105 70.00028992566911 
95.99993896298105 70.00028992566911 
95.99993896298105 69.00027466641681 
95.99993896298105 69.00027466641681 
95.99993896298105 70.00028992566911 
95.99993896298105 72.00032044417371 
95.99993896298105 72.00032044417371 
95.99993896298105 71.00030518492142 
95.99993896298105 71.00030518492142 
95.99993896298105 71.00030518492142 
95.99993896298105 71.00030518492142 
95.99993896298105 71.00030518492142 
95.99993896298105 70.00028992566911 
95.0 71.00030518492142 
95.99993896298105 70.00028992566911 
95.99993896298105 70.00028992566911 
95.99993896298105 69.00027466641681 
95.99993896298105 69.00027466641681 
95.99993896298105 69.00027466641681 
95.99993896298105 69.00027466641681 
95.99993896298105 69.00027466641681 
95.99993896298105 68.00025940716452 
95.99993896298105 68.00025940716452 
95.99993896298105 68.00025940716452 
95.99993896298105 68.00025940716452 
95.99993896298105 69.00027466641681 
95.99993896298105 68.00025940716452 
95.99993896298105 69.00027466641681 
95.99993896298105 69.00027466641681 
95.99993896298105 69.00027466641681 
95.99993896298105 69.00027466641681 
95.99993896298105 69.00027466641681 
95.99993896298105 68.00025940716452 
95.99993896298105 69.00027466641681 
95.99993896298105 69.00027466641681 
95.99993896298105 69.00027466641681 
95.99993896298105 69.00027466641681 
95.99993896298105 69.00027466641681 
95.99993896298105 69.00027466641681 
95.99993896298105 70.00028992566911 
95.99993896298105 70.00028992566911 
95.99993896298105 71.00030518492142 
95.99993896298105 72.00032044417371 
95.99993896298105 72.00032044417371 
95.0 71.00030518492142 
95.0 71.00030518492142 
95.0 72.00032044417371 
95.0 72.00032044417371 
95.0 72.00032044417371 
95.0 72.00032044417371 
95.0 71.00030518492142 
95.0 70.00028992566911 
95.0 69.00027466641681 
95.0 69.00027466641681 
95.0 69.00027466641681 
95.0 70.00028992566911 
95.0 70.00028992566911 
95.0 72.00032044417371 
95.0 72.00032044417371 
95.0 72.00032044417371 
95.0 70.00028992566911 
95.0 70.00028992566911 
95.0 69.00027466641681 
95.0 69.00027466641681 
95.0 68.00025940716452 
95.0 68.00025940716452 
95.0 69.00027466641681 
95.0 69.00027466641681 
95.0 69.00027466641681 
95.0 70.00028992566911 
95.0 69.00027466641681 
95.99993896298105 69.00027466641681 
95.99993896298105 69.00027466641681 
95.99993896298105 69.00027466641681 
95.99993896298105 69.00027466641681 
95.99993896298105 69.00027466641681 
95.99993896298105 69.00027466641681 
95.99993896298105 68.00025940716452 
95.99993896298105 67.00024414791223 
95.99993896298105 67.00024414791223 
95.99993896298105 67.00024414791223 
95.99993896298105 66.00022888865993 
95.0 68.00025940716452 
95.0 70.00028992566911 
95.0 70.00028992566911 
95.0 70.00028992566911 
95.0 71.00030518492142 
95.0 70.00028992566911 
95.0 70.00028992566911 
95.0 70.00028992566911 
95.0 70.00028992566911 
95.0 71.00030518492142 
95.0 72.00032044417371 
95.0 72.00032044417371 
95.99993896298105 72.00032044417371 
95.99993896298105 72.00032044417371 
95.99993896298105 71.00030518492142 
95.99993896298105 70.00028992566911 
95.99993896298105 70.00028992566911 
95.99993896298105 70.00028992566911 
95.99993896298105 72.00032044417371 
95.99993896298105 72.00032044417371 
95.99993896298105 72.00032044417371 
95.99993896298105 73.000335703426 
95.99993896298105 74.0003509626783 
95.0 74.0003509626783 
95.0 74.0003509626783 
95.0 74.0003509626783 
95.99993896298105 75.00036622193059 
95.99993896298105 75.00036622193059 
95.99993896298105 75.00036622193059 
95.99993896298105 76.0003814811829 
95.99993896298105 76.0003814811829 
95.99993896298105 76.0003814811829 
95.99993896298105 72.00032044417371 
95.99993896298105 70.00028992566911 
95.99993896298105 68.00025940716452 
95.99993896298105 67.00024414791223 
95.99993896298105 67.00024414791223 
95.99993896298105 66.00022888865993 
95.99993896298105 67.00024414791223 
95.99993896298105 67.00024414791223 
95.99993896298105 67.00024414791223 
95.99993896298105 67.00024414791223 
95.99993896298105 67.00024414791223 
95.0 67.00024414791223 
95.0 67.00024414791223 
95.0 67.00024414791223 
95.0 66.00022888865993 
95.0 66.00022888865993 
95.0 65.00021362940763 
95.0 64.00019837015533 
95.0 63.00018311090304 
95.0 63.00018311090304 
95.0 63.00018311090304 
95.0 63.00018311090304 
95.0 78.00041199968749 
95.0 78.00041199968749 
95.0 81.00045777744438 
95.99993896298105 89.9998168887234 
95.99993896298105 89.9998168887234 
95.99993896298105 89.9998168887234 
95.99993896298105 89.9998168887234 
95.99993896298105 89.9998168887234 
95.99993896298105 89.9998168887234 
95.99993896298105 89.9998168887234 
95.99993896298105 89.9998168887234 
95.99993896298105 91.999847407228 
95.99993896298105 91.999847407228 
95.99993896298105 91.999847407228 
95.99993896298105 91.999847407228 
95.99993896298105 93.99987792573259 
95.99993896298105 93.99987792573259 
95.99993896298105 93.99987792573259 
95.99993896298105 93.99987792573259 
95.99993896298105 93.99987792573259 
95.99993896298105 92.9998626664803 
95.99993896298105 92.9998626664803 
95.99993896298105 91.999847407228 
95.99993896298105 87.00054933295816 
95.99993896298105 84.00050355520126 
95.99993896298105 84.00050355520126 
95.99993896298105 84.00050355520126 
95.99993896298105 84.00050355520126 
96.99995422223579 84.00050355520126 
96.99995422223579 84.00050355520126 
96.99995422223579 84.00050355520126 
96.99995422223579 84.00050355520126 
96.99995422223579 84.00050355520126 
96.99995422223579 84.00050355520126 
95.99993896298105 83.00048829594897 
95.99993896298105 83.00048829594897 
95.99993896298105 84.00050355520126 
95.99993896298105 85.00051881445356 
95.99993896298105 84.00050355520126 
97.99996948149052 83.00048829594897 
96.99995422223579 84.00050355520126 
96.99995422223579 83.00048829594897 
96.99995422223579 83.00048829594897 
96.99995422223579 79.00042725893978 
96.99995422223579 78.00041199968749 
96.99995422223579 77.00039674043519 
95.99993896298105 78.00041199968749 
95.99993896298105 77.00039674043519 
95.99993896298105 78.00041199968749 
96.99995422223579 79.00042725893978 
95.99993896298105 79.00042725893978 
95.99993896298105 79.00042725893978 
95.99993896298105 79.00042725893978 
95.99993896298105 79.00042725893978 
95.99993896298105 78.00041199968749 
95.99993896298105 77.00039674043519 
95.99993896298105 76.0003814811829 
95.99993896298105 76.0003814811829 
95.99993896298105 75.00036622193059 
95.99993896298105 75.00036622193059 
95.99993896298105 75.00036622193059 
95.0 74.0003509626783 
95.0 73.000335703426 
95.0 72.00032044417371 
95.0 71.00030518492142 
95.0 69.00027466641681 
95.0 68.00025940716452 
95.0 67.00024414791223 
95.0 67.00024414791223 
95.0 67.00024414791223 
95.0 67.00024414791223 
95.0 68.00025940716452 
95.0 68.00025940716452 
95.0 70.00028992566911 
95.0 70.00028992566911 
95.0 70.00028992566911 
95.0 70.00028992566911 
95.0 70.00028992566911 
95.0 70.00028992566911 
95.0 70.00028992566911 
95.0 70.00028992566911 
95.0 70.00028992566911 
95.0 70.00028992566911 
95.0 70.00028992566911 
95.0 70.00028992566911 
95.0 70.00028992566911 
95.0 72.00032044417371 
95.0 73.000335703426 
95.99993896298105 77.00039674043519 
95.99993896298105 79.00042725893978 
95.99993896298105 78.00041199968749 
95.99993896298105 78.00041199968749 
95.99993896298105 77.00039674043519 
95.99993896298105 76.0003814811829 
95.99993896298105 76.0003814811829 
95.99993896298105 76.0003814811829 
95.99993896298105 75.00036622193059 
95.99993896298105 75.00036622193059 
95.99993896298105 73.000335703426 
95.0 73.000335703426 
95.0 72.00032044417371 
95.0 71.00030518492142 
95.0 69.00027466641681 
95.0 68.00025940716452 
95.99993896298105 67.00024414791223 
95.0 67.00024414791223 
95.0 67.00024414791223 
95.0 67.00024414791223 
95.0 67.00024414791223 
95.99993896298105 68.00025940716452 
95.99993896298105 69.00027466641681 
95.99993896298105 70.00028992566911 
95.99993896298105 71.00030518492142 
95.99993896298105 71.00030518492142 
95.99993896298105 71.00030518492142 
95.99993896298105 69.00027466641681 
95.99993896298105 69.00027466641681 
95.99993896298105 68.00025940716452 
95.99993896298105 70.00028992566911 
95.99993896298105 69.00027466641681 
95.99993896298105 69.00027466641681 
95.99993896298105 72.00032044417371 
95.99993896298105 72.00032044417371 
95.99993896298105 71.00030518492142 
95.99993896298105 71.00030518492142 
95.99993896298105 71.00030518492142 
95.99993896298105 70.00028992566911 
95.99993896298105 69.00027466641681 
95.99993896298105 68.00025940716452 
95.99993896298105 69.00027466641681 
95.99993896298105 68.00025940716452 
95.99993896298105 68.00025940716452 
95.99993896298105 68.00025940716452 
95.99993896298105 68.00025940716452 
95.99993896298105 68.00025940716452 
95.99993896298105 68.00025940716452 
95.99993896298105 68.00025940716452 
95.99993896298105 68.00025940716452 
95.99993896298105 68.00025940716452 
95.99993896298105 67.00024414791223 
95.99993896298105 66.00022888865993 
95.99993896298105 66.00022888865993 
95.99993896298105 65.00021362940763 
95.99993896298105 65.00021362940763 
95.99993896298105 64.00019837015533 
95.99993896298105 63.00018311090304 
95.99993896298105 63.00018311090304 
95.99993896298105 63.00018311090304 
95.99993896298105 63.00018311090304 
95.99993896298105 64.00019837015533 
95.99993896298105 64.00019837015533 
95.99993896298105 63.00018311090304 
95.0 63.00018311090304 
95.0 63.00018311090304 
95.0 63.00018311090304 
95.0 64.00019837015533 
95.0 64.00019837015533 
95.0 65.00021362940763 
95.0 66.00022888865993 
95.0 67.00024414791223 
95.0 68.00025940716452 
95.0 68.00025940716452 
95.0 66.00022888865993 
95.0 65.00021362940763 
95.0 64.00019837015533 
95.0 65.00021362940763 
95.0 65.00021362940763 
95.0 65.00021362940763 
95.0 66.00022888865993 
95.0 66.00022888865993 
95.0 67.00024414791223 
95.0 67.00024414791223 
95.0 67.00024414791223 
95.99993896298105 66.00022888865993 
95.99993896298105 66.00022888865993 
95.99993896298105 66.00022888865993 
95.99993896298105 66.00022888865993 
95.99993896298105 66.00022888865993 
95.99993896298105 67.00024414791223 
95.99993896298105 67.00024414791223 
95.99993896298105 67.00024414791223 
95.99993896298105 69.00027466641681 
95.99993896298105 69.00027466641681 
95.99993896298105 69.00027466641681 
95.99993896298105 71.00030518492142 
95.99993896298105 72.00032044417371 
95.99993896298105 72.00032044417371 
95.99993896298105 72.00032044417371 
95.99993896298105 72.00032044417371 
95.99993896298105 72.00032044417371 
95.99993896298105 70.00028992566911 
95.99993896298105 69.00027466641681 
95.99993896298105 69.00027466641681 
95.99993896298105 68.00025940716452 
95.99993896298105 68.00025940716452 
95.99993896298105 68.00025940716452 
95.99993896298105 68.00025940716452 
95.99993896298105 67.00024414791223 
95.99993896298105 66.00022888865993 
95.99993896298105 67.00024414791223 
95.99993896298105 67.00024414791223 
95.99993896298105 67.00024414791223 
95.99993896298105 67.00024414791223 
95.99993896298105 67.00024414791223 
95.99993896298105 68.00025940716452 
95.99993896298105 69.00027466641681 
95.99993896298105 70.00028992566911 
95.99993896298105 70.00028992566911 
95.99993896298105 70.00028992566911 
95.99993896298105 70.00028992566911 
95.0 70.00028992566911 
95.0 70.00028992566911 
95.0 71.00030518492142 
95.0 71.00030518492142 
95.0 71.00030518492142 
95.0 73.000335703426 
95.0 74.0003509626783 
95.0 72.00032044417371 
95.0 72.00032044417371 
95.0 73.000335703426 
95.99993896298105 73.000335703426 
95.99993896298105 71.00030518492142 
95.99993896298105 71.00030518492142 
95.99993896298105 72.00032044417371 
95.99993896298105 71.00030518492142 
95.99993896298105 71.00030518492142 
95.99993896298105 72.00032044417371 
95.99993896298105 71.00030518492142 
95.99993896298105 70.00028992566911 
95.99993896298105 69.00027466641681 
95.99993896298105 69.00027466641681 
95.99993896298105 67.00024414791223 
95.99993896298105 67.00024414791223 
95.99993896298105 66.00022888865993 
95.99993896298105 67.00024414791223 
95.99993896298105 66.00022888865993 
95.99993896298105 67.00024414791223 
95.99993896298105 67.00024414791223 
95.99993896298105 68.00025940716452 
95.99993896298105 69.00027466641681 
95.99993896298105 69.00027466641681 
95.0 70.00028992566911 
95.0 70.00028992566911 
95.0 68.00025940716452 
95.0 68.00025940716452 
95.0 68.00025940716452 
95.0 68.00025940716452 
95.0 68.00025940716452 
95.0 69.00027466641681 
95.0 69.00027466641681 
95.0 68.00025940716452 
95.0 67.00024414791223 
95.0 67.00024414791223 
95.0 66.00022888865993 
95.0 65.00021362940763 
95.0 65.00021362940763 
95.0 66.00022888865993 
95.0 65.00021362940763 
95.0 65.00021362940763 
95.99993896298105 66.00022888865993 
95.0 66.00022888865993 
95.0 66.00022888865993 
95.0 66.00022888865993 
95.0 67.00024414791223 
95.0 67.00024414791223 
95.0 66.00022888865993 
95.0 67.00024414791223 
95.0 68.00025940716452 
95.0 67.00024414791223 
95.0 68.00025940716452 
95.0 68.00025940716452 
95.0 67.00024414791223 
95.0 67.00024414791223 
95.0 67.00024414791223 
95.0 68.00025940716452 
95.0 68.00025940716452 
95.0 68.00025940716452 
95.0 69.00027466641681 
95.0 69.00027466641681 
95.0 69.00027466641681 
95.0 69.00027466641681 
95.0 68.00025940716452 
95.0 68.00025940716452 
95.0 68.00025940716452 
95.0 68.00025940716452 
95.0 67.00024414791223 
95.0 67.00024414791223 
95.99993896298105 69.00027466641681 
95.99993896298105 68.00025940716452 
95.99993896298105 69.00027466641681 
95.99993896298105 69.00027466641681 
95.99993896298105 70.00028992566911 
95.0 70.00028992566911 
95.0 70.00028992566911 
95.0 69.00027466641681 
95.0 69.00027466641681 
95.0 70.00028992566911 
95.0 70.00028992566911 
95.0 70.00028992566911 
95.0 71.00030518492142 
95.0 71.00030518492142 
95.0 71.00030518492142 
95.0 71.00030518492142 
95.0 71.00030518492142 
95.0 70.00028992566911 
95.0 71.00030518492142 
95.0 71.00030518492142 
95.0 71.00030518492142 
95.0 71.00030518492142 
95.0 73.000335703426 
95.99993896298105 77.00039674043519 
95.99993896298105 77.00039674043519 
95.99993896298105 76.0003814811829 
95.99993896298105 75.00036622193059 
95.0 74.0003509626783 
95.0 73.000335703426 
95.0 72.00032044417371 
95.0 72.00032044417371 
95.99993896298105 72.00032044417371 
95.99993896298105 72.00032044417371 
95.99993896298105 71.00030518492142 
95.99993896298105 71.00030518492142 
95.99993896298105 72.00032044417371 
95.99993896298105 72.00032044417371 
95.99993896298105 72.00032044417371 
95.99993896298105 72.00032044417371 
95.99993896298105 72.00032044417371 
95.99993896298105 72.00032044417371 
95.99993896298105 72.00032044417371 
95.99993896298105 72.00032044417371 
95.99993896298105 72.00032044417371 
95.99993896298105 73.000335703426 
95.99993896298105 73.000335703426 
95.99993896298105 73.000335703426 
95.99993896298105 74.0003509626783 
95.99993896298105 74.0003509626783 
95.99993896298105 75.00036622193059 
95.99993896298105 76.0003814811829 
95.99993896298105 76.0003814811829 
95.99993896298105 76.0003814811829 
95.99993896298105 75.00036622193059 
95.99993896298105 74.0003509626783 
95.99993896298105 74.0003509626783 
95.99993896298105 73.000335703426 
95.99993896298105 73.000335703426 
95.99993896298105 72.00032044417371 
95.99993896298105 72.00032044417371 
95.99993896298105 73.000335703426 
95.99993896298105 72.00032044417371 
95.99993896298105 72.00032044417371 
95.99993896298105 72.00032044417371 
95.99993896298105 71.00030518492142 
95.99993896298105 70.00028992566911 
95.99993896298105 69.00027466641681 
95.99993896298105 70.00028992566911 
95.99993896298105 69.00027466641681 
95.99993896298105 69.00027466641681 
95.99993896298105 69.00027466641681 
95.99993896298105 69.00027466641681 
96.99995422223579 94.99989318498488 
96.99995422223579 94.99989318498488 
96.99995422223579 98.99995422199407 
97.99996948149052 97.99993896274178 
97.99996948149052 97.99993896274178 
97.99996948149052 97.99993896274178 
97.99996948149052 97.99993896274178 
97.99996948149052 97.99993896274178 
97.99996948149052 96.99992370348949 
97.99996948149052 96.99992370348949 
97.99996948149052 94.99989318498488 
96.99995422223579 93.99987792573259 
96.99995422223579 92.9998626664803 
96.99995422223579 87.00054933295816 
96.99995422223579 84.00050355520126 
96.99995422223579 83.00048829594897 
96.99995422223579 80.00044251819207 
96.99995422223579 79.00042725893978 
96.99995422223579 79.00042725893978 
96.99995422223579 77.00039674043519 
96.99995422223579 74.0003509626783 
96.99995422223579 71.00030518492142 
96.99995422223579 69.00027466641681 
96.99995422223579 68.00025940716452 
95.99993896298105 67.00024414791223 
95.99993896298105 66.00022888865993 
95.99993896298105 66.00022888865993 
95.99993896298105 66.00022888865993 
95.99993896298105 66.00022888865993 
95.99993896298105 66.00022888865993 
95.99993896298105 66.00022888865993 
95.99993896298105 66.00022888865993 
95.0 65.00021362940763 
95.0 65.00021362940763 
95.0 66.00022888865993 
95.0 65.00021362940763 
95.0 65.00021362940763 
95.99993896298105 66.00022888865993 
95.99993896298105 66.00022888865993 
95.99993896298105 67.00024414791223 
95.99993896298105 67.00024414791223 
95.99993896298105 68.00025940716452 
95.99993896298105 68.00025940716452 
95.99993896298105 68.00025940716452 
95.99993896298105 67.00024414791223 
95.99993896298105 68.00025940716452 
95.99993896298105 67.00024414791223 
95.99993896298105 67.00024414791223 
95.99993896298105 67.00024414791223 
95.99993896298105 67.00024414791223 
95.99993896298105 67.00024414791223 
95.99993896298105 68.00025940716452 
95.99993896298105 67.00024414791223 
95.99993896298105 68.00025940716452 
95.99993896298105 66.00022888865993 
95.99993896298105 66.00022888865993 
95.99993896298105 65.00021362940763 
95.99993896298105 63.00018311090304 
95.99993896298105 62.000167851650744 
95.99993896298105 62.000167851650744 
95.99993896298105 62.000167851650744 
95.99993896298105 64.00019837015533 
95.99993896298105 64.00019837015533 
95.99993896298105 64.00019837015533 
95.99993896298105 66.00022888865993 
95.99993896298105 67.00024414791223 
95.99993896298105 67.00024414791223 
95.99993896298105 69.00027466641681 
95.99993896298105 69.00027466641681 
95.99993896298105 69.00027466641681 
95.0 68.00025940716452 
95.0 70.00028992566911 
95.0 68.00025940716452 
95.0 67.00024414791223 
95.0 69.00027466641681 
95.0 73.000335703426 
95.0 75.00036622193059 
95.0 75.00036622193059 
95.0 74.0003509626783 
95.0 74.0003509626783 
95.99993896298105 74.0003509626783 
95.99993896298105 73.000335703426 
95.99993896298105 73.000335703426 
95.99993896298105 73.000335703426 
95.99993896298105 73.000335703426 
95.99993896298105 73.000335703426 
95.99993896298105 73.000335703426 
95.99993896298105 73.000335703426 
95.99993896298105 72.00032044417371 
95.99993896298105 71.00030518492142 
95.99993896298105 69.00027466641681 
95.99993896298105 69.00027466641681 
95.99993896298105 69.00027466641681 
95.99993896298105 70.00028992566911 
95.99993896298105 70.00028992566911 
95.99993896298105 71.00030518492142 
95.99993896298105 71.00030518492142 
95.99993896298105 70.00028992566911 
95.99993896298105 69.00027466641681 
95.99993896298105 69.00027466641681 
95.99993896298105 68.00025940716452 
95.99993896298105 69.00027466641681 
95.99993896298105 70.00028992566911 
95.99993896298105 71.00030518492142 
95.0 71.00030518492142 
95.0 71.00030518492142 
95.0 69.00027466641681 
95.0 68.00025940716452 
95.0 68.00025940716452 
95.0 67.00024414791223 
95.0 67.00024414791223 
95.0 67.00024414791223 
95.99993896298105 67.00024414791223 
95.0 68.00025940716452 
95.99993896298105 68.00025940716452 
95.0 68.00025940716452 
95.0 68.00025940716452 
95.0 68.00025940716452 
95.0 69.00027466641681 
95.0 70.00028992566911 
95.0 70.00028992566911 
95.0 70.00028992566911 
95.99993896298105 70.00028992566911 
95.0 70.00028992566911 
95.99993896298105 70.00028992566911 
95.0 69.00027466641681 
95.99993896298105 70.00028992566911 
95.99993896298105 70.00028992566911 
95.99993896298105 70.00028992566911 
95.0 70.00028992566911 
95.99993896298105 71.00030518492142 
95.99993896298105 71.00030518492142 
95.99993896298105 71.00030518492142 
95.99993896298105 70.00028992566911 
95.99993896298105 69.00027466641681 
95.99993896298105 68.00025940716452 
95.99993896298105 67.00024414791223 
95.99993896298105 67.00024414791223 
95.99993896298105 66.00022888865993 
95.99993896298105 66.00022888865993 
95.99993896298105 66.00022888865993 
95.99993896298105 65.00021362940763 
95.99993896298105 66.00022888865993 
95.99993896298105 66.00022888865993 
95.99993896298105 66.00022888865993 
95.99993896298105 66.00022888865993 
95.99993896298105 67.00024414791223 
95.99993896298105 67.00024414791223 
95.99993896298105 67.00024414791223 
95.99993896298105 67.00024414791223 
95.0 68.00025940716452 
95.0 68.00025940716452 
95.0 68.00025940716452 
95.0 68.00025940716452 
95.0 68.00025940716452 
95.0 67.00024414791223 
95.0 66.00022888865993 
95.99993896298105 67.00024414791223 
95.99993896298105 66.00022888865993 
95.99993896298105 66.00022888865993 
95.99993896298105 65.00021362940763 
95.99993896298105 66.00022888865993 
95.99993896298105 66.00022888865993 
95.99993896298105 66.00022888865993 
95.99993896298105 66.00022888865993 
95.99993896298105 66.00022888865993 
95.99993896298105 67.00024414791223 
95.99993896298105 66.00022888865993 
95.99993896298105 67.00024414791223 
95.99993896298105 67.00024414791223 
95.99993896298105 66.00022888865993 
95.99993896298105 66.00022888865993 
95.99993896298105 66.00022888865993 
95.99993896298105 65.00021362940763 
95.99993896298105 65.00021362940763 
95.99993896298105 65.00021362940763 
95.99993896298105 65.00021362940763 
95.99993896298105 65.00021362940763 
95.99993896298105 65.00021362940763 
95.99993896298105 65.00021362940763 
95.99993896298105 65.00021362940763 
95.99993896298105 65.00021362940763 
95.99993896298105 65.00021362940763 
95.0 65.00021362940763 
95.0 66.00022888865993 
95.0 65.00021362940763 
95.0 65.00021362940763 
95.0 66.00022888865993 
95.0 67.00024414791223 
95.0 67.00024414791223 
95.0 67.00024414791223 
95.0 67.00024414791223 
95.0 67.00024414791223 
95.0 67.00024414791223 
95.0 67.00024414791223 
95.0 67.00024414791223 
95.0 67.00024414791223 
95.0 67.00024414791223 
95.0 67.00024414791223 
95.0 67.00024414791223 
95.0 68.00025940716452 
95.0 68.00025940716452 
95.0 68.00025940716452 
95.0 69.00027466641681 
95.0 69.00027466641681 
95.0 68.00025940716452 
95.0 68.00025940716452 
95.0 68.00025940716452 
95.0 68.00025940716452 
95.0 67.00024414791223 
95.0 67.00024414791223 
95.0 66.00022888865993 
95.0 66.00022888865993 
95.0 65.00021362940763 
95.99993896298105 66.00022888865993 
95.99993896298105 65.00021362940763 
95.99993896298105 65.00021362940763 
95.99993896298105 65.00021362940763 
95.99993896298105 66.00022888865993 
95.99993896298105 67.00024414791223 
95.99993896298105 67.00024414791223 
95.99993896298105 67.00024414791223 
95.99993896298105 67.00024414791223 
95.99993896298105 67.00024414791223 
95.99993896298105 67.00024414791223 
95.99993896298105 66.00022888865993 
95.99993896298105 67.00024414791223 
95.99993896298105 66.00022888865993 
95.99993896298105 67.00024414791223 
95.99993896298105 67.00024414791223 
95.99993896298105 67.00024414791223 
95.99993896298105 68.00025940716452 
95.99993896298105 67.00024414791223 
95.99993896298105 67.00024414791223 
95.99993896298105 66.00022888865993 
95.99993896298105 67.00024414791223 
95.99993896298105 67.00024414791223 
95.99993896298105 67.00024414791223 
95.99993896298105 68.00025940716452 
95.99993896298105 68.00025940716452 
95.99993896298105 69.00027466641681 
95.99993896298105 68.00025940716452 
95.99993896298105 68.00025940716452 
95.99993896298105 67.00024414791223 
95.99993896298105 66.00022888865993 
95.99993896298105 66.00022888865993 
95.99993896298105 66.00022888865993 
95.99993896298105 66.00022888865993 
95.99993896298105 68.00025940716452 
95.99993896298105 70.00028992566911 
95.99993896298105 70.00028992566911 
95.0 71.00030518492142 
95.0 72.00032044417371 
95.0 73.000335703426 
95.0 73.000335703426 
95.0 73.000335703426 
95.0 72.00032044417371 
95.99993896298105 72.00032044417371 
95.99993896298105 72.00032044417371 
95.99993896298105 71.00030518492142 
95.99993896298105 70.00028992566911 
95.99993896298105 70.00028992566911 
95.99993896298105 70.00028992566911 
95.99993896298105 70.00028992566911 
95.99993896298105 69.00027466641681 
95.99993896298105 70.00028992566911 
95.99993896298105 69.00027466641681 
95.99993896298105 69.00027466641681 
95.99993896298105 68.00025940716452 
95.99993896298105 67.00024414791223 
95.99993896298105 67.00024414791223 
95.99993896298105 67.00024414791223 
95.99993896298105 67.00024414791223 
95.99993896298105 67.00024414791223 
95.99993896298105 68.00025940716452 
95.99993896298105 68.00025940716452 
95.99993896298105 69.00027466641681 
95.99993896298105 68.00025940716452 
95.99993896298105 68.00025940716452 
95.99993896298105 68.00025940716452 
95.99993896298105 68.00025940716452 
95.99993896298105 70.00028992566911 
95.99993896298105 70.00028992566911 
95.99993896298105 70.00028992566911 
95.99993896298105 72.00032044417371 
95.99993896298105 72.00032044417371 
95.99993896298105 72.00032044417371 
95.99993896298105 72.00032044417371 
95.99993896298105 72.00032044417371 
95.99993896298105 73.000335703426 
95.99993896298105 73.000335703426 
95.99993896298105 73.000335703426 
95.99993896298105 74.0003509626783 
95.99993896298105 74.0003509626783 
95.99993896298105 74.0003509626783 
95.99993896298105 74.0003509626783 
95.99993896298105 70.00028992566911 
95.99993896298105 69.00027466641681 
95.99993896298105 68.00025940716452 
95.99993896298105 67.00024414791223 
