96.99996948178656 70.00056459215827 
96.99996948178656 68.00007629601429 
96.99996948178656 68.00007629601429 
96.99996948178656 69.00032044408627 
96.99996948178656 71.00080874023026 
96.99996948178656 71.00080874023026 
96.99996948178656 74.00067140692617 
96.99996948178656 74.00067140692617 
96.99996948178656 75.00004577747809 
96.00000000029299 73.00042725885417 
96.00000000029299 73.00042725885417 
96.00000000029299 73.00042725885417 
96.00000000029299 73.00042725885417 
96.00000000029299 74.00067140692617 
96.00000000029299 74.00067140692617 
96.00000000029299 75.00004577747809 
96.00000000029299 77.00053407362208 
96.00000000029299 78.00077822169408 
96.00000000029299 77.00053407362208 
96.00000000029299 76.00028992555009 
96.00000000029299 76.00028992555009 
96.00000000029299 75.00004577747809 
96.00000000029299 75.00004577747809 
96.00000000029299 76.00028992555009 
96.00000000029299 76.00028992555009 
96.00000000029299 77.00053407362208 
96.00000000029299 77.00053407362208 
96.00000000029299 76.00028992555009 
96.00000000029299 75.00004577747809 
96.00000000029299 73.00042725885417 
96.00000000029299 71.00080874023026 
96.00000000029299 70.00056459215827 
96.00000000029299 68.00007629601429 
96.00000000029299 67.00070192546235 
96.00000000029299 66.00045777739035 
96.00000000029299 66.00045777739035 
96.00000000029299 66.00045777739035 
96.00000000029299 66.00045777739035 
96.00000000029299 67.00070192546235 
96.00000000029299 67.00070192546235 
96.00000000029299 68.00007629601429 
96.00000000029299 68.00007629601429 
96.00000000029299 68.00007629601429 
96.00000000029299 70.00056459215827 
96.00000000029299 70.00056459215827 
96.99996948178656 70.00056459215827 
96.00000000029299 71.00080874023026 
96.00000000029299 71.00080874023026 
96.00000000029299 72.00018311078219 
96.00000000029299 72.00018311078219 
96.00000000029299 71.00080874023026 
96.00000000029299 70.00056459215827 
96.00000000029299 70.00056459215827 
96.00000000029299 69.00032044408627 
96.00000000029299 71.00080874023026 
96.00000000029299 71.00080874023026 
96.00000000029299 72.00018311078219 
96.00000000029299 71.00080874023026 
96.00000000029299 71.00080874023026 
96.00000000029299 70.00056459215827 
96.00000000029299 69.00032044408627 
96.00000000029299 69.00032044408627 
96.00000000029299 69.00032044408627 
96.00000000029299 69.00032044408627 
96.00000000029299 69.00032044408627 
96.00000000029299 71.00080874023026 
96.00000000029299 72.00018311078219 
96.00000000029299 72.00018311078219 
96.00000000029299 73.00042725885417 
96.00000000029299 72.00018311078219 
96.00000000029299 72.00018311078219 
96.00000000029299 72.00018311078219 
96.00000000029299 72.00018311078219 
96.00000000029299 72.00018311078219 
96.00000000029299 74.00067140692617 
96.00000000029299 75.00004577747809 
96.00000000029299 74.00067140692617 
96.00000000029299 74.00067140692617 
96.00000000029299 74.00067140692617 
96.00000000029299 74.00067140692617 
96.00000000029299 74.00067140692617 
96.00000000029299 75.00004577747809 
96.00000000029299 79.00015259224601 
96.00000000029299 79.00015259224601 
96.00000000029299 81.00064088839 
96.00000000029299 79.00015259224601 
96.00000000029299 77.00053407362208 
96.00000000029299 77.00053407362208 
96.00000000029299 76.00028992555009 
96.00000000029299 75.00004577747809 
96.00000000029299 74.00067140692617 
96.00000000029299 73.00042725885417 
96.00000000029299 73.00042725885417 
96.00000000029299 73.00042725885417 
96.00000000029299 73.00042725885417 
96.00000000029299 73.00042725885417 
96.00000000029299 73.00042725885417 
96.00000000029299 72.00018311078219 
96.00000000029299 71.00080874023026 
96.00000000029299 70.00056459215827 
96.00000000029299 69.00032044408627 
96.00000000029299 71.00080874023026 
96.00000000029299 71.00080874023026 
96.00000000029299 72.00018311078219 
96.00000000029299 71.00080874023026 
96.00000000029299 71.00080874023026 
96.00000000029299 70.00056459215827 
96.00000000029299 71.00080874023026 
96.00000000029299 73.00042725885417 
96.00000000029299 73.00042725885417 
96.00000000029299 73.00042725885417 
96.00000000029299 72.00018311078219 
96.00000000029299 70.00056459215827 
96.00000000029299 69.00032044408627 
96.00000000029299 68.00007629601429 
96.00000000029299 67.00070192546235 
96.00000000029299 69.00032044408627 
96.00000000029299 70.00056459215827 
96.00000000029299 71.00080874023026 
96.00000000029299 71.00080874023026 
96.00000000029299 72.00018311078219 
96.00000000029299 71.00080874023026 
96.00000000029299 70.00056459215827 
96.00000000029299 69.00032044408627 
96.00000000029299 67.00070192546235 
96.00000000029299 67.00070192546235 
96.00000000029299 66.00045777739035 
96.00000000029299 67.00070192546235 
96.00000000029299 68.00007629601429 
96.00000000029299 70.00056459215827 
96.00000000029299 71.00080874023026 
96.00000000029299 70.00056459215827 
96.00000000029299 70.00056459215827 
96.00000000029299 70.00056459215827 
96.00000000029299 70.00056459215827 
96.00000000029299 71.00080874023026 
96.00000000029299 73.00042725885417 
96.00000000029299 73.00042725885417 
96.00000000029299 75.00004577747809 
96.00000000029299 75.00004577747809 
96.00000000029299 76.00028992555009 
96.00000000029299 76.00028992555009 
96.00000000029299 74.00067140692617 
96.00000000029299 74.00067140692617 
96.00000000029299 72.00018311078219 
96.00000000029299 72.00018311078219 
96.00000000029299 72.00018311078219 
96.00000000029299 72.00018311078219 
96.00000000029299 70.00056459215827 
96.00000000029299 68.00007629601429 
96.00000000029299 67.00070192546235 
96.00000000029299 66.00045777739035 
96.00000000029299 66.00045777739035 
96.00000000029299 67.00070192546235 
96.00000000029299 67.00070192546235 
96.00000000029299 68.00007629601429 
96.00000000029299 69.00032044408627 
96.00000000029299 70.00056459215827 
96.00000000029299 70.00056459215827 
96.00000000029299 70.00056459215827 
96.00000000029299 71.00080874023026 
96.00000000029299 71.00080874023026 
96.00000000029299 70.00056459215827 
96.00000000029299 70.00056459215827 
96.00000000029299 71.00080874023026 
96.00000000029299 71.00080874023026 
96.00000000029299 70.00056459215827 
96.00000000029299 70.00056459215827 
96.00000000029299 71.00080874023026 
96.00000000029299 72.00018311078219 
96.00000000029299 72.00018311078219 
96.00000000029299 72.00018311078219 
96.00000000029299 73.00042725885417 
96.00000000029299 73.00042725885417 
96.00000000029299 73.00042725885417 
95.0000305187994 73.00042725885417 
95.0000305187994 73.00042725885417 
95.0000305187994 73.00042725885417 
96.00000000029299 72.00018311078219 
96.00000000029299 72.00018311078219 
96.00000000029299 73.00042725885417 
96.00000000029299 74.00067140692617 
96.00000000029299 74.00067140692617 
96.00000000029299 75.00004577747809 
96.00000000029299 76.00028992555009 
96.00000000029299 75.00004577747809 
96.00000000029299 74.00067140692617 
96.00000000029299 74.00067140692617 
96.00000000029299 74.00067140692617 
95.0000305187994 75.00004577747809 
95.0000305187994 74.00067140692617 
95.0000305187994 74.00067140692617 
95.0000305187994 74.00067140692617 
95.0000305187994 74.00067140692617 
95.0000305187994 74.00067140692617 
95.0000305187994 74.00067140692617 
95.0000305187994 74.00067140692617 
96.00000000029299 74.00067140692617 
96.00000000029299 74.00067140692617 
96.00000000029299 74.00067140692617 
96.00000000029299 74.00067140692617 
96.00000000029299 74.00067140692617 
96.00000000029299 73.00042725885417 
96.00000000029299 73.00042725885417 
96.00000000029299 74.00067140692617 
95.0000305187994 74.00067140692617 
95.0000305187994 74.00067140692617 
95.0000305187994 75.00004577747809 
95.0000305187994 75.00004577747809 
95.0000305187994 74.00067140692617 
96.00000000029299 76.00028992555009 
96.00000000029299 76.00028992555009 
96.00000000029299 75.00004577747809 
96.00000000029299 75.00004577747809 
96.00000000029299 76.00028992555009 
96.00000000029299 76.00028992555009 
96.00000000029299 76.00028992555009 
96.00000000029299 77.00053407362208 
96.00000000029299 77.00053407362208 
96.00000000029299 77.00053407362208 
96.00000000029299 77.00053407362208 
96.00000000029299 78.00077822169408 
96.00000000029299 77.00053407362208 
96.00000000029299 76.00028992555009 
96.00000000029299 76.00028992555009 
96.00000000029299 77.00053407362208 
96.00000000029299 77.00053407362208 
96.00000000029299 77.00053407362208 
96.00000000029299 77.00053407362208 
96.00000000029299 77.00053407362208 
96.00000000029299 77.00053407362208 
96.00000000029299 77.00053407362208 
96.00000000029299 77.00053407362208 
96.00000000029299 77.00053407362208 
96.00000000029299 77.00053407362208 
96.00000000029299 76.00028992555009 
96.00000000029299 76.00028992555009 
96.00000000029299 75.00004577747809 
96.00000000029299 74.00067140692617 
96.00000000029299 74.00067140692617 
96.00000000029299 74.00067140692617 
96.00000000029299 74.00067140692617 
96.00000000029299 74.00067140692617 
96.00000000029299 74.00067140692617 
96.00000000029299 75.00004577747809 
96.00000000029299 76.00028992555009 
96.00000000029299 76.00028992555009 
95.0000305187994 76.00028992555009 
95.0000305187994 77.00053407362208 
95.0000305187994 76.00028992555009 
95.0000305187994 76.00028992555009 
96.00000000029299 76.00028992555009 
96.00000000029299 76.00028992555009 
96.00000000029299 75.00004577747809 
96.00000000029299 75.00004577747809 
96.00000000029299 75.00004577747809 
96.00000000029299 72.00018311078219 
96.00000000029299 71.00080874023026 
96.00000000029299 71.00080874023026 
96.00000000029299 71.00080874023026 
96.00000000029299 70.00056459215827 
96.00000000029299 71.00080874023026 
96.00000000029299 70.00056459215827 
95.0000305187994 70.00056459215827 
95.0000305187994 70.00056459215827 
95.0000305187994 70.00056459215827 
95.0000305187994 72.00018311078219 
95.0000305187994 72.00018311078219 
95.0000305187994 73.00042725885417 
95.0000305187994 73.00042725885417 
95.0000305187994 73.00042725885417 
95.0000305187994 72.00018311078219 
95.0000305187994 70.00056459215827 
95.0000305187994 70.00056459215827 
95.0000305187994 70.00056459215827 
95.0000305187994 69.00032044408627 
95.0000305187994 70.00056459215827 
95.0000305187994 69.00032044408627 
95.0000305187994 70.00056459215827 
95.0000305187994 69.00032044408627 
95.0000305187994 69.00032044408627 
95.0000305187994 69.00032044408627 
95.0000305187994 69.00032044408627 
95.0000305187994 70.00056459215827 
95.0000305187994 69.00032044408627 
95.0000305187994 70.00056459215827 
95.0000305187994 70.00056459215827 
95.0000305187994 71.00080874023026 
95.0000305187994 74.00067140692617 
95.0000305187994 76.00028992555009 
95.0000305187994 80.000396740318 
96.00000000029299 80.000396740318 
96.00000000029299 81.00064088839 
96.00000000029299 80.000396740318 
96.00000000029299 78.00077822169408 
96.00000000029299 78.00077822169408 
96.00000000029299 78.00077822169408 
96.00000000029299 78.00077822169408 
96.00000000029299 77.00053407362208 
96.00000000029299 77.00053407362208 
96.00000000029299 78.00077822169408 
95.0000305187994 76.00028992555009 
95.0000305187994 77.00053407362208 
95.0000305187994 77.00053407362208 
96.00000000029299 82.00001525894191 
96.00000000029299 85.0007477031579 
96.00000000029299 86.99949644426175 
96.00000000029299 86.99949644426175 
96.00000000029299 88.99998474040574 
96.00000000029299 88.99998474040574 
96.00000000029299 91.99984740710165 
96.00000000029299 91.99984740710165 
96.00000000029299 91.99984740710165 
96.00000000029299 91.99984740710165 
96.00000000029299 88.99998474040574 
96.99996948178656 86.99949644426175 
96.99996948178656 83.00025940701391 
96.99996948178656 82.00001525894191 
96.99996948178656 79.00015259224601 
96.99996948178656 78.00077822169408 
96.99996948178656 76.00028992555009 
96.99996948178656 76.00028992555009 
96.99996948178656 78.00077822169408 
96.99996948178656 80.000396740318 
96.99996948178656 80.000396740318 
96.99996948178656 83.00025940701391 
96.99996948178656 83.00025940701391 
96.99996948178656 86.00012207370982 
96.99996948178656 86.00012207370982 
96.99996948178656 86.99949644426175 
96.99996948178656 86.99949644426175 
96.99996948178656 84.0005035550859 
96.99996948178656 85.0007477031579 
96.99996948178656 82.00001525894191 
96.99996948178656 87.99974059233375 
96.99996948178656 87.99974059233375 
96.99996948178656 87.99974059233375 
96.99996948178656 90.99960325902966 
96.99996948178656 90.99960325902966 
96.99996948178656 96.99932859242149 
96.00000000029299 98.99981688856548 
96.00000000029299 99.9991912591174 
96.00000000029299 100.9994354071894 
96.00000000029299 98.99981688856548 
96.00000000029299 98.99981688856548 
96.00000000029299 97.99957274049348 
96.00000000029299 97.99957274049348 
96.00000000029299 98.99981688856548 
96.00000000029299 99.9991912591174 
96.99996948178656 98.99981688856548 
96.00000000029299 97.99957274049348 
96.99996948178656 96.99932859242149 
96.99996948178656 96.99932859242149 
96.99996948178656 96.99932859242149 
96.99996948178656 97.99957274049348 
96.99996948178656 98.99981688856548 
96.99996948178656 99.9991912591174 
96.99996948178656 99.9991912591174 
96.99996948178656 101.99967955526138 
96.00000000029299 101.99967955526138 
96.00000000029299 102.99992370333338 
96.00000000029299 102.99992370333338 
96.99996948178656 102.99992370333338 
96.00000000029299 101.99967955526138 
96.00000000029299 102.99992370333338 
96.00000000029299 102.99992370333338 
96.00000000029299 102.99992370333338 
96.00000000029299 102.99992370333338 
96.00000000029299 102.99992370333338 
96.00000000029299 102.99992370333338 
96.00000000029299 102.99992370333338 
96.00000000029299 102.99992370333338 
96.00000000029299 102.99992370333338 
96.00000000029299 102.99992370333338 
96.00000000029299 102.99992370333338 
96.00000000029299 102.99992370333338 
96.00000000029299 102.99992370333338 
96.00000000029299 102.99992370333338 
96.00000000029299 101.99967955526138 
96.00000000029299 101.99967955526138 
95.0000305187994 101.99967955526138 
95.0000305187994 102.99992370333338 
95.0000305187994 102.99992370333338 
95.0000305187994 102.99992370333338 
95.0000305187994 103.99929807388531 
95.0000305187994 103.99929807388531 
95.0000305187994 103.99929807388531 
95.0000305187994 104.9995422219573 
95.0000305187994 104.9995422219573 
95.0000305187994 104.9995422219573 
95.0000305187994 104.9995422219573 
95.0000305187994 106.99916074058122 
95.0000305187994 106.99916074058122 
95.0000305187994 108.9996490367252 
95.0000305187994 108.9996490367252 
95.0000305187994 113.9999999995651 
95.0000305187994 113.9999999995651 
95.0000305187994 114.99937437011704 
95.0000305187994 114.99937437011704 
95.0000305187994 112.9997558514931 
96.00000000029299 112.9997558514931 
96.00000000029299 107.99940488865322 
96.99996948178656 107.99940488865322 
96.99996948178656 104.9995422219573 
96.99996948178656 104.9995422219573 
96.99996948178656 103.99929807388531 
96.99996948178656 103.99929807388531 
96.99996948178656 103.99929807388531 
96.99996948178656 103.99929807388531 
96.99996948178656 103.99929807388531 
96.99996948178656 103.99929807388531 
96.99996948178656 103.99929807388531 
97.99993896328014 103.99929807388531 
97.99993896328014 102.99992370333338 
96.99996948178656 100.9994354071894 
96.99996948178656 98.99981688856548 
96.99996948178656 98.99981688856548 
96.99996948178656 98.99981688856548 
96.99996948178656 98.99981688856548 
96.99996948178656 92.99922177765359 
96.99996948178656 89.99935911095767 
96.00000000029299 90.99960325902966 
96.00000000029299 90.99960325902966 
96.00000000029299 93.99946592572557 
96.00000000029299 93.99946592572557 
96.00000000029299 93.99946592572557 
96.00000000029299 93.99946592572557 
96.00000000029299 95.99995422186956 
96.00000000029299 95.99995422186956 
96.00000000029299 95.99995422186956 
96.00000000029299 97.99957274049348 
96.00000000029299 97.99957274049348 
96.00000000029299 98.99981688856548 
96.00000000029299 99.9991912591174 
96.00000000029299 99.9991912591174 
96.00000000029299 99.9991912591174 
96.00000000029299 99.9991912591174 
96.00000000029299 99.9991912591174 
96.00000000029299 99.9991912591174 
96.00000000029299 99.9991912591174 
95.0000305187994 99.9991912591174 
95.0000305187994 98.99981688856548 
95.0000305187994 98.99981688856548 
95.0000305187994 98.99981688856548 
95.0000305187994 98.99981688856548 
96.00000000029299 100.9994354071894 
96.00000000029299 100.9994354071894 
96.00000000029299 100.9994354071894 
96.00000000029299 100.9994354071894 
96.00000000029299 100.9994354071894 
96.00000000029299 101.99967955526138 
96.00000000029299 101.99967955526138 
96.00000000029299 101.99967955526138 
96.00000000029299 101.99967955526138 
96.00000000029299 101.99967955526138 
96.00000000029299 101.99967955526138 
96.00000000029299 101.99967955526138 
96.00000000029299 101.99967955526138 
96.00000000029299 101.99967955526138 
96.00000000029299 101.99967955526138 
96.00000000029299 101.99967955526138 
96.00000000029299 101.99967955526138 
96.00000000029299 101.99967955526138 
96.00000000029299 101.99967955526138 
96.00000000029299 101.99967955526138 
96.00000000029299 101.99967955526138 
96.00000000029299 106.99916074058122 
96.00000000029299 107.99940488865322 
96.00000000029299 107.99940488865322 
96.00000000029299 107.99940488865322 
96.00000000029299 107.99940488865322 
96.00000000029299 107.99940488865322 
96.00000000029299 107.99940488865322 
96.00000000029299 110.99926755534914 
96.00000000029299 110.99926755534914 
96.00000000029299 111.99951170342112 
96.00000000029299 111.99951170342112 
95.0000305187994 111.99951170342112 
95.0000305187994 111.99951170342112 
95.0000305187994 111.99951170342112 
95.0000305187994 111.99951170342112 
95.0000305187994 111.99951170342112 
95.0000305187994 110.99926755534914 
95.0000305187994 110.99926755534914 
95.0000305187994 110.99926755534914 
95.0000305187994 110.99926755534914 
95.0000305187994 110.99926755534914 
95.0000305187994 110.99926755534914 
95.0000305187994 110.99926755534914 
95.0000305187994 110.99926755534914 
95.0000305187994 110.99926755534914 
95.0000305187994 110.99926755534914 
96.00000000029299 110.99926755534914 
96.00000000029299 111.99951170342112 
96.00000000029299 111.99951170342112 
96.00000000029299 111.99951170342112 
96.00000000029299 111.99951170342112 
96.00000000029299 111.99951170342112 
96.00000000029299 111.99951170342112 
96.00000000029299 111.99951170342112 
96.00000000029299 111.99951170342112 
96.00000000029299 111.99951170342112 
96.00000000029299 111.99951170342112 
96.00000000029299 111.99951170342112 
96.00000000029299 110.99926755534914 
96.00000000029299 105.9997863700293 
96.00000000029299 105.9997863700293 
96.00000000029299 105.9997863700293 
96.00000000029299 105.9997863700293 
96.00000000029299 104.9995422219573 
96.00000000029299 104.9995422219573 
96.00000000029299 104.9995422219573 
96.00000000029299 104.9995422219573 
96.00000000029299 101.99967955526138 
96.00000000029299 99.9991912591174 
96.00000000029299 99.9991912591174 
96.00000000029299 99.9991912591174 
96.00000000029299 101.99967955526138 
96.00000000029299 101.99967955526138 
96.00000000029299 101.99967955526138 
96.00000000029299 101.99967955526138 
96.00000000029299 102.99992370333338 
96.00000000029299 101.99967955526138 
96.00000000029299 103.99929807388531 
96.00000000029299 102.99992370333338 
96.00000000029299 103.99929807388531 
96.00000000029299 103.99929807388531 
95.0000305187994 105.9997863700293 
95.0000305187994 106.99916074058122 
95.0000305187994 106.99916074058122 
95.0000305187994 106.99916074058122 
95.0000305187994 106.99916074058122 
95.0000305187994 105.9997863700293 
95.0000305187994 104.9995422219573 
94.00006103730583 105.9997863700293 
94.00006103730583 105.9997863700293 
94.00006103730583 106.99916074058122 
94.00006103730583 107.99940488865322 
94.00006103730583 107.99940488865322 
94.00006103730583 107.99940488865322 
94.00006103730583 107.99940488865322 
94.00006103730583 107.99940488865322 
94.00006103730583 108.9996490367252 
95.0000305187994 108.9996490367252 
95.0000305187994 108.9996490367252 
95.0000305187994 108.9996490367252 
95.0000305187994 107.99940488865322 
95.0000305187994 107.99940488865322 
95.0000305187994 107.99940488865322 
95.0000305187994 107.99940488865322 
95.0000305187994 107.99940488865322 
94.00006103730583 107.99940488865322 
93.00000000028383 106.99916074058122 
93.00000000028383 105.9997863700293 
93.00000000028383 105.9997863700293 
93.00000000028383 106.99916074058122 
93.00000000028383 106.99916074058122 
93.00000000028383 106.99916074058122 
93.00000000028383 106.99916074058122 
93.00000000028383 107.99940488865322 
93.00000000028383 107.99940488865322 
93.00000000028383 107.99940488865322 
94.00006103730583 107.99940488865322 
94.00006103730583 107.99940488865322 
94.00006103730583 107.99940488865322 
94.00006103730583 107.99940488865322 
94.00006103730583 107.99940488865322 
94.00006103730583 107.99940488865322 
94.00006103730583 108.9996490367252 
94.00006103730583 108.9996490367252 
94.00006103730583 108.9996490367252 
95.0000305187994 109.9998931847972 
95.0000305187994 109.9998931847972 
95.0000305187994 109.9998931847972 
95.0000305187994 109.9998931847972 
95.0000305187994 109.9998931847972 
95.0000305187994 109.9998931847972 
95.0000305187994 109.9998931847972 
95.0000305187994 109.9998931847972 
95.0000305187994 109.9998931847972 
95.0000305187994 109.9998931847972 
95.0000305187994 109.9998931847972 
95.0000305187994 109.9998931847972 
95.0000305187994 109.9998931847972 
95.0000305187994 109.9998931847972 
95.0000305187994 109.9998931847972 
95.0000305187994 108.9996490367252 
96.00000000029299 107.99940488865322 
96.00000000029299 108.9996490367252 
96.00000000029299 108.9996490367252 
96.00000000029299 109.9998931847972 
96.00000000029299 109.9998931847972 
96.00000000029299 109.9998931847972 
96.00000000029299 109.9998931847972 
96.00000000029299 109.9998931847972 
96.00000000029299 109.9998931847972 
96.00000000029299 109.9998931847972 
96.00000000029299 109.9998931847972 
96.00000000029299 109.9998931847972 
96.00000000029299 109.9998931847972 
96.00000000029299 109.9998931847972 
96.00000000029299 109.9998931847972 
96.00000000029299 109.9998931847972 
96.00000000029299 109.9998931847972 
96.00000000029299 109.9998931847972 
96.00000000029299 109.9998931847972 
96.00000000029299 109.9998931847972 
96.00000000029299 109.9998931847972 
96.00000000029299 110.99926755534914 
96.00000000029299 110.99926755534914 
96.00000000029299 110.99926755534914 
96.00000000029299 110.99926755534914 
96.00000000029299 110.99926755534914 
96.00000000029299 110.99926755534914 
96.00000000029299 110.99926755534914 
96.00000000029299 111.99951170342112 
96.00000000029299 111.99951170342112 
96.00000000029299 112.9997558514931 
96.99996948178656 112.9997558514931 
96.99996948178656 112.9997558514931 
96.99996948178656 112.9997558514931 
96.99996948178656 111.99951170342112 
96.99996948178656 111.99951170342112 
96.99996948178656 110.99926755534914 
96.99996948178656 110.99926755534914 
96.99996948178656 110.99926755534914 
96.99996948178656 110.99926755534914 
96.99996948178656 110.99926755534914 
96.99996948178656 110.99926755534914 
96.99996948178656 110.99926755534914 
96.99996948178656 110.99926755534914 
96.99996948178656 105.9997863700293 
96.99996948178656 103.99929807388531 
96.99996948178656 103.99929807388531 
96.99996948178656 101.99967955526138 
96.99996948178656 98.99981688856548 
96.99996948178656 96.99932859242149 
96.99996948178656 94.99971007379757 
96.99996948178656 94.99971007379757 
96.99996948178656 90.99960325902966 
96.99996948178656 89.99935911095767 
96.99996948178656 87.99974059233375 
96.99996948178656 85.0007477031579 
96.99996948178656 82.00001525894191 
96.99996948178656 81.00064088839 
96.99996948178656 80.000396740318 
96.99996948178656 78.00077822169408 
96.99996948178656 76.00028992555009 
96.99996948178656 76.00028992555009 
96.99996948178656 76.00028992555009 
96.99996948178656 76.00028992555009 
96.99996948178656 76.00028992555009 
96.00000000029299 76.00028992555009 
96.00000000029299 77.00053407362208 
96.00000000029299 77.00053407362208 
96.00000000029299 75.00004577747809 
96.00000000029299 75.00004577747809 
96.00000000029299 75.00004577747809 
96.00000000029299 75.00004577747809 
96.00000000029299 75.00004577747809 
96.00000000029299 75.00004577747809 
96.00000000029299 75.00004577747809 
96.00000000029299 76.00028992555009 
96.00000000029299 76.00028992555009 
96.00000000029299 78.00077822169408 
96.00000000029299 79.00015259224601 
96.00000000029299 78.00077822169408 
96.00000000029299 78.00077822169408 
96.00000000029299 79.00015259224601 
96.00000000029299 78.00077822169408 
96.00000000029299 77.00053407362208 
96.00000000029299 78.00077822169408 
96.00000000029299 78.00077822169408 
96.00000000029299 77.00053407362208 
96.00000000029299 75.00004577747809 
96.00000000029299 74.00067140692617 
96.00000000029299 73.00042725885417 
96.00000000029299 71.00080874023026 
96.00000000029299 70.00056459215827 
96.00000000029299 71.00080874023026 
96.00000000029299 70.00056459215827 
96.00000000029299 69.00032044408627 
96.99996948178656 69.00032044408627 
96.00000000029299 70.00056459215827 
96.00000000029299 70.00056459215827 
96.00000000029299 70.00056459215827 
96.00000000029299 70.00056459215827 
96.00000000029299 71.00080874023026 
96.00000000029299 70.00056459215827 
96.00000000029299 70.00056459215827 
96.00000000029299 69.00032044408627 
96.00000000029299 69.00032044408627 
96.00000000029299 69.00032044408627 
96.00000000029299 69.00032044408627 
96.00000000029299 68.00007629601429 
96.00000000029299 68.00007629601429 
96.00000000029299 69.00032044408627 
96.00000000029299 68.00007629601429 
96.00000000029299 68.00007629601429 
96.00000000029299 67.00070192546235 
96.00000000029299 68.00007629601429 
96.00000000029299 68.00007629601429 
96.00000000029299 69.00032044408627 
96.00000000029299 75.00004577747809 
96.00000000029299 75.00004577747809 
96.00000000029299 83.00025940701391 
96.00000000029299 83.00025940701391 
96.00000000029299 86.00012207370982 
96.00000000029299 84.0005035550859 
96.00000000029299 82.00001525894191 
96.00000000029299 81.00064088839 
96.00000000029299 79.00015259224601 
96.00000000029299 77.00053407362208 
96.00000000029299 77.00053407362208 
96.00000000029299 77.00053407362208 
96.00000000029299 75.00004577747809 
96.00000000029299 75.00004577747809 
96.00000000029299 74.00067140692617 
96.00000000029299 71.00080874023026 
96.00000000029299 70.00056459215827 
96.00000000029299 68.00007629601429 
96.00000000029299 66.00045777739035 
96.00000000029299 66.00045777739035 
96.00000000029299 66.00045777739035 
96.00000000029299 67.00070192546235 
96.00000000029299 67.00070192546235 
96.00000000029299 67.00070192546235 
96.00000000029299 69.00032044408627 
96.00000000029299 68.00007629601429 
96.00000000029299 67.00070192546235 
96.00000000029299 67.00070192546235 
96.00000000029299 67.00070192546235 
96.00000000029299 67.00070192546235 
96.00000000029299 68.00007629601429 
96.00000000029299 71.00080874023026 
96.00000000029299 71.00080874023026 
96.00000000029299 71.00080874023026 
96.00000000029299 71.00080874023026 
96.00000000029299 70.00056459215827 
96.00000000029299 69.00032044408627 
96.00000000029299 69.00032044408627 
96.00000000029299 70.00056459215827 
96.00000000029299 70.00056459215827 
96.00000000029299 70.00056459215827 
96.00000000029299 68.00007629601429 
96.00000000029299 67.00070192546235 
96.00000000029299 65.00021362931837 
96.00000000029299 65.00021362931837 
96.00000000029299 65.00021362931837 
96.00000000029299 66.00045777739035 
96.00000000029299 67.00070192546235 
96.00000000029299 70.00056459215827 
96.00000000029299 71.00080874023026 
96.00000000029299 71.00080874023026 
96.00000000029299 71.00080874023026 
96.00000000029299 70.00056459215827 
96.00000000029299 70.00056459215827 
96.00000000029299 70.00056459215827 
96.00000000029299 70.00056459215827 
96.00000000029299 71.00080874023026 
96.00000000029299 71.00080874023026 
96.00000000029299 72.00018311078219 
96.00000000029299 73.00042725885417 
96.00000000029299 73.00042725885417 
96.00000000029299 73.00042725885417 
96.00000000029299 73.00042725885417 
96.00000000029299 72.00018311078219 
96.00000000029299 73.00042725885417 
96.00000000029299 73.00042725885417 
96.00000000029299 72.00018311078219 
96.00000000029299 72.00018311078219 
96.00000000029299 71.00080874023026 
96.00000000029299 70.00056459215827 
96.00000000029299 68.00007629601429 
96.00000000029299 68.00007629601429 
96.00000000029299 68.00007629601429 
96.00000000029299 69.00032044408627 
96.00000000029299 74.00067140692617 
96.00000000029299 74.00067140692617 
96.00000000029299 76.00028992555009 
96.00000000029299 76.00028992555009 
96.00000000029299 76.00028992555009 
96.00000000029299 75.00004577747809 
96.00000000029299 73.00042725885417 
96.00000000029299 72.00018311078219 
96.00000000029299 72.00018311078219 
96.00000000029299 72.00018311078219 
96.00000000029299 71.00080874023026 
96.00000000029299 71.00080874023026 
96.00000000029299 71.00080874023026 
96.00000000029299 71.00080874023026 
96.00000000029299 71.00080874023026 
96.00000000029299 72.00018311078219 
96.00000000029299 72.00018311078219 
96.00000000029299 72.00018311078219 
96.00000000029299 71.00080874023026 
96.00000000029299 71.00080874023026 
96.00000000029299 72.00018311078219 
96.00000000029299 72.00018311078219 
96.00000000029299 72.00018311078219 
96.00000000029299 72.00018311078219 
96.00000000029299 73.00042725885417 
96.00000000029299 73.00042725885417 
96.00000000029299 72.00018311078219 
96.00000000029299 72.00018311078219 
96.00000000029299 72.00018311078219 
96.00000000029299 71.00080874023026 
96.00000000029299 70.00056459215827 
96.00000000029299 70.00056459215827 
96.00000000029299 68.00007629601429 
96.00000000029299 68.00007629601429 
96.00000000029299 68.00007629601429 
95.0000305187994 68.00007629601429 
95.0000305187994 67.00070192546235 
95.0000305187994 67.00070192546235 
95.0000305187994 67.00070192546235 
95.0000305187994 68.00007629601429 
95.0000305187994 68.00007629601429 
95.0000305187994 68.00007629601429 
95.0000305187994 69.00032044408627 
95.0000305187994 69.00032044408627 
95.0000305187994 71.00080874023026 
95.0000305187994 71.00080874023026 
95.0000305187994 72.00018311078219 
95.0000305187994 72.00018311078219 
95.0000305187994 72.00018311078219 
95.0000305187994 72.00018311078219 
95.0000305187994 71.00080874023026 
95.0000305187994 71.00080874023026 
95.0000305187994 69.00032044408627 
95.0000305187994 69.00032044408627 
95.0000305187994 69.00032044408627 
95.0000305187994 69.00032044408627 
96.00000000029299 68.00007629601429 
96.00000000029299 67.00070192546235 
96.00000000029299 68.00007629601429 
96.00000000029299 68.00007629601429 
95.0000305187994 67.00070192546235 
95.0000305187994 66.00045777739035 
95.0000305187994 65.00021362931837 
95.0000305187994 66.00045777739035 
95.0000305187994 65.00021362931837 
95.0000305187994 65.00021362931837 
96.00000000029299 65.00021362931837 
96.00000000029299 66.00045777739035 
96.00000000029299 66.00045777739035 
96.00000000029299 65.00021362931837 
96.00000000029299 66.00045777739035 
96.00000000029299 66.00045777739035 
96.00000000029299 66.00045777739035 
95.0000305187994 66.00045777739035 
95.0000305187994 67.00070192546235 
95.0000305187994 68.00007629601429 
95.0000305187994 67.00070192546235 
95.0000305187994 68.00007629601429 
95.0000305187994 69.00032044408627 
96.00000000029299 68.00007629601429 
96.00000000029299 68.00007629601429 
96.00000000029299 70.00056459215827 
96.00000000029299 71.00080874023026 
96.00000000029299 71.00080874023026 
96.00000000029299 73.00042725885417 
96.00000000029299 74.00067140692617 
96.00000000029299 73.00042725885417 
96.00000000029299 73.00042725885417 
96.00000000029299 72.00018311078219 
96.00000000029299 72.00018311078219 
96.00000000029299 72.00018311078219 
96.00000000029299 72.00018311078219 
96.00000000029299 72.00018311078219 
96.00000000029299 72.00018311078219 
96.00000000029299 72.00018311078219 
96.00000000029299 77.00053407362208 
96.00000000029299 77.00053407362208 
96.00000000029299 80.000396740318 
96.00000000029299 81.00064088839 
95.0000305187994 82.00001525894191 
95.0000305187994 79.00015259224601 
95.0000305187994 77.00053407362208 
95.0000305187994 76.00028992555009 
95.0000305187994 74.00067140692617 
95.0000305187994 75.00004577747809 
95.0000305187994 74.00067140692617 
95.0000305187994 74.00067140692617 
95.0000305187994 74.00067140692617 
95.0000305187994 75.00004577747809 
95.0000305187994 74.00067140692617 
95.0000305187994 74.00067140692617 
95.0000305187994 73.00042725885417 
95.0000305187994 72.00018311078219 
95.0000305187994 71.00080874023026 
95.0000305187994 69.00032044408627 
95.0000305187994 68.00007629601429 
95.0000305187994 67.00070192546235 
95.0000305187994 66.00045777739035 
95.0000305187994 66.00045777739035 
95.0000305187994 66.00045777739035 
96.00000000029299 66.00045777739035 
96.00000000029299 66.00045777739035 
96.00000000029299 65.00021362931837 
96.00000000029299 66.00045777739035 
96.00000000029299 66.00045777739035 
96.00000000029299 66.00045777739035 
96.00000000029299 65.00021362931837 
96.00000000029299 66.00045777739035 
95.0000305187994 66.00045777739035 
95.0000305187994 65.00021362931837 
95.0000305187994 65.00021362931837 
95.0000305187994 65.00021362931837 
95.0000305187994 66.00045777739035 
95.0000305187994 66.00045777739035 
96.00000000029299 66.00045777739035 
96.00000000029299 66.00045777739035 
96.00000000029299 67.00070192546235 
96.00000000029299 67.00070192546235 
96.00000000029299 67.00070192546235 
96.00000000029299 67.00070192546235 
96.00000000029299 67.00070192546235 
96.00000000029299 65.00021362931837 
96.00000000029299 65.00021362931837 
96.00000000029299 66.00045777739035 
96.00000000029299 65.00021362931837 
96.00000000029299 65.00021362931837 
96.00000000029299 66.00045777739035 
96.00000000029299 67.00070192546235 
96.00000000029299 67.00070192546235 
96.00000000029299 67.00070192546235 
96.00000000029299 67.00070192546235 
96.00000000029299 67.00070192546235 
96.00000000029299 67.00070192546235 
96.00000000029299 75.00004577747809 
96.00000000029299 75.00004577747809 
97.99993896328014 75.00004577747809 
97.99993896328014 75.00004577747809 
97.99993896328014 75.00004577747809 
97.99993896328014 75.00004577747809 
96.99996948178656 75.00004577747809 
96.99996948178656 76.00028992555009 
96.99996948178656 75.00004577747809 
96.99996948178656 75.00004577747809 
96.99996948178656 75.00004577747809 
96.99996948178656 75.00004577747809 
96.99996948178656 75.00004577747809 
96.99996948178656 76.00028992555009 
96.99996948178656 76.00028992555009 
96.99996948178656 79.00015259224601 
96.99996948178656 79.00015259224601 
96.99996948178656 88.99998474040574 
97.99993896328014 90.99960325902966 
97.99993896328014 91.99984740710165 
96.99996948178656 90.99960325902966 
96.99996948178656 87.99974059233375 
96.99996948178656 86.99949644426175 
96.99996948178656 86.00012207370982 
96.99996948178656 86.00012207370982 
96.99996948178656 86.00012207370982 
97.99993896328014 86.99949644426175 
96.99996948178656 86.99949644426175 
96.99996948178656 86.99949644426175 
96.99996948178656 87.99974059233375 
96.99996948178656 87.99974059233375 
96.99996948178656 87.99974059233375 
96.99996948178656 87.99974059233375 
96.99996948178656 87.99974059233375 
96.99996948178656 87.99974059233375 
96.99996948178656 87.99974059233375 
96.99996948178656 87.99974059233375 
96.99996948178656 87.99974059233375 
96.99996948178656 87.99974059233375 
96.99996948178656 87.99974059233375 
97.99993896328014 87.99974059233375 
97.99993896328014 87.99974059233375 
96.99996948178656 87.99974059233375 
96.99996948178656 87.99974059233375 
96.99996948178656 87.99974059233375 
96.99996948178656 87.99974059233375 
96.99996948178656 87.99974059233375 
96.00000000029299 86.99949644426175 
96.00000000029299 83.00025940701391 
96.99996948178656 83.00025940701391 
96.99996948178656 80.000396740318 
96.99996948178656 80.000396740318 
96.00000000029299 81.00064088839 
96.00000000029299 81.00064088839 
96.00000000029299 81.00064088839 
96.00000000029299 82.00001525894191 
96.00000000029299 82.00001525894191 
96.00000000029299 82.00001525894191 
96.00000000029299 82.00001525894191 
96.00000000029299 82.00001525894191 
96.00000000029299 82.00001525894191 
96.00000000029299 82.00001525894191 
96.00000000029299 82.00001525894191 
96.00000000029299 82.00001525894191 
96.00000000029299 82.00001525894191 
96.00000000029299 82.00001525894191 
96.00000000029299 82.00001525894191 
96.00000000029299 82.00001525894191 
96.00000000029299 82.00001525894191 
96.99996948178656 82.00001525894191 
96.00000000029299 82.00001525894191 
97.99993896328014 82.00001525894191 
97.99993896328014 81.00064088839 
97.99993896328014 80.000396740318 
97.99993896328014 79.00015259224601 
97.99993896328014 79.00015259224601 
97.99993896328014 79.00015259224601 
97.99993896328014 79.00015259224601 
97.99993896328014 79.00015259224601 
97.99993896328014 79.00015259224601 
97.99993896328014 79.00015259224601 
97.99993896328014 81.00064088839 
97.99993896328014 81.00064088839 
97.99993896328014 82.00001525894191 
97.99993896328014 81.00064088839 
97.99993896328014 81.00064088839 
97.99993896328014 82.00001525894191 
97.99993896328014 82.00001525894191 
97.99993896328014 82.00001525894191 
99.00000000030214 83.00025940701391 
99.00000000030214 82.00001525894191 
99.00000000030214 82.00001525894191 
99.00000000030214 82.00001525894191 
99.00000000030214 82.00001525894191 
97.99993896328014 82.00001525894191 
97.99993896328014 82.00001525894191 
99.00000000030214 82.00001525894191 
99.00000000030214 82.00001525894191 
97.99993896328014 82.00001525894191 
97.99993896328014 83.00025940701391 
97.99993896328014 83.00025940701391 
97.99993896328014 81.00064088839 
97.99993896328014 79.00015259224601 
97.99993896328014 77.00053407362208 
97.99993896328014 76.00028992555009 
97.99993896328014 75.00004577747809 
97.99993896328014 75.00004577747809 
97.99993896328014 76.00028992555009 
97.99993896328014 78.00077822169408 
97.99993896328014 78.00077822169408 
97.99993896328014 79.00015259224601 
97.99993896328014 79.00015259224601 
97.99993896328014 80.000396740318 
97.99993896328014 80.000396740318 
97.99993896328014 80.000396740318 
97.99993896328014 80.000396740318 
97.99993896328014 80.000396740318 
97.99993896328014 81.00064088839 
97.99993896328014 81.00064088839 
99.00000000030214 81.00064088839 
99.00000000030214 82.00001525894191 
97.99993896328014 82.00001525894191 
99.00000000030214 81.00064088839 
97.99993896328014 79.00015259224601 
97.99993896328014 77.00053407362208 
97.99993896328014 77.00053407362208 
97.99993896328014 77.00053407362208 
97.99993896328014 77.00053407362208 
97.99993896328014 77.00053407362208 
97.99993896328014 77.00053407362208 
97.99993896328014 77.00053407362208 
97.99993896328014 77.00053407362208 
97.99993896328014 78.00077822169408 
97.99993896328014 79.00015259224601 
97.99993896328014 80.000396740318 
97.99993896328014 80.000396740318 
97.99993896328014 80.000396740318 
97.99993896328014 78.00077822169408 
97.99993896328014 77.00053407362208 
97.99993896328014 74.00067140692617 
97.99993896328014 72.00018311078219 
97.99993896328014 74.00067140692617 
97.99993896328014 74.00067140692617 
96.99996948178656 75.00004577747809 
96.99996948178656 75.00004577747809 
96.99996948178656 75.00004577747809 
96.99996948178656 75.00004577747809 
96.99996948178656 75.00004577747809 
97.99993896328014 75.00004577747809 
97.99993896328014 75.00004577747809 
97.99993896328014 73.00042725885417 
97.99993896328014 72.00018311078219 
97.99993896328014 71.00080874023026 
97.99993896328014 70.00056459215827 
97.99993896328014 70.00056459215827 
97.99993896328014 70.00056459215827 
97.99993896328014 70.00056459215827 
97.99993896328014 72.00018311078219 
97.99993896328014 72.00018311078219 
97.99993896328014 75.00004577747809 
97.99993896328014 77.00053407362208 
97.99993896328014 77.00053407362208 
97.99993896328014 79.00015259224601 
97.99993896328014 79.00015259224601 
97.99993896328014 79.00015259224601 
97.99993896328014 79.00015259224601 
97.99993896328014 79.00015259224601 
97.99993896328014 80.000396740318 
97.99993896328014 79.00015259224601 
97.99993896328014 77.00053407362208 
97.99993896328014 76.00028992555009 
96.99996948178656 76.00028992555009 
97.99993896328014 76.00028992555009 
96.99996948178656 75.00004577747809 
96.99996948178656 76.00028992555009 
96.99996948178656 77.00053407362208 
96.99996948178656 77.00053407362208 
96.99996948178656 77.00053407362208 
96.99996948178656 77.00053407362208 
96.99996948178656 78.00077822169408 
96.99996948178656 78.00077822169408 
96.99996948178656 77.00053407362208 
96.99996948178656 77.00053407362208 
96.99996948178656 77.00053407362208 
96.99996948178656 76.00028992555009 
96.99996948178656 76.00028992555009 
96.99996948178656 75.00004577747809 
96.99996948178656 76.00028992555009 
96.99996948178656 76.00028992555009 
96.99996948178656 76.00028992555009 
96.99996948178656 76.00028992555009 
96.99996948178656 76.00028992555009 
96.99996948178656 76.00028992555009 
97.99993896328014 76.00028992555009 
97.99993896328014 76.00028992555009 
97.99993896328014 76.00028992555009 
97.99993896328014 76.00028992555009 
97.99993896328014 79.00015259224601 
97.99993896328014 79.00015259224601 
97.99993896328014 80.000396740318 
96.99996948178656 80.000396740318 
96.99996948178656 79.00015259224601 
96.99996948178656 79.00015259224601 
96.99996948178656 78.00077822169408 
96.99996948178656 77.00053407362208 
96.99996948178656 77.00053407362208 
96.99996948178656 76.00028992555009 
96.99996948178656 77.00053407362208 
96.99996948178656 77.00053407362208 
96.99996948178656 78.00077822169408 
96.99996948178656 78.00077822169408 
96.99996948178656 78.00077822169408 
96.99996948178656 78.00077822169408 
96.99996948178656 78.00077822169408 
96.99996948178656 77.00053407362208 
96.99996948178656 76.00028992555009 
96.99996948178656 76.00028992555009 
96.99996948178656 76.00028992555009 
96.99996948178656 77.00053407362208 
96.99996948178656 79.00015259224601 
96.99996948178656 78.00077822169408 
96.99996948178656 77.00053407362208 
96.99996948178656 77.00053407362208 
96.99996948178656 76.00028992555009 
96.00000000029299 76.00028992555009 
96.00000000029299 76.00028992555009 
96.99996948178656 81.00064088839 
96.99996948178656 81.00064088839 
96.99996948178656 81.00064088839 
96.99996948178656 81.00064088839 
96.99996948178656 81.00064088839 
96.99996948178656 82.00001525894191 
96.99996948178656 82.00001525894191 
96.99996948178656 81.00064088839 
96.99996948178656 82.00001525894191 
96.99996948178656 82.00001525894191 
96.99996948178656 84.0005035550859 
96.99996948178656 84.0005035550859 
96.99996948178656 79.00015259224601 
96.99996948178656 76.00028992555009 
96.99996948178656 74.00067140692617 
96.99996948178656 72.00018311078219 
97.99993896328014 72.00018311078219 
96.99996948178656 71.00080874023026 
96.99996948178656 71.00080874023026 
96.99996948178656 71.00080874023026 
96.99996948178656 71.00080874023026 
96.99996948178656 70.00056459215827 
96.99996948178656 70.00056459215827 
97.99993896328014 69.00032044408627 
97.99993896328014 69.00032044408627 
97.99993896328014 69.00032044408627 
97.99993896328014 67.00070192546235 
97.99993896328014 67.00070192546235 
97.99993896328014 68.00007629601429 
97.99993896328014 68.00007629601429 
96.99996948178656 70.00056459215827 
96.99996948178656 72.00018311078219 
96.99996948178656 72.00018311078219 
96.99996948178656 74.00067140692617 
96.99996948178656 74.00067140692617 
96.99996948178656 75.00004577747809 
96.99996948178656 75.00004577747809 
96.99996948178656 73.00042725885417 
96.99996948178656 74.00067140692617 
96.99996948178656 74.00067140692617 
96.99996948178656 74.00067140692617 
96.99996948178656 74.00067140692617 
96.99996948178656 74.00067140692617 
96.99996948178656 74.00067140692617 
96.99996948178656 74.00067140692617 
96.99996948178656 75.00004577747809 
96.99996948178656 78.00077822169408 
96.00000000029299 78.00077822169408 
96.00000000029299 79.00015259224601 
96.00000000029299 82.00001525894191 
96.99996948178656 83.00025940701391 
96.99996948178656 84.0005035550859 
96.99996948178656 83.00025940701391 
96.99996948178656 83.00025940701391 
96.99996948178656 82.00001525894191 
96.99996948178656 82.00001525894191 
96.99996948178656 80.000396740318 
97.99993896328014 79.00015259224601 
97.99993896328014 77.00053407362208 
97.99993896328014 77.00053407362208 
97.99993896328014 77.00053407362208 
97.99993896328014 77.00053407362208 
97.99993896328014 79.00015259224601 
97.99993896328014 79.00015259224601 
97.99993896328014 83.00025940701391 
97.99993896328014 85.0007477031579 
97.99993896328014 85.0007477031579 
97.99993896328014 85.0007477031579 
97.99993896328014 85.0007477031579 
97.99993896328014 85.0007477031579 
97.99993896328014 84.0005035550859 
97.99993896328014 82.00001525894191 
97.99993896328014 82.00001525894191 
97.99993896328014 80.000396740318 
97.99993896328014 80.000396740318 
97.99993896328014 80.000396740318 
96.99996948178656 79.00015259224601 
96.99996948178656 77.00053407362208 
96.99996948178656 77.00053407362208 
97.99993896328014 76.00028992555009 
96.99996948178656 76.00028992555009 
96.99996948178656 76.00028992555009 
96.99996948178656 77.00053407362208 
96.00000000029299 79.00015259224601 
96.00000000029299 80.000396740318 
96.00000000029299 80.000396740318 
96.00000000029299 81.00064088839 
96.00000000029299 80.000396740318 
96.00000000029299 80.000396740318 
96.00000000029299 80.000396740318 
96.00000000029299 80.000396740318 
96.00000000029299 80.000396740318 
96.99996948178656 79.00015259224601 
96.00000000029299 79.00015259224601 
96.00000000029299 79.00015259224601 
96.00000000029299 79.00015259224601 
96.99996948178656 79.00015259224601 
96.00000000029299 80.000396740318 
96.00000000029299 80.000396740318 
96.00000000029299 80.000396740318 
97.99993896328014 80.000396740318 
97.99993896328014 79.00015259224601 
97.99993896328014 79.00015259224601 
97.99993896328014 79.00015259224601 
96.99996948178656 80.000396740318 
97.99993896328014 79.00015259224601 
96.99996948178656 78.00077822169408 
96.99996948178656 79.00015259224601 
96.99996948178656 79.00015259224601 
96.99996948178656 79.00015259224601 
96.99996948178656 79.00015259224601 
96.99996948178656 78.00077822169408 
96.99996948178656 77.00053407362208 
97.99993896328014 77.00053407362208 
97.99993896328014 77.00053407362208 
97.99993896328014 77.00053407362208 
96.99996948178656 77.00053407362208 
96.99996948178656 77.00053407362208 
96.99996948178656 77.00053407362208 
96.99996948178656 75.00004577747809 
97.99993896328014 74.00067140692617 
97.99993896328014 74.00067140692617 
97.99993896328014 74.00067140692617 
97.99993896328014 75.00004577747809 
96.99996948178656 75.00004577747809 
96.99996948178656 77.00053407362208 
96.99996948178656 77.00053407362208 
96.99996948178656 77.00053407362208 
96.99996948178656 77.00053407362208 
97.99993896328014 77.00053407362208 
97.99993896328014 77.00053407362208 
97.99993896328014 77.00053407362208 
97.99993896328014 77.00053407362208 
97.99993896328014 77.00053407362208 
97.99993896328014 77.00053407362208 
97.99993896328014 77.00053407362208 
97.99993896328014 78.00077822169408 
97.99993896328014 81.00064088839 
96.99996948178656 81.00064088839 
96.99996948178656 81.00064088839 
96.99996948178656 81.00064088839 
96.99996948178656 81.00064088839 
96.99996948178656 82.00001525894191 
96.99996948178656 82.00001525894191 
96.99996948178656 82.00001525894191 
96.99996948178656 82.00001525894191 
96.99996948178656 81.00064088839 
96.99996948178656 80.000396740318 
96.99996948178656 79.00015259224601 
96.99996948178656 79.00015259224601 
96.99996948178656 79.00015259224601 
96.99996948178656 79.00015259224601 
96.99996948178656 79.00015259224601 
96.99996948178656 79.00015259224601 
96.99996948178656 79.00015259224601 
96.99996948178656 79.00015259224601 
96.99996948178656 79.00015259224601 
99.00000000030214 79.00015259224601 
99.00000000030214 79.00015259224601 
99.00000000030214 79.00015259224601 
99.00000000030214 79.00015259224601 
99.00000000030214 79.00015259224601 
99.00000000030214 79.00015259224601 
99.00000000030214 79.00015259224601 
99.00000000030214 79.00015259224601 
99.00000000030214 79.00015259224601 
99.00000000030214 79.00015259224601 
99.00000000030214 79.00015259224601 
97.99993896328014 79.00015259224601 
97.99993896328014 78.00077822169408 
97.99993896328014 80.000396740318 
97.99993896328014 78.00077822169408 
97.99993896328014 77.00053407362208 
97.99993896328014 75.00004577747809 
97.99993896328014 73.00042725885417 
97.99993896328014 72.00018311078219 
97.99993896328014 71.00080874023026 
97.99993896328014 70.00056459215827 
97.99993896328014 70.00056459215827 
97.99993896328014 71.00080874023026 
96.99996948178656 70.00056459215827 
96.99996948178656 69.00032044408627 
96.99996948178656 68.00007629601429 
96.99996948178656 67.00070192546235 
96.99996948178656 67.00070192546235 
97.99993896328014 69.00032044408627 
97.99993896328014 75.00004577747809 
96.99996948178656 75.00004577747809 
96.99996948178656 78.00077822169408 
96.99996948178656 79.00015259224601 
96.99996948178656 78.00077822169408 
96.99996948178656 74.00067140692617 
96.99996948178656 73.00042725885417 
96.99996948178656 71.00080874023026 
96.99996948178656 70.00056459215827 
96.99996948178656 69.00032044408627 
96.99996948178656 69.00032044408627 
96.99996948178656 69.00032044408627 
96.99996948178656 69.00032044408627 
96.99996948178656 68.00007629601429 
96.99996948178656 68.00007629601429 
96.99996948178656 67.00070192546235 
96.99996948178656 66.00045777739035 
96.99996948178656 65.00021362931837 
96.99996948178656 65.00021362931837 
96.99996948178656 65.00021362931837 
96.99996948178656 66.00045777739035 
96.99996948178656 66.00045777739035 
96.99996948178656 66.00045777739035 
96.99996948178656 67.00070192546235 
96.00000000029299 67.00070192546235 
96.00000000029299 67.00070192546235 
96.00000000029299 66.00045777739035 
96.00000000029299 66.00045777739035 
96.00000000029299 65.00021362931837 
96.00000000029299 65.00021362931837 
96.00000000029299 65.00021362931837 
96.00000000029299 66.00045777739035 
96.00000000029299 65.00021362931837 
96.00000000029299 65.00021362931837 
96.00000000029299 65.00021362931837 
96.00000000029299 65.00021362931837 
96.00000000029299 65.00021362931837 
96.00000000029299 64.00083925876643 
96.00000000029299 64.00083925876643 
96.00000000029299 65.00021362931837 
96.00000000029299 64.00083925876643 
96.00000000029299 64.00083925876643 
96.00000000029299 64.00083925876643 
96.00000000029299 64.00083925876643 
96.00000000029299 63.00059511069444 
96.00000000029299 63.00059511069444 
96.00000000029299 64.00083925876643 
96.00000000029299 63.00059511069444 
96.00000000029299 63.00059511069444 
96.00000000029299 63.00059511069444 
96.00000000029299 63.00059511069444 
96.00000000029299 63.00059511069444 
96.00000000029299 62.00035096262245 
96.00000000029299 62.00035096262245 
96.00000000029299 62.00035096262245 
96.00000000029299 62.00035096262245 
96.00000000029299 62.00035096262245 
96.00000000029299 61.000106814550456 
96.00000000029299 62.00035096262245 
96.00000000029299 64.00083925876643 
96.00000000029299 67.00070192546235 
96.00000000029299 67.00070192546235 
96.00000000029299 69.00032044408627 
96.00000000029299 67.00070192546235 
96.00000000029299 67.00070192546235 
96.00000000029299 65.00021362931837 
96.00000000029299 64.00083925876643 
96.00000000029299 62.00035096262245 
96.00000000029299 61.000106814550456 
96.00000000029299 61.000106814550456 
96.00000000029299 60.00073244399853 
96.00000000029299 61.000106814550456 
96.00000000029299 61.000106814550456 
96.00000000029299 62.00035096262245 
96.00000000029299 63.00059511069444 
96.00000000029299 63.00059511069444 
96.00000000029299 63.00059511069444 
96.00000000029299 63.00059511069444 
96.00000000029299 63.00059511069444 
96.00000000029299 62.00035096262245 
96.00000000029299 62.00035096262245 
96.00000000029299 62.00035096262245 
96.00000000029299 62.00035096262245 
96.00000000029299 62.00035096262245 
96.00000000029299 62.00035096262245 
96.00000000029299 63.00059511069444 
96.00000000029299 63.00059511069444 
96.00000000029299 63.00059511069444 
96.00000000029299 62.00035096262245 
96.00000000029299 63.00059511069444 
96.00000000029299 63.00059511069444 
96.00000000029299 63.00059511069444 
96.00000000029299 62.00035096262245 
96.00000000029299 62.00035096262245 
96.00000000029299 63.00059511069444 
96.00000000029299 63.00059511069444 
96.00000000029299 63.00059511069444 
96.00000000029299 63.00059511069444 
96.00000000029299 63.00059511069444 
96.00000000029299 63.00059511069444 
96.00000000029299 63.00059511069444 
96.00000000029299 63.00059511069444 
96.00000000029299 63.00059511069444 
96.00000000029299 62.00035096262245 
96.00000000029299 62.00035096262245 
96.00000000029299 62.00035096262245 
96.00000000029299 62.00035096262245 
96.00000000029299 62.00035096262245 
96.00000000029299 63.00059511069444 
96.00000000029299 63.00059511069444 
96.00000000029299 64.00083925876643 
96.00000000029299 64.00083925876643 
95.0000305187994 65.00021362931837 
95.0000305187994 65.00021362931837 
95.0000305187994 65.00021362931837 
95.0000305187994 65.00021362931837 
96.00000000029299 65.00021362931837 
96.00000000029299 65.00021362931837 
96.00000000029299 65.00021362931837 
95.0000305187994 65.00021362931837 
95.0000305187994 66.00045777739035 
95.0000305187994 67.00070192546235 
95.0000305187994 67.00070192546235 
95.0000305187994 67.00070192546235 
95.0000305187994 67.00070192546235 
96.00000000029299 68.00007629601429 
96.00000000029299 67.00070192546235 
95.0000305187994 67.00070192546235 
95.0000305187994 67.00070192546235 
95.0000305187994 67.00070192546235 
95.0000305187994 67.00070192546235 
95.0000305187994 67.00070192546235 
95.0000305187994 68.00007629601429 
95.0000305187994 67.00070192546235 
96.00000000029299 66.00045777739035 
96.00000000029299 66.00045777739035 
96.00000000029299 67.00070192546235 
96.00000000029299 67.00070192546235 
96.00000000029299 67.00070192546235 
96.00000000029299 67.00070192546235 
96.00000000029299 67.00070192546235 
96.00000000029299 67.00070192546235 
96.00000000029299 67.00070192546235 
96.00000000029299 66.00045777739035 
96.00000000029299 66.00045777739035 
96.00000000029299 65.00021362931837 
96.00000000029299 66.00045777739035 
96.00000000029299 65.00021362931837 
96.00000000029299 65.00021362931837 
96.00000000029299 65.00021362931837 
96.00000000029299 65.00021362931837 
96.00000000029299 65.00021362931837 
96.00000000029299 65.00021362931837 
96.00000000029299 65.00021362931837 
96.00000000029299 65.00021362931837 
96.00000000029299 64.00083925876643 
96.00000000029299 65.00021362931837 
96.00000000029299 65.00021362931837 
96.00000000029299 64.00083925876643 
96.00000000029299 64.00083925876643 
96.00000000029299 64.00083925876643 
96.00000000029299 63.00059511069444 
96.00000000029299 63.00059511069444 
96.00000000029299 63.00059511069444 
96.00000000029299 63.00059511069444 
96.00000000029299 63.00059511069444 
96.00000000029299 63.00059511069444 
96.00000000029299 63.00059511069444 
96.00000000029299 63.00059511069444 
96.00000000029299 63.00059511069444 
96.00000000029299 63.00059511069444 
96.00000000029299 62.00035096262245 
96.00000000029299 62.00035096262245 
96.00000000029299 63.00059511069444 
96.00000000029299 62.00035096262245 
96.00000000029299 63.00059511069444 
96.00000000029299 63.00059511069444 
96.00000000029299 63.00059511069444 
96.00000000029299 64.00083925876643 
96.00000000029299 64.00083925876643 
96.00000000029299 64.00083925876643 
96.00000000029299 65.00021362931837 
96.00000000029299 65.00021362931837 
96.00000000029299 67.00070192546235 
96.00000000029299 67.00070192546235 
96.00000000029299 67.00070192546235 
95.0000305187994 68.00007629601429 
95.0000305187994 68.00007629601429 
95.0000305187994 68.00007629601429 
95.0000305187994 70.00056459215827 
95.0000305187994 71.00080874023026 
95.0000305187994 71.00080874023026 
95.0000305187994 74.00067140692617 
95.0000305187994 78.00077822169408 
95.0000305187994 78.00077822169408 
95.0000305187994 81.00064088839 
95.0000305187994 81.00064088839 
95.0000305187994 81.00064088839 
95.0000305187994 80.000396740318 
95.0000305187994 78.00077822169408 
95.0000305187994 77.00053407362208 
95.0000305187994 77.00053407362208 
95.0000305187994 76.00028992555009 
95.0000305187994 75.00004577747809 
95.0000305187994 75.00004577747809 
95.0000305187994 76.00028992555009 
96.00000000029299 75.00004577747809 
96.00000000029299 75.00004577747809 
96.00000000029299 74.00067140692617 
96.00000000029299 73.00042725885417 
96.00000000029299 71.00080874023026 
96.00000000029299 69.00032044408627 
96.00000000029299 69.00032044408627 
96.00000000029299 69.00032044408627 
96.00000000029299 68.00007629601429 
96.00000000029299 69.00032044408627 
96.00000000029299 68.00007629601429 
96.00000000029299 69.00032044408627 
95.0000305187994 69.00032044408627 
95.0000305187994 69.00032044408627 
96.00000000029299 69.00032044408627 
96.00000000029299 70.00056459215827 
96.00000000029299 69.00032044408627 
96.00000000029299 69.00032044408627 
96.00000000029299 68.00007629601429 
96.00000000029299 68.00007629601429 
96.00000000029299 68.00007629601429 
96.00000000029299 67.00070192546235 
96.00000000029299 66.00045777739035 
96.00000000029299 67.00070192546235 
96.00000000029299 66.00045777739035 
96.00000000029299 67.00070192546235 
96.00000000029299 66.00045777739035 
96.00000000029299 66.00045777739035 
96.00000000029299 66.00045777739035 
96.00000000029299 66.00045777739035 
96.00000000029299 65.00021362931837 
96.00000000029299 65.00021362931837 
96.00000000029299 65.00021362931837 
96.00000000029299 65.00021362931837 
96.00000000029299 65.00021362931837 
96.00000000029299 65.00021362931837 
96.00000000029299 66.00045777739035 
96.00000000029299 66.00045777739035 
96.00000000029299 67.00070192546235 
96.00000000029299 68.00007629601429 
96.00000000029299 67.00070192546235 
96.00000000029299 67.00070192546235 
96.00000000029299 67.00070192546235 
96.00000000029299 66.00045777739035 
96.00000000029299 65.00021362931837 
96.00000000029299 65.00021362931837 
96.00000000029299 65.00021362931837 
96.00000000029299 65.00021362931837 
96.99996948178656 64.00083925876643 
96.00000000029299 64.00083925876643 
96.99996948178656 64.00083925876643 
96.99996948178656 64.00083925876643 
96.99996948178656 63.00059511069444 
96.99996948178656 63.00059511069444 
96.99996948178656 63.00059511069444 
96.99996948178656 64.00083925876643 
96.99996948178656 63.00059511069444 
96.99996948178656 63.00059511069444 
96.99996948178656 63.00059511069444 
96.99996948178656 63.00059511069444 
96.00000000029299 63.00059511069444 
96.00000000029299 63.00059511069444 
96.00000000029299 62.00035096262245 
96.00000000029299 63.00059511069444 
96.00000000029299 63.00059511069444 
96.00000000029299 63.00059511069444 
96.00000000029299 63.00059511069444 
96.00000000029299 63.00059511069444 
96.00000000029299 64.00083925876643 
96.00000000029299 64.00083925876643 
96.00000000029299 64.00083925876643 
96.00000000029299 64.00083925876643 
96.00000000029299 64.00083925876643 
96.00000000029299 64.00083925876643 
96.00000000029299 64.00083925876643 
96.00000000029299 65.00021362931837 
96.00000000029299 64.00083925876643 
96.00000000029299 64.00083925876643 
96.00000000029299 64.00083925876643 
96.00000000029299 63.00059511069444 
96.00000000029299 63.00059511069444 
96.00000000029299 64.00083925876643 
96.00000000029299 64.00083925876643 
96.00000000029299 65.00021362931837 
96.00000000029299 65.00021362931837 
96.00000000029299 65.00021362931837 
96.00000000029299 65.00021362931837 
96.00000000029299 65.00021362931837 
96.00000000029299 65.00021362931837 
96.00000000029299 67.00070192546235 
96.00000000029299 69.00032044408627 
96.00000000029299 69.00032044408627 
96.00000000029299 79.00015259224601 
96.99996948178656 79.00015259224601 
97.99993896328014 81.00064088839 
97.99993896328014 81.00064088839 
97.99993896328014 81.00064088839 
97.99993896328014 81.00064088839 
97.99993896328014 81.00064088839 
97.99993896328014 81.00064088839 
97.99993896328014 81.00064088839 
97.99993896328014 81.00064088839 
97.99993896328014 81.00064088839 
97.99993896328014 81.00064088839 
97.99993896328014 81.00064088839 
97.99993896328014 81.00064088839 
97.99993896328014 81.00064088839 
97.99993896328014 81.00064088839 
97.99993896328014 81.00064088839 
97.99993896328014 81.00064088839 
97.99993896328014 81.00064088839 
97.99993896328014 81.00064088839 
97.99993896328014 81.00064088839 
97.99993896328014 81.00064088839 
97.99993896328014 81.00064088839 
97.99993896328014 81.00064088839 
97.99993896328014 81.00064088839 
97.99993896328014 81.00064088839 
97.99993896328014 81.00064088839 
97.99993896328014 81.00064088839 
97.99993896328014 81.00064088839 
97.99993896328014 83.00025940701391 
97.99993896328014 83.00025940701391 
97.99993896328014 83.00025940701391 
97.99993896328014 83.00025940701391 
97.99993896328014 82.00001525894191 
97.99993896328014 78.00077822169408 
97.99993896328014 76.00028992555009 
97.99993896328014 76.00028992555009 
97.99993896328014 74.00067140692617 
97.99993896328014 74.00067140692617 
97.99993896328014 74.00067140692617 
97.99993896328014 75.00004577747809 
97.99993896328014 75.00004577747809 
97.99993896328014 76.00028992555009 
97.99993896328014 75.00004577747809 
97.99993896328014 74.00067140692617 
97.99993896328014 73.00042725885417 
96.99996948178656 72.00018311078219 
96.99996948178656 72.00018311078219 
96.99996948178656 72.00018311078219 
96.99996948178656 71.00080874023026 
96.99996948178656 71.00080874023026 
96.99996948178656 71.00080874023026 
96.99996948178656 71.00080874023026 
96.99996948178656 72.00018311078219 
96.99996948178656 72.00018311078219 
96.99996948178656 72.00018311078219 
96.99996948178656 72.00018311078219 
96.99996948178656 75.00004577747809 
96.99996948178656 78.00077822169408 
96.99996948178656 84.0005035550859 
96.00000000029299 84.0005035550859 
96.00000000029299 86.99949644426175 
96.00000000029299 85.0007477031579 
96.00000000029299 84.0005035550859 
96.00000000029299 82.00001525894191 
96.99996948178656 78.00077822169408 
96.00000000029299 76.00028992555009 
96.99996948178656 73.00042725885417 
96.99996948178656 71.00080874023026 
96.99996948178656 69.00032044408627 
96.99996948178656 67.00070192546235 
96.99996948178656 67.00070192546235 
96.99996948178656 66.00045777739035 
96.99996948178656 65.00021362931837 
96.99996948178656 64.00083925876643 
96.99996948178656 63.00059511069444 
96.99996948178656 63.00059511069444 
96.99996948178656 64.00083925876643 
96.99996948178656 64.00083925876643 
96.99996948178656 65.00021362931837 
96.99996948178656 65.00021362931837 
96.99996948178656 66.00045777739035 
96.99996948178656 66.00045777739035 
96.99996948178656 66.00045777739035 
96.99996948178656 66.00045777739035 
96.99996948178656 66.00045777739035 
96.99996948178656 68.00007629601429 
96.99996948178656 68.00007629601429 
96.99996948178656 68.00007629601429 
96.99996948178656 68.00007629601429 
96.99996948178656 69.00032044408627 
96.99996948178656 70.00056459215827 
96.99996948178656 72.00018311078219 
96.99996948178656 72.00018311078219 
96.99996948178656 72.00018311078219 
96.99996948178656 72.00018311078219 
96.99996948178656 71.00080874023026 
97.99993896328014 70.00056459215827 
97.99993896328014 68.00007629601429 
97.99993896328014 67.00070192546235 
97.99993896328014 66.00045777739035 
97.99993896328014 66.00045777739035 
97.99993896328014 65.00021362931837 
97.99993896328014 64.00083925876643 
97.99993896328014 64.00083925876643 
97.99993896328014 64.00083925876643 
97.99993896328014 63.00059511069444 
97.99993896328014 63.00059511069444 
97.99993896328014 63.00059511069444 
97.99993896328014 63.00059511069444 
97.99993896328014 62.00035096262245 
97.99993896328014 63.00059511069444 
97.99993896328014 63.00059511069444 
97.99993896328014 63.00059511069444 
96.99996948178656 63.00059511069444 
96.99996948178656 64.00083925876643 
96.99996948178656 64.00083925876643 
96.99996948178656 64.00083925876643 
96.99996948178656 64.00083925876643 
96.99996948178656 64.00083925876643 
96.99996948178656 65.00021362931837 
96.99996948178656 64.00083925876643 
96.99996948178656 64.00083925876643 
96.99996948178656 65.00021362931837 
96.99996948178656 64.00083925876643 
96.99996948178656 64.00083925876643 
96.99996948178656 64.00083925876643 
96.99996948178656 64.00083925876643 
96.99996948178656 63.00059511069444 
96.99996948178656 63.00059511069444 
96.99996948178656 63.00059511069444 
96.99996948178656 64.00083925876643 
96.99996948178656 65.00021362931837 
96.99996948178656 66.00045777739035 
96.99996948178656 66.00045777739035 
96.99996948178656 66.00045777739035 
96.00000000029299 66.00045777739035 
96.00000000029299 66.00045777739035 
96.00000000029299 66.00045777739035 
96.00000000029299 66.00045777739035 
96.99996948178656 66.00045777739035 
96.99996948178656 66.00045777739035 
96.99996948178656 67.00070192546235 
96.99996948178656 67.00070192546235 
96.99996948178656 67.00070192546235 
96.99996948178656 66.00045777739035 
96.99996948178656 66.00045777739035 
96.99996948178656 66.00045777739035 
96.99996948178656 66.00045777739035 
96.99996948178656 66.00045777739035 
96.99996948178656 67.00070192546235 
96.99996948178656 68.00007629601429 
96.99996948178656 68.00007629601429 
96.99996948178656 69.00032044408627 
96.99996948178656 70.00056459215827 
96.99996948178656 70.00056459215827 
96.99996948178656 70.00056459215827 
96.99996948178656 70.00056459215827 
96.99996948178656 69.00032044408627 
96.99996948178656 68.00007629601429 
96.99996948178656 68.00007629601429 
96.99996948178656 68.00007629601429 
96.99996948178656 67.00070192546235 
96.99996948178656 68.00007629601429 
96.99996948178656 68.00007629601429 
96.99996948178656 67.00070192546235 
96.99996948178656 67.00070192546235 
96.99996948178656 67.00070192546235 
96.99996948178656 66.00045777739035 
96.99996948178656 66.00045777739035 
96.99996948178656 64.00083925876643 
96.99996948178656 64.00083925876643 
96.99996948178656 64.00083925876643 
96.00000000029299 64.00083925876643 
96.00000000029299 64.00083925876643 
96.00000000029299 65.00021362931837 
96.00000000029299 66.00045777739035 
96.00000000029299 68.00007629601429 
96.00000000029299 68.00007629601429 
96.00000000029299 68.00007629601429 
96.00000000029299 68.00007629601429 
96.00000000029299 70.00056459215827 
96.00000000029299 69.00032044408627 
96.00000000029299 69.00032044408627 
96.00000000029299 69.00032044408627 
96.00000000029299 69.00032044408627 
96.00000000029299 69.00032044408627 
96.99996948178656 69.00032044408627 
96.99996948178656 70.00056459215827 
96.99996948178656 70.00056459215827 
96.99996948178656 70.00056459215827 
96.99996948178656 71.00080874023026 
96.99996948178656 71.00080874023026 
96.99996948178656 71.00080874023026 
96.99996948178656 71.00080874023026 
96.00000000029299 70.00056459215827 
96.99996948178656 70.00056459215827 
96.99996948178656 69.00032044408627 
96.99996948178656 69.00032044408627 
96.99996948178656 69.00032044408627 
96.99996948178656 69.00032044408627 
96.99996948178656 69.00032044408627 
96.99996948178656 70.00056459215827 
96.99996948178656 70.00056459215827 
96.99996948178656 69.00032044408627 
96.99996948178656 70.00056459215827 
96.99996948178656 70.00056459215827 
96.99996948178656 70.00056459215827 
96.99996948178656 70.00056459215827 
96.99996948178656 71.00080874023026 
96.99996948178656 71.00080874023026 
96.99996948178656 70.00056459215827 
96.99996948178656 70.00056459215827 
96.99996948178656 70.00056459215827 
96.99996948178656 69.00032044408627 
96.99996948178656 68.00007629601429 
96.99996948178656 68.00007629601429 
96.99996948178656 67.00070192546235 
96.99996948178656 67.00070192546235 
96.99996948178656 68.00007629601429 
96.99996948178656 68.00007629601429 
96.99996948178656 68.00007629601429 
96.00000000029299 69.00032044408627 
96.00000000029299 69.00032044408627 
96.00000000029299 69.00032044408627 
96.00000000029299 69.00032044408627 
96.00000000029299 69.00032044408627 
96.00000000029299 70.00056459215827 
96.00000000029299 70.00056459215827 
96.00000000029299 72.00018311078219 
96.00000000029299 73.00042725885417 
96.00000000029299 74.00067140692617 
96.00000000029299 74.00067140692617 
96.00000000029299 75.00004577747809 
96.99996948178656 73.00042725885417 
96.99996948178656 72.00018311078219 
96.99996948178656 73.00042725885417 
96.99996948178656 71.00080874023026 
96.99996948178656 70.00056459215827 
96.99996948178656 70.00056459215827 
96.99996948178656 70.00056459215827 
96.99996948178656 69.00032044408627 
96.00000000029299 68.00007629601429 
96.00000000029299 68.00007629601429 
96.00000000029299 67.00070192546235 
96.99996948178656 67.00070192546235 
96.99996948178656 66.00045777739035 
96.99996948178656 66.00045777739035 
96.99996948178656 65.00021362931837 
96.99996948178656 65.00021362931837 
96.99996948178656 65.00021362931837 
96.99996948178656 65.00021362931837 
96.99996948178656 66.00045777739035 
96.99996948178656 65.00021362931837 
96.00000000029299 66.00045777739035 
96.00000000029299 67.00070192546235 
96.00000000029299 66.00045777739035 
96.00000000029299 66.00045777739035 
96.00000000029299 67.00070192546235 
96.99996948178656 67.00070192546235 
96.99996948178656 66.00045777739035 
96.99996948178656 66.00045777739035 
96.99996948178656 66.00045777739035 
96.00000000029299 66.00045777739035 
96.99996948178656 65.00021362931837 
96.99996948178656 65.00021362931837 
96.99996948178656 66.00045777739035 
96.99996948178656 66.00045777739035 
96.99996948178656 67.00070192546235 
96.99996948178656 68.00007629601429 
96.99996948178656 68.00007629601429 
96.00000000029299 69.00032044408627 
96.00000000029299 69.00032044408627 
96.00000000029299 69.00032044408627 
96.00000000029299 69.00032044408627 
96.00000000029299 69.00032044408627 
96.00000000029299 69.00032044408627 
96.00000000029299 69.00032044408627 
96.99996948178656 69.00032044408627 
96.00000000029299 69.00032044408627 
96.00000000029299 69.00032044408627 
96.00000000029299 69.00032044408627 
96.99996948178656 69.00032044408627 
96.99996948178656 68.00007629601429 
96.99996948178656 66.00045777739035 
96.99996948178656 66.00045777739035 
97.99993896328014 65.00021362931837 
96.99996948178656 65.00021362931837 
97.99993896328014 65.00021362931837 
96.99996948178656 65.00021362931837 
96.99996948178656 65.00021362931837 
96.99996948178656 65.00021362931837 
96.99996948178656 67.00070192546235 
96.99996948178656 68.00007629601429 
96.99996948178656 69.00032044408627 
96.99996948178656 69.00032044408627 
96.99996948178656 69.00032044408627 
96.99996948178656 69.00032044408627 
96.99996948178656 69.00032044408627 
96.99996948178656 69.00032044408627 
96.99996948178656 69.00032044408627 
96.99996948178656 69.00032044408627 
96.99996948178656 68.00007629601429 
96.99996948178656 68.00007629601429 
96.99996948178656 67.00070192546235 
96.99996948178656 67.00070192546235 
96.99996948178656 67.00070192546235 
96.99996948178656 67.00070192546235 
96.99996948178656 69.00032044408627 
96.99996948178656 69.00032044408627 
96.99996948178656 70.00056459215827 
96.99996948178656 70.00056459215827 
96.99996948178656 71.00080874023026 
96.99996948178656 71.00080874023026 
96.99996948178656 71.00080874023026 
96.99996948178656 70.00056459215827 
96.99996948178656 69.00032044408627 
96.99996948178656 69.00032044408627 
96.99996948178656 67.00070192546235 
96.99996948178656 67.00070192546235 
96.99996948178656 67.00070192546235 
96.99996948178656 67.00070192546235 
96.99996948178656 67.00070192546235 
96.99996948178656 67.00070192546235 
96.99996948178656 68.00007629601429 
96.99996948178656 68.00007629601429 
96.99996948178656 68.00007629601429 
96.99996948178656 69.00032044408627 
96.99996948178656 69.00032044408627 
96.00000000029299 70.00056459215827 
96.00000000029299 70.00056459215827 
96.00000000029299 70.00056459215827 
96.00000000029299 70.00056459215827 
96.00000000029299 70.00056459215827 
96.99996948178656 70.00056459215827 
96.00000000029299 71.00080874023026 
96.00000000029299 71.00080874023026 
96.00000000029299 71.00080874023026 
96.00000000029299 71.00080874023026 
96.00000000029299 72.00018311078219 
96.00000000029299 71.00080874023026 
96.00000000029299 71.00080874023026 
96.00000000029299 71.00080874023026 
96.00000000029299 70.00056459215827 
96.00000000029299 70.00056459215827 
96.00000000029299 70.00056459215827 
96.00000000029299 69.00032044408627 
97.99993896328014 74.00067140692617 
97.99993896328014 74.00067140692617 
97.99993896328014 75.00004577747809 
97.99993896328014 76.00028992555009 
97.99993896328014 77.00053407362208 
97.99993896328014 77.00053407362208 
96.99996948178656 77.00053407362208 
97.99993896328014 77.00053407362208 
96.99996948178656 76.00028992555009 
96.99996948178656 77.00053407362208 
96.99996948178656 78.00077822169408 
96.99996948178656 77.00053407362208 
96.99996948178656 77.00053407362208 
97.99993896328014 77.00053407362208 
97.99993896328014 72.00018311078219 
97.99993896328014 70.00056459215827 
97.99993896328014 68.00007629601429 
97.99993896328014 68.00007629601429 
97.99993896328014 68.00007629601429 
97.99993896328014 67.00070192546235 
97.99993896328014 67.00070192546235 
97.99993896328014 67.00070192546235 
97.99993896328014 66.00045777739035 
97.99993896328014 65.00021362931837 
97.99993896328014 65.00021362931837 
97.99993896328014 63.00059511069444 
97.99993896328014 63.00059511069444 
97.99993896328014 62.00035096262245 
97.99993896328014 63.00059511069444 
97.99993896328014 63.00059511069444 
97.99993896328014 64.00083925876643 
97.99993896328014 64.00083925876643 
97.99993896328014 64.00083925876643 
97.99993896328014 65.00021362931837 
97.99993896328014 66.00045777739035 
97.99993896328014 65.00021362931837 
97.99993896328014 64.00083925876643 
97.99993896328014 64.00083925876643 
97.99993896328014 64.00083925876643 
97.99993896328014 63.00059511069444 
96.99996948178656 63.00059511069444 
96.99996948178656 64.00083925876643 
96.99996948178656 64.00083925876643 
96.99996948178656 64.00083925876643 
96.99996948178656 64.00083925876643 
97.99993896328014 64.00083925876643 
96.99996948178656 64.00083925876643 
96.99996948178656 65.00021362931837 
97.99993896328014 66.00045777739035 
96.99996948178656 66.00045777739035 
96.99996948178656 67.00070192546235 
96.99996948178656 67.00070192546235 
96.99996948178656 67.00070192546235 
96.99996948178656 67.00070192546235 
96.99996948178656 68.00007629601429 
96.99996948178656 68.00007629601429 
96.99996948178656 68.00007629601429 
96.99996948178656 69.00032044408627 
96.99996948178656 69.00032044408627 
96.99996948178656 70.00056459215827 
96.99996948178656 71.00080874023026 
96.99996948178656 71.00080874023026 
96.99996948178656 70.00056459215827 
96.99996948178656 70.00056459215827 
96.99996948178656 70.00056459215827 
96.99996948178656 69.00032044408627 
96.99996948178656 68.00007629601429 
96.99996948178656 68.00007629601429 
96.99996948178656 68.00007629601429 
96.99996948178656 67.00070192546235 
96.99996948178656 66.00045777739035 
96.99996948178656 66.00045777739035 
96.99996948178656 66.00045777739035 
96.99996948178656 65.00021362931837 
96.99996948178656 64.00083925876643 
96.00000000029299 65.00021362931837 
96.00000000029299 65.00021362931837 
96.00000000029299 65.00021362931837 
96.00000000029299 65.00021362931837 
96.00000000029299 66.00045777739035 
96.00000000029299 66.00045777739035 
96.00000000029299 66.00045777739035 
96.00000000029299 66.00045777739035 
96.00000000029299 66.00045777739035 
96.00000000029299 66.00045777739035 
96.00000000029299 66.00045777739035 
96.00000000029299 66.00045777739035 
96.00000000029299 66.00045777739035 
96.00000000029299 66.00045777739035 
96.00000000029299 66.00045777739035 
96.00000000029299 66.00045777739035 
96.00000000029299 66.00045777739035 
96.00000000029299 66.00045777739035 
96.00000000029299 66.00045777739035 
96.00000000029299 65.00021362931837 
96.00000000029299 66.00045777739035 
96.00000000029299 69.00032044408627 
96.00000000029299 72.00018311078219 
96.00000000029299 72.00018311078219 
96.00000000029299 73.00042725885417 
96.00000000029299 73.00042725885417 
96.00000000029299 72.00018311078219 
96.00000000029299 71.00080874023026 
96.00000000029299 71.00080874023026 
96.00000000029299 71.00080874023026 
96.00000000029299 70.00056459215827 
96.00000000029299 70.00056459215827 
96.00000000029299 71.00080874023026 
96.00000000029299 71.00080874023026 
96.00000000029299 70.00056459215827 
96.00000000029299 69.00032044408627 
96.00000000029299 67.00070192546235 
96.00000000029299 66.00045777739035 
96.00000000029299 66.00045777739035 
96.00000000029299 66.00045777739035 
96.00000000029299 66.00045777739035 
96.00000000029299 65.00021362931837 
95.0000305187994 65.00021362931837 
95.0000305187994 66.00045777739035 
95.0000305187994 66.00045777739035 
95.0000305187994 65.00021362931837 
95.0000305187994 64.00083925876643 
95.0000305187994 64.00083925876643 
95.0000305187994 64.00083925876643 
95.0000305187994 64.00083925876643 
95.0000305187994 63.00059511069444 
95.0000305187994 63.00059511069444 
95.0000305187994 63.00059511069444 
95.0000305187994 62.00035096262245 
95.0000305187994 62.00035096262245 
96.00000000029299 63.00059511069444 
96.00000000029299 63.00059511069444 
96.00000000029299 63.00059511069444 
96.00000000029299 63.00059511069444 
96.00000000029299 63.00059511069444 
96.00000000029299 64.00083925876643 
96.00000000029299 63.00059511069444 
96.00000000029299 63.00059511069444 
96.00000000029299 63.00059511069444 
96.00000000029299 63.00059511069444 
96.00000000029299 62.00035096262245 
96.00000000029299 63.00059511069444 
96.00000000029299 63.00059511069444 
96.00000000029299 63.00059511069444 
96.00000000029299 62.00035096262245 
96.00000000029299 63.00059511069444 
96.00000000029299 63.00059511069444 
96.00000000029299 63.00059511069444 
96.00000000029299 62.00035096262245 
96.00000000029299 63.00059511069444 
96.00000000029299 63.00059511069444 
96.00000000029299 63.00059511069444 
96.00000000029299 63.00059511069444 
96.00000000029299 63.00059511069444 
96.00000000029299 63.00059511069444 
95.0000305187994 63.00059511069444 
95.0000305187994 63.00059511069444 
95.0000305187994 62.00035096262245 
95.0000305187994 62.00035096262245 
96.00000000029299 61.000106814550456 
96.00000000029299 61.000106814550456 
96.00000000029299 62.00035096262245 
96.00000000029299 62.00035096262245 
96.00000000029299 63.00059511069444 
96.00000000029299 63.00059511069444 
96.00000000029299 63.00059511069444 
96.00000000029299 64.00083925876643 
96.00000000029299 64.00083925876643 
96.00000000029299 64.00083925876643 
96.00000000029299 63.00059511069444 
96.00000000029299 63.00059511069444 
96.00000000029299 62.00035096262245 
96.00000000029299 61.000106814550456 
96.00000000029299 61.000106814550456 
96.00000000029299 61.000106814550456 
96.00000000029299 61.000106814550456 
96.00000000029299 61.000106814550456 
96.00000000029299 62.00035096262245 
96.00000000029299 62.00035096262245 
96.00000000029299 62.00035096262245 
95.0000305187994 62.00035096262245 
95.0000305187994 63.00059511069444 
95.0000305187994 62.00035096262245 
95.0000305187994 62.00035096262245 
95.0000305187994 62.00035096262245 
95.0000305187994 62.00035096262245 
95.0000305187994 62.00035096262245 
95.0000305187994 62.00035096262245 
95.0000305187994 62.00035096262245 
95.0000305187994 62.00035096262245 
95.0000305187994 62.00035096262245 
95.0000305187994 61.000106814550456 
95.0000305187994 61.000106814550456 
95.0000305187994 61.000106814550456 
95.0000305187994 60.00073244399853 
95.0000305187994 61.000106814550456 
95.0000305187994 60.00073244399853 
95.0000305187994 60.00073244399853 
95.0000305187994 60.00073244399853 
95.0000305187994 60.00073244399853 
95.0000305187994 60.00073244399853 
95.0000305187994 59.00048829592654 
95.0000305187994 59.00048829592654 
95.0000305187994 59.00048829592654 
95.0000305187994 59.00048829592654 
95.0000305187994 59.00048829592654 
95.0000305187994 58.000244147854545 
95.0000305187994 58.000244147854545 
95.0000305187994 58.000244147854545 
95.0000305187994 58.000244147854545 
95.0000305187994 58.000244147854545 
95.0000305187994 59.00048829592654 
95.0000305187994 60.00073244399853 
95.0000305187994 60.00073244399853 
95.0000305187994 60.00073244399853 
95.0000305187994 61.000106814550456 
96.00000000029299 61.000106814550456 
96.00000000029299 61.000106814550456 
96.00000000029299 61.000106814550456 
96.00000000029299 61.000106814550456 
96.00000000029299 61.000106814550456 
96.00000000029299 61.000106814550456 
96.00000000029299 60.00073244399853 
96.00000000029299 60.00073244399853 
96.00000000029299 61.000106814550456 
96.00000000029299 61.000106814550456 
96.00000000029299 61.000106814550456 
96.00000000029299 61.000106814550456 
95.0000305187994 62.00035096262245 
95.0000305187994 62.00035096262245 
95.0000305187994 62.00035096262245 
95.0000305187994 62.00035096262245 
95.0000305187994 62.00035096262245 
95.0000305187994 62.00035096262245 
95.0000305187994 62.00035096262245 
95.0000305187994 62.00035096262245 
95.0000305187994 62.00035096262245 
95.0000305187994 62.00035096262245 
95.0000305187994 62.00035096262245 
95.0000305187994 62.00035096262245 
95.0000305187994 62.00035096262245 
95.0000305187994 63.00059511069444 
95.0000305187994 63.00059511069444 
95.0000305187994 63.00059511069444 
95.0000305187994 63.00059511069444 
95.0000305187994 62.00035096262245 
95.0000305187994 62.00035096262245 
95.0000305187994 62.00035096262245 
95.0000305187994 62.00035096262245 
95.0000305187994 63.00059511069444 
95.0000305187994 63.00059511069444 
95.0000305187994 64.00083925876643 
95.0000305187994 65.00021362931837 
95.0000305187994 65.00021362931837 
95.0000305187994 65.00021362931837 
95.0000305187994 64.00083925876643 
95.0000305187994 63.00059511069444 
95.0000305187994 62.00035096262245 
95.0000305187994 62.00035096262245 
95.0000305187994 62.00035096262245 
95.0000305187994 63.00059511069444 
95.0000305187994 63.00059511069444 
95.0000305187994 63.00059511069444 
95.0000305187994 64.00083925876643 
95.0000305187994 63.00059511069444 
95.0000305187994 63.00059511069444 
95.0000305187994 64.00083925876643 
95.0000305187994 64.00083925876643 
95.0000305187994 64.00083925876643 
95.0000305187994 65.00021362931837 
95.0000305187994 65.00021362931837 
95.0000305187994 66.00045777739035 
95.0000305187994 66.00045777739035 
95.0000305187994 67.00070192546235 
95.0000305187994 66.00045777739035 
95.0000305187994 65.00021362931837 
95.0000305187994 65.00021362931837 
95.0000305187994 66.00045777739035 
95.0000305187994 65.00021362931837 
95.0000305187994 66.00045777739035 
95.0000305187994 67.00070192546235 
95.0000305187994 66.00045777739035 
95.0000305187994 65.00021362931837 
95.0000305187994 65.00021362931837 
95.0000305187994 66.00045777739035 
95.0000305187994 64.00083925876643 
95.0000305187994 64.00083925876643 
95.0000305187994 65.00021362931837 
95.0000305187994 65.00021362931837 
95.0000305187994 64.00083925876643 
95.0000305187994 63.00059511069444 
95.0000305187994 63.00059511069444 
95.0000305187994 63.00059511069444 
95.0000305187994 62.00035096262245 
96.00000000029299 62.00035096262245 
96.00000000029299 62.00035096262245 
96.00000000029299 62.00035096262245 
96.00000000029299 62.00035096262245 
96.00000000029299 62.00035096262245 
