94.0 72.00003051834467 
95.0 73.00042725896557 
94.0 72.00003051834467 
94.0 68.00012207388225 
94.0 66.00016785165104 
94.0 66.00016785165104 
94.0 66.00016785165104 
94.0 66.00016785165104 
94.0 67.00056459227194 
94.0 66.00016785165104 
94.0 66.00016785165104 
94.0 66.00016785165104 
94.0 65.00061037004073 
94.0 64.00021362941985 
93.0 64.00021362941985 
93.0 63.00065614780953 
93.0 63.00065614780953 
93.0 63.00065614780953 
93.0 63.00065614780953 
93.0 64.00021362941985 
93.0 65.00061037004073 
93.0 67.00056459227194 
93.0 67.00056459227194 
93.0 67.00056459227194 
93.0 66.00016785165104 
93.0 63.00065614780953 
93.0 62.00025940718863 
93.0 60.000305184957426 
93.0 60.000305184957426 
93.0 59.000747703347116 
93.0 59.000747703347116 
93.0 59.000747703347116 
94.0 60.000305184957426 
94.0 60.000305184957426 
94.0 60.000305184957426 
94.0 60.000305184957426 
95.0 58.000350962726216 
95.0 58.000350962726216 
95.0 57.000793481115906 
94.0 56.000396740495006 
94.0 54.999999999874106 
94.0 54.999999999874106 
94.0 54.999999999874106 
94.0 54.000442518263796 
94.0 54.000442518263796 
94.0 54.000442518263796 
94.0 54.999999999874106 
93.0 56.000396740495006 
93.0 56.000396740495006 
93.0 56.000396740495006 
93.0 56.000396740495006 
93.0 58.000350962726216 
93.0 58.000350962726216 
92.0 58.000350962726216 
92.0 58.000350962726216 
92.0 58.000350962726216 
92.0 58.000350962726216 
92.0 57.000793481115906 
93.0 57.000793481115906 
93.0 58.000350962726216 
93.0 58.000350962726216 
93.0 58.000350962726216 
93.0 58.000350962726216 
93.0 58.000350962726216 
93.0 58.000350962726216 
93.0 58.000350962726216 
93.0 59.000747703347116 
93.0 59.000747703347116 
92.0 60.000305184957426 
92.0 58.000350962726216 
92.0 58.000350962726216 
92.0 57.000793481115906 
92.0 57.000793481115906 
92.0 56.000396740495006 
92.0 56.000396740495006 
92.0 56.000396740495006 
92.0 56.000396740495006 
92.0 56.000396740495006 
93.0 56.000396740495006 
93.0 56.000396740495006 
93.0 57.000793481115906 
93.0 59.000747703347116 
93.0 59.000747703347116 
93.0 60.000305184957426 
93.0 60.000305184957426 
93.0 60.000305184957426 
93.0 58.000350962726216 
93.0 56.000396740495006 
92.0 54.999999999874106 
92.0 54.999999999874106 
92.0 54.999999999874106 
93.0 54.999999999874106 
93.0 57.000793481115906 
93.0 60.000305184957426 
93.0 65.00061037004073 
93.0 68.00012207388225 
92.0 68.00012207388225 
92.0 67.00056459227194 
92.0 65.00061037004073 
92.0 63.00065614780953 
92.0 62.00025940718863 
92.0 60.000305184957426 
93.0 60.000305184957426 
93.0 58.000350962726216 
93.0 58.000350962726216 
93.0 56.000396740495006 
94.0 56.000396740495006 
94.0 56.000396740495006 
94.0 57.000793481115906 
94.0 57.000793481115906 
94.0 58.000350962726216 
94.0 57.000793481115906 
94.0 56.000396740495006 
94.0 54.999999999874106 
94.0 54.000442518263796 
94.0 53.0000457776429 
94.0 53.0000457776429 
94.0 54.999999999874106 
94.0 54.999999999874106 
94.0 56.000396740495006 
94.0 56.000396740495006 
94.0 57.000793481115906 
94.0 58.000350962726216 
94.0 58.000350962726216 
94.0 58.000350962726216 
94.0 58.000350962726216 
93.0 56.000396740495006 
93.0 54.999999999874106 
93.0 54.000442518263796 
93.0 54.000442518263796 
93.0 54.000442518263796 
93.0 54.000442518263796 
94.0 54.999999999874106 
94.0 56.000396740495006 
94.0 57.000793481115906 
94.0 58.000350962726216 
93.0 61.00070192557832 
93.0 61.00070192557832 
93.0 62.00025940718863 
93.0 63.00065614780953 
93.0 64.00021362941985 
93.0 62.00025940718863 
93.0 60.000305184957426 
93.0 58.000350962726216 
92.0 57.000793481115906 
92.0 56.000396740495006 
92.0 56.000396740495006 
93.0 56.000396740495006 
93.0 57.000793481115906 
93.0 59.000747703347116 
93.0 59.000747703347116 
93.0 61.00070192557832 
93.0 59.000747703347116 
93.0 59.000747703347116 
93.0 58.000350962726216 
93.0 57.000793481115906 
93.0 56.000396740495006 
93.0 56.000396740495006 
93.0 57.000793481115906 
93.0 57.000793481115906 
94.0 57.000793481115906 
94.0 57.000793481115906 
94.0 58.000350962726216 
94.0 60.000305184957426 
94.0 61.00070192557832 
94.0 62.00025940718863 
94.0 65.00061037004073 
94.0 65.00061037004073 
94.0 66.00016785165104 
94.0 66.00016785165104 
93.0 67.00056459227194 
93.0 67.00056459227194 
93.0 67.00056459227194 
93.0 69.00051881450315 
93.0 69.00051881450315 
93.0 69.00051881450315 
94.0 69.00051881450315 
94.0 67.00056459227194 
94.0 67.00056459227194 
94.0 65.00061037004073 
94.0 63.00065614780953 
94.0 62.00025940718863 
94.0 62.00025940718863 
94.0 62.00025940718863 
94.0 61.00070192557832 
94.0 60.000305184957426 
94.0 60.000305184957426 
95.0 59.000747703347116 
96.0 59.000747703347116 
96.0 57.000793481115906 
96.0 57.000793481115906 
96.0 57.000793481115906 
96.0 59.000747703347116 
96.0 59.000747703347116 
96.0 60.000305184957426 
96.0 60.000305184957426 
96.0 58.000350962726216 
96.0 57.000793481115906 
95.0 56.000396740495006 
95.0 56.000396740495006 
95.0 56.000396740495006 
95.0 56.000396740495006 
95.0 56.000396740495006 
95.0 59.000747703347116 
95.0 58.000350962726216 
95.0 60.000305184957426 
95.0 58.000350962726216 
95.0 56.000396740495006 
95.0 56.000396740495006 
95.0 54.999999999874106 
95.0 54.000442518263796 
95.0 53.0000457776429 
95.0 53.0000457776429 
95.0 53.0000457776429 
95.0 54.000442518263796 
95.0 54.000442518263796 
95.0 54.000442518263796 
96.0 54.999999999874106 
96.0 56.000396740495006 
96.0 57.000793481115906 
96.0 58.000350962726216 
96.0 59.000747703347116 
96.0 60.000305184957426 
96.0 61.00070192557832 
96.0 62.00025940718863 
96.0 63.00065614780953 
95.0 61.00070192557832 
95.0 60.000305184957426 
95.0 58.000350962726216 
95.0 59.000747703347116 
95.0 60.000305184957426 
95.0 60.000305184957426 
95.0 60.000305184957426 
95.0 60.000305184957426 
95.0 59.000747703347116 
95.0 59.000747703347116 
95.0 59.000747703347116 
95.0 59.000747703347116 
95.0 58.000350962726216 
95.0 58.000350962726216 
95.0 58.000350962726216 
95.0 58.000350962726216 
95.0 57.000793481115906 
95.0 58.000350962726216 
95.0 58.000350962726216 
95.0 58.000350962726216 
95.0 57.000793481115906 
94.0 57.000793481115906 
94.0 57.000793481115906 
94.0 57.000793481115906 
94.0 57.000793481115906 
94.0 57.000793481115906 
94.0 57.000793481115906 
94.0 57.000793481115906 
93.0 57.000793481115906 
93.0 57.000793481115906 
93.0 58.000350962726216 
93.0 60.000305184957426 
92.0 65.00061037004073 
92.0 65.00061037004073 
92.0 66.00016785165104 
92.0 67.00056459227194 
91.0 66.00016785165104 
91.0 64.00021362941985 
91.0 63.00065614780953 
91.0 62.00025940718863 
91.0 62.00025940718863 
91.0 61.00070192557832 
92.0 61.00070192557832 
93.0 62.00025940718863 
93.0 63.00065614780953 
93.0 63.00065614780953 
94.0 64.00021362941985 
94.0 64.00021362941985 
94.0 63.00065614780953 
94.0 63.00065614780953 
94.0 62.00025940718863 
94.0 62.00025940718863 
94.0 62.00025940718863 
94.0 63.00065614780953 
94.0 64.00021362941985 
94.0 66.00016785165104 
94.0 68.00012207388225 
94.0 68.00012207388225 
94.0 68.00012207388225 
94.0 68.00012207388225 
94.0 67.00056459227194 
94.0 66.00016785165104 
94.0 64.00021362941985 
94.0 63.00065614780953 
94.0 63.00065614780953 
94.0 63.00065614780953 
94.0 66.00016785165104 
94.0 66.00016785165104 
94.0 68.00012207388225 
94.0 68.00012207388225 
94.0 68.00012207388225 
93.0 67.00056459227194 
93.0 66.00016785165104 
93.0 66.00016785165104 
93.0 64.00021362941985 
94.0 62.00025940718863 
94.0 62.00025940718863 
94.0 61.00070192557832 
94.0 78.00073244404888 
94.0 78.00073244404888 
94.0 77.000335703428 
94.0 77.000335703428 
94.0 81.99980162950071 
94.0 84.99931333334223 
94.0 87.99966429619434 
94.0 87.99966429619434 
94.0 91.99957274065676 
94.0 91.99957274065676 
94.0 91.99957274065676 
94.0 87.99966429619434 
94.0 82.99935911111102 
94.0 77.000335703428 
94.0 75.00038148119678 
94.0 73.00042725896557 
94.0 72.00003051834467 
94.0 71.00047303673436 
95.0 69.00051881450315 
95.0 68.00012207388225 
95.0 67.00056459227194 
95.0 66.00016785165104 
95.0 66.00016785165104 
95.0 67.00056459227194 
95.0 73.00042725896557 
95.0 73.00042725896557 
95.0 80.99940488887981 
94.0 80.99940488887981 
94.0 82.99935911111102 
94.0 83.99975585173192 
94.0 80.99940488887981 
94.0 80.99940488887981 
93.0 79.00028992565919 
93.0 80.00068666628009 
93.0 82.99935911111102 
93.0 82.99935911111102 
94.0 85.99971007396313 
94.0 84.99931333334223 
94.0 83.99975585173192 
95.0 82.99935911111102 
94.0 80.99940488887981 
94.0 80.99940488887981 
94.0 82.99935911111102 
94.0 82.99935911111102 
94.0 83.99975585173192 
94.0 84.99931333334223 
94.0 85.99971007396313 
94.0 87.99966429619434 
95.0 87.99966429619434 
95.0 88.99922177780465 
95.0 88.99922177780465 
95.0 87.99966429619434 
95.0 86.99926755557344 
95.0 85.99971007396313 
94.0 84.99931333334223 
94.0 84.99931333334223 
95.0 83.99975585173192 
94.0 84.99931333334223 
94.0 87.99966429619434 
94.0 87.99966429619434 
94.0 89.99961851842555 
94.0 91.99957274065676 
94.0 91.99957274065676 
94.0 91.99957274065676 
94.0 91.99957274065676 
94.0 91.99957274065676 
94.0 91.99957274065676 
94.0 91.99957274065676 
94.0 91.99957274065676 
94.0 91.99957274065676 
94.0 91.99957274065676 
94.0 91.99957274065676 
94.0 91.99957274065676 
94.0 91.99957274065676 
94.0 91.99957274065676 
94.0 91.99957274065676 
94.0 90.99917600003586 
94.0 90.99917600003586 
94.0 90.99917600003586 
94.0 90.99917600003586 
95.0 88.99922177780465 
95.0 83.99975585173192 
95.0 79.00028992565919 
95.0 79.00028992565919 
95.0 76.00077822181768 
95.0 74.00082399958647 
95.0 73.00042725896557 
95.0 73.00042725896557 
95.0 73.00042725896557 
95.0 73.00042725896557 
95.0 73.00042725896557 
95.0 70.00007629611346 
95.0 69.00051881450315 
95.0 68.00012207388225 
95.0 68.00012207388225 
95.0 68.00012207388225 
95.0 71.00047303673436 
95.0 71.00047303673436 
95.0 76.00077822181768 
95.0 78.00073244404888 
95.0 78.00073244404888 
95.0 79.00028992565919 
95.0 79.00028992565919 
95.0 76.00077822181768 
95.0 74.00082399958647 
95.0 72.00003051834467 
95.0 72.00003051834467 
95.0 72.00003051834467 
94.0 75.00038148119678 
94.0 75.00038148119678 
94.0 76.00077822181768 
94.0 76.00077822181768 
94.0 77.000335703428 
94.0 77.000335703428 
94.0 77.000335703428 
94.0 78.00073244404888 
94.0 78.00073244404888 
94.0 77.000335703428 
94.0 77.000335703428 
94.0 77.000335703428 
94.0 79.00028992565919 
94.0 80.00068666628009 
94.0 80.00068666628009 
94.0 80.99940488887981 
94.0 80.99940488887981 
94.0 81.99980162950071 
94.0 83.99975585173192 
94.0 83.99975585173192 
94.0 84.99931333334223 
94.0 83.99975585173192 
94.0 81.99980162950071 
95.0 80.99940488887981 
95.0 81.99980162950071 
95.0 81.99980162950071 
95.0 81.99980162950071 
95.0 81.99980162950071 
95.0 81.99980162950071 
95.0 80.99940488887981 
94.0 80.99940488887981 
94.0 80.00068666628009 
94.0 78.00073244404888 
94.0 77.000335703428 
94.0 77.000335703428 
94.0 75.00038148119678 
94.0 75.00038148119678 
94.0 77.000335703428 
94.0 77.000335703428 
94.0 77.000335703428 
94.0 77.000335703428 
94.0 78.00073244404888 
94.0 80.00068666628009 
94.0 80.00068666628009 
94.0 84.99931333334223 
94.0 85.99971007396313 
94.0 85.99971007396313 
94.0 86.99926755557344 
94.0 84.99931333334223 
94.0 83.99975585173192 
94.0 83.99975585173192 
94.0 83.99975585173192 
94.0 84.99931333334223 
94.0 84.99931333334223 
94.0 83.99975585173192 
94.0 83.99975585173192 
94.0 83.99975585173192 
94.0 83.99975585173192 
94.0 83.99975585173192 
94.0 83.99975585173192 
94.0 83.99975585173192 
94.0 83.99975585173192 
94.0 81.99980162950071 
94.0 81.99980162950071 
94.0 80.00068666628009 
94.0 80.00068666628009 
94.0 80.00068666628009 
94.0 79.00028992565919 
94.0 80.00068666628009 
94.0 83.99975585173192 
94.0 83.99975585173192 
94.0 83.99975585173192 
94.0 85.99971007396313 
94.0 85.99971007396313 
94.0 85.99971007396313 
94.0 85.99971007396313 
94.0 85.99971007396313 
94.0 85.99971007396313 
94.0 85.99971007396313 
94.0 85.99971007396313 
94.0 85.99971007396313 
94.0 88.99922177780465 
94.0 88.99922177780465 
93.0 90.99917600003586 
93.0 91.99957274065676 
93.0 91.99957274065676 
93.0 92.99996948127766 
93.0 90.99917600003586 
93.0 90.99917600003586 
93.0 90.99917600003586 
93.0 89.99961851842555 
94.0 89.99961851842555 
94.0 87.99966429619434 
94.0 87.99966429619434 
94.0 87.99966429619434 
94.0 87.99966429619434 
94.0 87.99966429619434 
94.0 87.99966429619434 
94.0 87.99966429619434 
94.0 87.99966429619434 
94.0 90.99917600003586 
94.0 90.99917600003586 
94.0 90.99917600003586 
94.0 90.99917600003586 
94.0 91.99957274065676 
94.0 91.99957274065676 
94.0 91.99957274065676 
94.0 91.99957274065676 
94.0 91.99957274065676 
94.0 91.99957274065676 
94.0 91.99957274065676 
94.0 93.99952696288797 
94.0 93.99952696288797 
94.0 93.99952696288797 
94.0 94.99992370350886 
94.0 94.99992370350886 
94.0 94.99992370350886 
94.0 97.99943540735038 
93.0 96.99987792574007 
93.0 96.99987792574007 
93.0 97.99943540735038 
93.0 98.99983214797128 
93.0 98.99983214797128 
93.0 98.99983214797128 
93.0 98.99983214797128 
93.0 95.99948118511917 
94.0 93.99952696288797 
94.0 93.99952696288797 
94.0 92.99996948127766 
94.0 92.99996948127766 
94.0 91.99957274065676 
94.0 91.99957274065676 
94.0 92.99996948127766 
94.0 93.99952696288797 
94.0 93.99952696288797 
94.0 94.99992370350886 
94.0 94.99992370350886 
94.0 95.99948118511917 
94.0 95.99948118511917 
93.0 97.99943540735038 
93.0 97.99943540735038 
93.0 97.99943540735038 
93.0 97.99943540735038 
93.0 98.99983214797128 
93.0 98.99983214797128 
93.0 98.99983214797128 
93.0 99.99938962958159 
93.0 99.99938962958159 
93.0 99.99938962958159 
93.0 98.99983214797128 
93.0 98.99983214797128 
94.0 96.99987792574007 
94.0 95.99948118511917 
95.0 94.99992370350886 
95.0 93.99952696288797 
95.0 92.99996948127766 
95.0 92.99996948127766 
95.0 92.99996948127766 
95.0 92.99996948127766 
95.0 92.99996948127766 
95.0 92.99996948127766 
95.0 93.99952696288797 
95.0 93.99952696288797 
94.0 95.99948118511917 
94.0 96.99987792574007 
94.0 96.99987792574007 
94.0 97.99943540735038 
94.0 98.99983214797128 
94.0 100.99978637020249 
93.0 103.999298074044 
93.0 103.999298074044 
93.0 103.999298074044 
93.0 103.999298074044 
93.0 103.999298074044 
93.0 103.999298074044 
93.0 103.999298074044 
93.0 102.9997405924337 
93.0 102.9997405924337 
93.0 102.9997405924337 
93.0 102.9997405924337 
93.0 102.9997405924337 
93.0 102.9997405924337 
93.0 102.9997405924337 
93.0 102.9997405924337 
93.0 102.9997405924337 
93.0 102.9997405924337 
93.0 102.9997405924337 
93.0 102.9997405924337 
94.0 103.999298074044 
94.0 102.9997405924337 
94.0 102.9997405924337 
94.0 103.999298074044 
94.0 103.999298074044 
94.0 103.999298074044 
94.0 103.999298074044 
94.0 103.999298074044 
94.0 103.999298074044 
94.0 103.999298074044 
94.0 103.999298074044 
94.0 103.999298074044 
94.0 103.999298074044 
94.0 103.999298074044 
94.0 103.999298074044 
94.0 103.999298074044 
94.0 104.9996948146649 
94.0 104.9996948146649 
94.0 105.99925229627522 
94.0 105.99925229627522 
94.0 107.99920651850643 
94.0 107.99920651850643 
93.0 107.99920651850643 
93.0 107.99920651850643 
93.0 107.99920651850643 
93.0 107.99920651850643 
93.0 106.99964903689612 
93.0 106.99964903689612 
93.0 106.99964903689612 
93.0 106.99964903689612 
93.0 106.99964903689612 
95.0 79.00028992565919 
95.0 70.00007629611346 
95.0 70.00007629611346 
95.0 66.00016785165104 
95.0 65.00061037004073 
95.0 62.00025940718863 
95.0 62.00025940718863 
95.0 59.000747703347116 
95.0 56.000396740495006 
95.0 54.000442518263796 
95.0 54.000442518263796 
95.0 54.999999999874106 
94.0 57.000793481115906 
94.0 57.000793481115906 
94.0 58.000350962726216 
94.0 58.000350962726216 
94.0 59.000747703347116 
94.0 60.000305184957426 
94.0 59.000747703347116 
94.0 57.000793481115906 
94.0 57.000793481115906 
94.0 58.000350962726216 
94.0 57.000793481115906 
94.0 57.000793481115906 
95.0 58.000350962726216 
95.0 59.000747703347116 
95.0 59.000747703347116 
95.0 59.000747703347116 
95.0 59.000747703347116 
95.0 61.00070192557832 
94.0 61.00070192557832 
94.0 62.00025940718863 
94.0 61.00070192557832 
94.0 62.00025940718863 
94.0 62.00025940718863 
94.0 62.00025940718863 
94.0 62.00025940718863 
94.0 62.00025940718863 
94.0 60.000305184957426 
95.0 60.000305184957426 
95.0 62.00025940718863 
95.0 64.00021362941985 
96.0 65.00061037004073 
96.0 67.00056459227194 
95.0 66.00016785165104 
95.0 66.00016785165104 
95.0 66.00016785165104 
95.0 66.00016785165104 
95.0 66.00016785165104 
95.0 66.00016785165104 
95.0 66.00016785165104 
95.0 66.00016785165104 
95.0 66.00016785165104 
95.0 66.00016785165104 
95.0 66.00016785165104 
95.0 66.00016785165104 
95.0 66.00016785165104 
95.0 66.00016785165104 
95.0 66.00016785165104 
95.0 66.00016785165104 
95.0 65.00061037004073 
95.0 65.00061037004073 
96.0 64.00021362941985 
95.0 63.00065614780953 
95.0 62.00025940718863 
95.0 61.00070192557832 
95.0 59.000747703347116 
95.0 59.000747703347116 
95.0 59.000747703347116 
95.0 59.000747703347116 
95.0 59.000747703347116 
95.0 59.000747703347116 
95.0 59.000747703347116 
95.0 59.000747703347116 
95.0 58.000350962726216 
95.0 58.000350962726216 
95.0 58.000350962726216 
95.0 57.000793481115906 
95.0 57.000793481115906 
95.0 56.000396740495006 
95.0 54.999999999874106 
95.0 54.000442518263796 
95.0 54.000442518263796 
95.0 56.000396740495006 
95.0 56.000396740495006 
95.0 54.999999999874106 
95.0 54.999999999874106 
95.0 54.999999999874106 
95.0 54.999999999874106 
95.0 54.000442518263796 
95.0 54.000442518263796 
95.0 54.999999999874106 
95.0 56.000396740495006 
95.0 56.000396740495006 
95.0 57.000793481115906 
95.0 58.000350962726216 
95.0 58.000350962726216 
95.0 58.000350962726216 
95.0 58.000350962726216 
95.0 58.000350962726216 
95.0 58.000350962726216 
95.0 57.000793481115906 
95.0 57.000793481115906 
95.0 57.000793481115906 
95.0 57.000793481115906 
95.0 56.000396740495006 
95.0 56.000396740495006 
95.0 57.000793481115906 
95.0 59.000747703347116 
95.0 60.000305184957426 
95.0 61.00070192557832 
95.0 62.00025940718863 
95.0 61.00070192557832 
95.0 61.00070192557832 
95.0 60.000305184957426 
94.0 60.000305184957426 
94.0 60.000305184957426 
94.0 60.000305184957426 
94.0 60.000305184957426 
94.0 61.00070192557832 
94.0 60.000305184957426 
94.0 59.000747703347116 
94.0 60.000305184957426 
94.0 60.000305184957426 
94.0 61.00070192557832 
94.0 60.000305184957426 
94.0 61.00070192557832 
94.0 60.000305184957426 
94.0 59.000747703347116 
94.0 59.000747703347116 
94.0 58.000350962726216 
94.0 58.000350962726216 
94.0 58.000350962726216 
94.0 58.000350962726216 
94.0 58.000350962726216 
94.0 58.000350962726216 
94.0 58.000350962726216 
94.0 58.000350962726216 
94.0 58.000350962726216 
94.0 58.000350962726216 
94.0 57.000793481115906 
94.0 57.000793481115906 
94.0 57.000793481115906 
94.0 57.000793481115906 
94.0 56.000396740495006 
94.0 54.999999999874106 
94.0 54.999999999874106 
94.0 54.999999999874106 
94.0 54.999999999874106 
94.0 54.999999999874106 
94.0 56.000396740495006 
94.0 56.000396740495006 
94.0 54.999999999874106 
94.0 54.999999999874106 
94.0 54.999999999874106 
94.0 54.999999999874106 
95.0 54.999999999874106 
95.0 56.000396740495006 
95.0 56.000396740495006 
95.0 57.000793481115906 
95.0 57.000793481115906 
95.0 57.000793481115906 
95.0 57.000793481115906 
95.0 57.000793481115906 
95.0 57.000793481115906 
95.0 56.000396740495006 
95.0 56.000396740495006 
95.0 57.000793481115906 
95.0 57.000793481115906 
95.0 56.000396740495006 
95.0 57.000793481115906 
95.0 57.000793481115906 
95.0 58.000350962726216 
95.0 58.000350962726216 
95.0 59.000747703347116 
95.0 59.000747703347116 
95.0 60.000305184957426 
95.0 60.000305184957426 
95.0 61.00070192557832 
95.0 61.00070192557832 
95.0 63.00065614780953 
95.0 64.00021362941985 
95.0 64.00021362941985 
95.0 63.00065614780953 
95.0 63.00065614780953 
95.0 64.00021362941985 
95.0 64.00021362941985 
95.0 64.00021362941985 
95.0 65.00061037004073 
95.0 66.00016785165104 
95.0 66.00016785165104 
95.0 66.00016785165104 
95.0 66.00016785165104 
95.0 66.00016785165104 
95.0 66.00016785165104 
94.0 66.00016785165104 
94.0 66.00016785165104 
94.0 66.00016785165104 
94.0 66.00016785165104 
94.0 65.00061037004073 
94.0 66.00016785165104 
94.0 66.00016785165104 
94.0 66.00016785165104 
94.0 66.00016785165104 
94.0 65.00061037004073 
94.0 64.00021362941985 
94.0 63.00065614780953 
94.0 62.00025940718863 
94.0 62.00025940718863 
94.0 62.00025940718863 
94.0 61.00070192557832 
94.0 60.000305184957426 
94.0 60.000305184957426 
94.0 61.00070192557832 
94.0 60.000305184957426 
94.0 60.000305184957426 
94.0 60.000305184957426 
94.0 61.00070192557832 
94.0 61.00070192557832 
94.0 62.00025940718863 
94.0 63.00065614780953 
94.0 63.00065614780953 
94.0 63.00065614780953 
94.0 63.00065614780953 
94.0 64.00021362941985 
94.0 64.00021362941985 
94.0 64.00021362941985 
94.0 64.00021362941985 
94.0 64.00021362941985 
94.0 64.00021362941985 
94.0 66.00016785165104 
94.0 66.00016785165104 
94.0 67.00056459227194 
94.0 67.00056459227194 
94.0 67.00056459227194 
95.0 67.00056459227194 
95.0 67.00056459227194 
95.0 67.00056459227194 
95.0 67.00056459227194 
95.0 67.00056459227194 
95.0 67.00056459227194 
95.0 67.00056459227194 
95.0 67.00056459227194 
95.0 67.00056459227194 
95.0 67.00056459227194 
95.0 66.00016785165104 
95.0 66.00016785165104 
95.0 66.00016785165104 
95.0 66.00016785165104 
95.0 65.00061037004073 
95.0 65.00061037004073 
95.0 64.00021362941985 
95.0 63.00065614780953 
95.0 63.00065614780953 
95.0 63.00065614780953 
95.0 63.00065614780953 
95.0 63.00065614780953 
95.0 63.00065614780953 
95.0 63.00065614780953 
95.0 63.00065614780953 
95.0 63.00065614780953 
95.0 63.00065614780953 
95.0 62.00025940718863 
95.0 62.00025940718863 
95.0 62.00025940718863 
95.0 62.00025940718863 
95.0 62.00025940718863 
95.0 60.000305184957426 
95.0 59.000747703347116 
95.0 58.000350962726216 
94.0 58.000350962726216 
94.0 58.000350962726216 
94.0 58.000350962726216 
94.0 57.000793481115906 
94.0 57.000793481115906 
94.0 57.000793481115906 
94.0 56.000396740495006 
94.0 56.000396740495006 
94.0 57.000793481115906 
94.0 58.000350962726216 
94.0 59.000747703347116 
94.0 60.000305184957426 
94.0 61.00070192557832 
94.0 61.00070192557832 
94.0 62.00025940718863 
94.0 64.00021362941985 
94.0 65.00061037004073 
94.0 67.00056459227194 
94.0 69.00051881450315 
94.0 69.00051881450315 
94.0 69.00051881450315 
93.0 69.00051881450315 
93.0 67.00056459227194 
93.0 63.00065614780953 
93.0 61.00070192557832 
93.0 59.000747703347116 
93.0 58.000350962726216 
93.0 58.000350962726216 
93.0 58.000350962726216 
93.0 60.000305184957426 
94.0 62.00025940718863 
94.0 79.00028992565919 
94.0 79.00028992565919 
94.0 80.99940488887981 
94.0 80.99940488887981 
94.0 84.99931333334223 
94.0 84.99931333334223 
95.0 86.99926755557344 
95.0 85.99971007396313 
95.0 84.99931333334223 
95.0 80.00068666628009 
95.0 76.00077822181768 
96.0 76.00077822181768 
96.0 72.00003051834467 
96.0 68.00012207388225 
96.0 66.00016785165104 
96.0 64.00021362941985 
96.0 61.00070192557832 
96.0 60.000305184957426 
96.0 60.000305184957426 
96.0 60.000305184957426 
96.0 60.000305184957426 
96.0 61.00070192557832 
96.0 63.00065614780953 
96.0 63.00065614780953 
96.0 64.00021362941985 
96.0 64.00021362941985 
96.0 65.00061037004073 
96.0 64.00021362941985 
96.0 63.00065614780953 
96.0 62.00025940718863 
96.0 62.00025940718863 
96.0 62.00025940718863 
96.0 63.00065614780953 
96.0 64.00021362941985 
96.0 67.00056459227194 
96.0 67.00056459227194 
96.0 68.00012207388225 
96.0 70.00007629611346 
96.0 70.00007629611346 
96.0 71.00047303673436 
96.0 72.00003051834467 
96.0 72.00003051834467 
96.0 74.00082399958647 
96.0 74.00082399958647 
96.0 76.00077822181768 
96.0 81.99980162950071 
96.0 83.99975585173192 
96.0 83.99975585173192 
96.0 84.99931333334223 
96.0 84.99931333334223 
95.0 82.99935911111102 
95.0 82.99935911111102 
96.0 81.99980162950071 
96.0 81.99980162950071 
96.0 80.00068666628009 
96.0 79.00028992565919 
96.0 78.00073244404888 
96.0 78.00073244404888 
96.0 77.000335703428 
96.0 77.000335703428 
96.0 78.00073244404888 
96.0 80.00068666628009 
96.0 80.00068666628009 
96.0 80.99940488887981 
96.0 80.00068666628009 
96.0 80.00068666628009 
96.0 79.00028992565919 
96.0 79.00028992565919 
96.0 80.00068666628009 
96.0 80.00068666628009 
96.0 80.00068666628009 
95.0 79.00028992565919 
95.0 78.00073244404888 
95.0 78.00073244404888 
95.0 76.00077822181768 
95.0 76.00077822181768 
95.0 75.00038148119678 
96.0 75.00038148119678 
96.0 75.00038148119678 
96.0 75.00038148119678 
96.0 77.000335703428 
95.0 78.00073244404888 
95.0 77.000335703428 
95.0 77.000335703428 
95.0 75.00038148119678 
95.0 75.00038148119678 
96.0 73.00042725896557 
96.0 72.00003051834467 
96.0 72.00003051834467 
96.0 72.00003051834467 
96.0 72.00003051834467 
96.0 72.00003051834467 
96.0 72.00003051834467 
96.0 73.00042725896557 
96.0 73.00042725896557 
96.0 74.00082399958647 
96.0 72.00003051834467 
96.0 71.00047303673436 
96.0 70.00007629611346 
96.0 69.00051881450315 
96.0 69.00051881450315 
96.0 68.00012207388225 
96.0 68.00012207388225 
96.0 69.00051881450315 
96.0 69.00051881450315 
96.0 71.00047303673436 
96.0 72.00003051834467 
96.0 74.00082399958647 
96.0 74.00082399958647 
96.0 75.00038148119678 
96.0 76.00077822181768 
96.0 76.00077822181768 
96.0 76.00077822181768 
96.0 76.00077822181768 
96.0 75.00038148119678 
96.0 75.00038148119678 
96.0 75.00038148119678 
96.0 75.00038148119678 
96.0 77.000335703428 
96.0 78.00073244404888 
96.0 79.00028992565919 
96.0 79.00028992565919 
96.0 79.00028992565919 
96.0 78.00073244404888 
96.0 76.00077822181768 
96.0 75.00038148119678 
96.0 75.00038148119678 
96.0 75.00038148119678 
96.0 75.00038148119678 
96.0 75.00038148119678 
96.0 75.00038148119678 
96.0 75.00038148119678 
96.0 75.00038148119678 
96.0 75.00038148119678 
96.0 75.00038148119678 
96.0 75.00038148119678 
96.0 76.00077822181768 
96.0 76.00077822181768 
96.0 77.000335703428 
96.0 78.00073244404888 
96.0 77.000335703428 
96.0 78.00073244404888 
96.0 78.00073244404888 
96.0 78.00073244404888 
96.0 77.000335703428 
97.0 77.000335703428 
97.0 78.00073244404888 
97.0 78.00073244404888 
96.0 77.000335703428 
96.0 77.000335703428 
96.0 77.000335703428 
96.0 77.000335703428 
96.0 77.000335703428 
96.0 77.000335703428 
96.0 76.00077822181768 
96.0 76.00077822181768 
96.0 75.00038148119678 
96.0 75.00038148119678 
96.0 76.00077822181768 
96.0 76.00077822181768 
96.0 77.000335703428 
96.0 77.000335703428 
96.0 78.00073244404888 
96.0 79.00028992565919 
96.0 78.00073244404888 
97.0 77.000335703428 
97.0 76.00077822181768 
97.0 76.00077822181768 
97.0 74.00082399958647 
97.0 73.00042725896557 
97.0 73.00042725896557 
97.0 72.00003051834467 
96.0 72.00003051834467 
96.0 74.00082399958647 
96.0 76.00077822181768 
96.0 76.00077822181768 
96.0 75.00038148119678 
96.0 74.00082399958647 
96.0 74.00082399958647 
96.0 73.00042725896557 
96.0 73.00042725896557 
96.0 73.00042725896557 
96.0 73.00042725896557 
97.0 75.00038148119678 
97.0 76.00077822181768 
97.0 76.00077822181768 
97.0 77.000335703428 
96.0 77.000335703428 
96.0 75.00038148119678 
96.0 75.00038148119678 
96.0 76.00077822181768 
96.0 76.00077822181768 
96.0 75.00038148119678 
96.0 76.00077822181768 
96.0 76.00077822181768 
96.0 76.00077822181768 
96.0 76.00077822181768 
96.0 76.00077822181768 
96.0 75.00038148119678 
96.0 75.00038148119678 
96.0 74.00082399958647 
97.0 73.00042725896557 
97.0 71.00047303673436 
97.0 68.00012207388225 
97.0 67.00056459227194 
97.0 66.00016785165104 
97.0 65.00061037004073 
97.0 65.00061037004073 
97.0 65.00061037004073 
97.0 66.00016785165104 
97.0 69.00051881450315 
97.0 69.00051881450315 
97.0 68.00012207388225 
97.0 66.00016785165104 
96.0 66.00016785165104 
96.0 65.00061037004073 
96.0 64.00021362941985 
96.0 64.00021362941985 
96.0 64.00021362941985 
96.0 65.00061037004073 
96.0 64.00021362941985 
96.0 65.00061037004073 
96.0 65.00061037004073 
96.0 65.00061037004073 
96.0 64.00021362941985 
96.0 64.00021362941985 
97.0 63.00065614780953 
97.0 62.00025940718863 
97.0 60.000305184957426 
97.0 59.000747703347116 
97.0 59.000747703347116 
97.0 59.000747703347116 
97.0 62.00025940718863 
97.0 62.00025940718863 
97.0 62.00025940718863 
97.0 64.00021362941985 
96.0 63.00065614780953 
96.0 62.00025940718863 
96.0 59.000747703347116 
96.0 57.000793481115906 
96.0 56.000396740495006 
96.0 56.000396740495006 
96.0 54.999999999874106 
96.0 54.999999999874106 
96.0 57.000793481115906 
96.0 57.000793481115906 
96.0 59.000747703347116 
96.0 59.000747703347116 
96.0 60.000305184957426 
96.0 59.000747703347116 
96.0 59.000747703347116 
96.0 60.000305184957426 
96.0 60.000305184957426 
96.0 62.00025940718863 
96.0 62.00025940718863 
96.0 65.00061037004073 
96.0 65.00061037004073 
96.0 66.00016785165104 
96.0 65.00061037004073 
96.0 64.00021362941985 
96.0 64.00021362941985 
96.0 63.00065614780953 
96.0 63.00065614780953 
96.0 64.00021362941985 
96.0 65.00061037004073 
96.0 66.00016785165104 
96.0 67.00056459227194 
96.0 67.00056459227194 
96.0 67.00056459227194 
97.0 68.00012207388225 
96.0 69.00051881450315 
97.0 71.00047303673436 
97.0 71.00047303673436 
97.0 71.00047303673436 
97.0 70.00007629611346 
97.0 70.00007629611346 
97.0 69.00051881450315 
97.0 72.00003051834467 
97.0 72.00003051834467 
97.0 73.00042725896557 
97.0 73.00042725896557 
97.0 73.00042725896557 
97.0 72.00003051834467 
97.0 70.00007629611346 
97.0 70.00007629611346 
97.0 70.00007629611346 
97.0 69.00051881450315 
98.0 69.00051881450315 
98.0 69.00051881450315 
98.0 69.00051881450315 
98.0 73.00042725896557 
98.0 73.00042725896557 
97.0 74.00082399958647 
97.0 74.00082399958647 
97.0 75.00038148119678 
97.0 74.00082399958647 
97.0 75.00038148119678 
97.0 76.00077822181768 
97.0 76.00077822181768 
97.0 76.00077822181768 
97.0 74.00082399958647 
97.0 73.00042725896557 
97.0 72.00003051834467 
97.0 71.00047303673436 
97.0 71.00047303673436 
97.0 70.00007629611346 
97.0 70.00007629611346 
97.0 69.00051881450315 
97.0 69.00051881450315 
97.0 68.00012207388225 
97.0 68.00012207388225 
97.0 67.00056459227194 
97.0 67.00056459227194 
97.0 67.00056459227194 
97.0 67.00056459227194 
97.0 66.00016785165104 
97.0 66.00016785165104 
97.0 65.00061037004073 
97.0 63.00065614780953 
97.0 63.00065614780953 
96.0 62.00025940718863 
96.0 62.00025940718863 
96.0 62.00025940718863 
96.0 62.00025940718863 
96.0 62.00025940718863 
96.0 63.00065614780953 
96.0 63.00065614780953 
96.0 62.00025940718863 
96.0 62.00025940718863 
96.0 61.00070192557832 
96.0 61.00070192557832 
96.0 61.00070192557832 
96.0 62.00025940718863 
96.0 62.00025940718863 
96.0 62.00025940718863 
96.0 62.00025940718863 
96.0 61.00070192557832 
96.0 60.000305184957426 
96.0 60.000305184957426 
96.0 61.00070192557832 
96.0 61.00070192557832 
96.0 63.00065614780953 
96.0 63.00065614780953 
96.0 65.00061037004073 
96.0 64.00021362941985 
96.0 64.00021362941985 
96.0 63.00065614780953 
96.0 63.00065614780953 
96.0 63.00065614780953 
96.0 63.00065614780953 
96.0 63.00065614780953 
96.0 64.00021362941985 
96.0 65.00061037004073 
96.0 65.00061037004073 
96.0 66.00016785165104 
96.0 68.00012207388225 
96.0 67.00056459227194 
96.0 67.00056459227194 
96.0 67.00056459227194 
96.0 67.00056459227194 
96.0 67.00056459227194 
96.0 68.00012207388225 
96.0 68.00012207388225 
97.0 69.00051881450315 
97.0 68.00012207388225 
97.0 67.00056459227194 
97.0 66.00016785165104 
97.0 66.00016785165104 
97.0 66.00016785165104 
97.0 66.00016785165104 
97.0 66.00016785165104 
97.0 66.00016785165104 
96.0 67.00056459227194 
96.0 67.00056459227194 
96.0 68.00012207388225 
96.0 68.00012207388225 
96.0 68.00012207388225 
96.0 68.00012207388225 
96.0 68.00012207388225 
96.0 69.00051881450315 
96.0 68.00012207388225 
96.0 69.00051881450315 
96.0 69.00051881450315 
96.0 69.00051881450315 
96.0 69.00051881450315 
96.0 69.00051881450315 
96.0 69.00051881450315 
96.0 68.00012207388225 
96.0 68.00012207388225 
96.0 70.00007629611346 
96.0 71.00047303673436 
96.0 72.00003051834467 
96.0 71.00047303673436 
96.0 71.00047303673436 
96.0 71.00047303673436 
96.0 71.00047303673436 
96.0 70.00007629611346 
96.0 70.00007629611346 
96.0 67.00056459227194 
95.0 68.00012207388225 
96.0 68.00012207388225 
96.0 68.00012207388225 
96.0 68.00012207388225 
96.0 67.00056459227194 
96.0 67.00056459227194 
96.0 67.00056459227194 
96.0 67.00056459227194 
96.0 67.00056459227194 
96.0 68.00012207388225 
96.0 68.00012207388225 
96.0 69.00051881450315 
96.0 68.00012207388225 
95.0 65.00061037004073 
95.0 63.00065614780953 
95.0 62.00025940718863 
95.0 61.00070192557832 
95.0 64.00021362941985 
95.0 64.00021362941985 
95.0 65.00061037004073 
95.0 66.00016785165104 
95.0 64.00021362941985 
95.0 61.00070192557832 
94.0 58.000350962726216 
94.0 58.000350962726216 
94.0 54.999999999874106 
94.0 54.000442518263796 
94.0 54.000442518263796 
94.0 54.000442518263796 
95.0 54.000442518263796 
94.0 54.000442518263796 
94.0 54.999999999874106 
94.0 54.999999999874106 
94.0 54.999999999874106 
94.0 54.999999999874106 
94.0 54.999999999874106 
95.0 56.000396740495006 
95.0 59.000747703347116 
95.0 59.000747703347116 
95.0 59.000747703347116 
95.0 60.000305184957426 
95.0 59.000747703347116 
95.0 59.000747703347116 
95.0 59.000747703347116 
95.0 59.000747703347116 
94.0 60.000305184957426 
94.0 61.00070192557832 
94.0 62.00025940718863 
94.0 64.00021362941985 
94.0 64.00021362941985 
94.0 65.00061037004073 
94.0 65.00061037004073 
94.0 65.00061037004073 
94.0 65.00061037004073 
94.0 65.00061037004073 
94.0 64.00021362941985 
94.0 64.00021362941985 
95.0 64.00021362941985 
95.0 64.00021362941985 
95.0 63.00065614780953 
95.0 63.00065614780953 
95.0 63.00065614780953 
95.0 63.00065614780953 
94.0 64.00021362941985 
94.0 63.00065614780953 
94.0 64.00021362941985 
94.0 64.00021362941985 
94.0 63.00065614780953 
94.0 62.00025940718863 
94.0 60.000305184957426 
94.0 60.000305184957426 
94.0 59.000747703347116 
94.0 59.000747703347116 
94.0 59.000747703347116 
94.0 59.000747703347116 
94.0 60.000305184957426 
94.0 60.000305184957426 
94.0 60.000305184957426 
94.0 60.000305184957426 
94.0 59.000747703347116 
94.0 59.000747703347116 
94.0 59.000747703347116 
94.0 58.000350962726216 
94.0 58.000350962726216 
94.0 57.000793481115906 
94.0 59.000747703347116 
94.0 58.000350962726216 
94.0 60.000305184957426 
94.0 60.000305184957426 
94.0 60.000305184957426 
94.0 59.000747703347116 
94.0 58.000350962726216 
94.0 58.000350962726216 
94.0 58.000350962726216 
94.0 57.000793481115906 
94.0 58.000350962726216 
94.0 59.000747703347116 
94.0 59.000747703347116 
94.0 60.000305184957426 
94.0 61.00070192557832 
94.0 61.00070192557832 
94.0 61.00070192557832 
94.0 61.00070192557832 
94.0 62.00025940718863 
94.0 62.00025940718863 
94.0 62.00025940718863 
94.0 63.00065614780953 
94.0 63.00065614780953 
94.0 63.00065614780953 
94.0 62.00025940718863 
94.0 61.00070192557832 
94.0 61.00070192557832 
94.0 61.00070192557832 
94.0 60.000305184957426 
94.0 60.000305184957426 
94.0 60.000305184957426 
94.0 60.000305184957426 
94.0 60.000305184957426 
94.0 60.000305184957426 
94.0 60.000305184957426 
94.0 60.000305184957426 
94.0 60.000305184957426 
94.0 60.000305184957426 
94.0 61.00070192557832 
94.0 61.00070192557832 
94.0 61.00070192557832 
94.0 61.00070192557832 
94.0 61.00070192557832 
94.0 60.000305184957426 
94.0 60.000305184957426 
94.0 60.000305184957426 
95.0 60.000305184957426 
95.0 60.000305184957426 
95.0 60.000305184957426 
95.0 60.000305184957426 
95.0 60.000305184957426 
95.0 60.000305184957426 
95.0 60.000305184957426 
95.0 60.000305184957426 
95.0 60.000305184957426 
95.0 60.000305184957426 
95.0 60.000305184957426 
95.0 61.00070192557832 
95.0 62.00025940718863 
95.0 62.00025940718863 
95.0 63.00065614780953 
94.0 63.00065614780953 
94.0 63.00065614780953 
94.0 63.00065614780953 
94.0 63.00065614780953 
94.0 62.00025940718863 
94.0 64.00021362941985 
94.0 64.00021362941985 
94.0 64.00021362941985 
94.0 64.00021362941985 
94.0 64.00021362941985 
95.0 63.00065614780953 
95.0 62.00025940718863 
95.0 61.00070192557832 
95.0 61.00070192557832 
95.0 61.00070192557832 
95.0 62.00025940718863 
95.0 64.00021362941985 
95.0 67.00056459227194 
95.0 67.00056459227194 
95.0 68.00012207388225 
95.0 67.00056459227194 
95.0 67.00056459227194 
95.0 66.00016785165104 
95.0 67.00056459227194 
95.0 69.00051881450315 
95.0 69.00051881450315 
95.0 69.00051881450315 
95.0 69.00051881450315 
95.0 69.00051881450315 
95.0 69.00051881450315 
95.0 69.00051881450315 
95.0 68.00012207388225 
95.0 67.00056459227194 
95.0 65.00061037004073 
95.0 65.00061037004073 
95.0 65.00061037004073 
95.0 66.00016785165104 
95.0 66.00016785165104 
95.0 66.00016785165104 
95.0 65.00061037004073 
95.0 65.00061037004073 
95.0 65.00061037004073 
95.0 65.00061037004073 
95.0 65.00061037004073 
95.0 66.00016785165104 
95.0 66.00016785165104 
95.0 68.00012207388225 
95.0 68.00012207388225 
95.0 69.00051881450315 
95.0 69.00051881450315 
95.0 68.00012207388225 
95.0 67.00056459227194 
95.0 67.00056459227194 
95.0 67.00056459227194 
95.0 67.00056459227194 
95.0 68.00012207388225 
95.0 68.00012207388225 
95.0 69.00051881450315 
95.0 69.00051881450315 
95.0 69.00051881450315 
95.0 69.00051881450315 
95.0 68.00012207388225 
95.0 68.00012207388225 
95.0 68.00012207388225 
95.0 68.00012207388225 
95.0 70.00007629611346 
95.0 70.00007629611346 
95.0 71.00047303673436 
95.0 70.00007629611346 
95.0 68.00012207388225 
95.0 67.00056459227194 
96.0 66.00016785165104 
96.0 66.00016785165104 
96.0 68.00012207388225 
95.0 68.00012207388225 
95.0 68.00012207388225 
95.0 67.00056459227194 
95.0 65.00061037004073 
96.0 65.00061037004073 
95.0 63.00065614780953 
96.0 61.00070192557832 
96.0 60.000305184957426 
96.0 60.000305184957426 
96.0 59.000747703347116 
96.0 59.000747703347116 
96.0 60.000305184957426 
96.0 60.000305184957426 
96.0 59.000747703347116 
96.0 59.000747703347116 
96.0 59.000747703347116 
96.0 59.000747703347116 
96.0 58.000350962726216 
96.0 59.000747703347116 
95.0 58.000350962726216 
95.0 61.00070192557832 
95.0 61.00070192557832 
95.0 63.00065614780953 
95.0 64.00021362941985 
95.0 65.00061037004073 
95.0 65.00061037004073 
95.0 64.00021362941985 
95.0 63.00065614780953 
95.0 62.00025940718863 
95.0 62.00025940718863 
95.0 60.000305184957426 
95.0 61.00070192557832 
95.0 61.00070192557832 
95.0 61.00070192557832 
95.0 62.00025940718863 
95.0 62.00025940718863 
95.0 62.00025940718863 
95.0 61.00070192557832 
95.0 61.00070192557832 
95.0 61.00070192557832 
95.0 61.00070192557832 
95.0 62.00025940718863 
95.0 62.00025940718863 
95.0 64.00021362941985 
95.0 64.00021362941985 
95.0 64.00021362941985 
95.0 64.00021362941985 
95.0 63.00065614780953 
95.0 61.00070192557832 
95.0 61.00070192557832 
95.0 61.00070192557832 
95.0 61.00070192557832 
95.0 61.00070192557832 
95.0 61.00070192557832 
95.0 62.00025940718863 
96.0 63.00065614780953 
95.0 66.00016785165104 
95.0 67.00056459227194 
95.0 67.00056459227194 
95.0 67.00056459227194 
95.0 67.00056459227194 
96.0 67.00056459227194 
96.0 67.00056459227194 
96.0 67.00056459227194 
96.0 67.00056459227194 
96.0 66.00016785165104 
96.0 65.00061037004073 
96.0 64.00021362941985 
96.0 63.00065614780953 
96.0 63.00065614780953 
96.0 62.00025940718863 
95.0 62.00025940718863 
95.0 61.00070192557832 
95.0 61.00070192557832 
95.0 61.00070192557832 
95.0 61.00070192557832 
95.0 61.00070192557832 
95.0 61.00070192557832 
95.0 61.00070192557832 
95.0 61.00070192557832 
96.0 61.00070192557832 
96.0 61.00070192557832 
96.0 61.00070192557832 
96.0 61.00070192557832 
96.0 61.00070192557832 
96.0 60.000305184957426 
95.0 60.000305184957426 
95.0 60.000305184957426 
95.0 61.00070192557832 
95.0 63.00065614780953 
95.0 63.00065614780953 
95.0 64.00021362941985 
96.0 64.00021362941985 
96.0 65.00061037004073 
96.0 64.00021362941985 
96.0 62.00025940718863 
96.0 61.00070192557832 
96.0 60.000305184957426 
95.0 59.000747703347116 
96.0 60.000305184957426 
97.0 59.000747703347116 
96.0 59.000747703347116 
96.0 59.000747703347116 
96.0 59.000747703347116 
96.0 59.000747703347116 
96.0 59.000747703347116 
96.0 59.000747703347116 
96.0 59.000747703347116 
96.0 59.000747703347116 
96.0 59.000747703347116 
96.0 59.000747703347116 
96.0 59.000747703347116 
96.0 59.000747703347116 
97.0 59.000747703347116 
96.0 59.000747703347116 
96.0 59.000747703347116 
96.0 59.000747703347116 
95.0 59.000747703347116 
95.0 59.000747703347116 
95.0 59.000747703347116 
95.0 59.000747703347116 
95.0 59.000747703347116 
95.0 59.000747703347116 
96.0 60.000305184957426 
97.0 64.00021362941985 
97.0 67.00056459227194 
97.0 67.00056459227194 
97.0 69.00051881450315 
97.0 69.00051881450315 
97.0 70.00007629611346 
97.0 71.00047303673436 
97.0 71.00047303673436 
97.0 69.00051881450315 
97.0 68.00012207388225 
97.0 67.00056459227194 
97.0 66.00016785165104 
97.0 66.00016785165104 
97.0 66.00016785165104 
96.0 67.00056459227194 
96.0 66.00016785165104 
96.0 65.00061037004073 
96.0 65.00061037004073 
96.0 64.00021362941985 
97.0 63.00065614780953 
96.0 62.00025940718863 
96.0 61.00070192557832 
96.0 61.00070192557832 
96.0 62.00025940718863 
95.0 61.00070192557832 
95.0 61.00070192557832 
95.0 60.000305184957426 
95.0 59.000747703347116 
95.0 59.000747703347116 
95.0 59.000747703347116 
95.0 59.000747703347116 
95.0 59.000747703347116 
95.0 59.000747703347116 
95.0 59.000747703347116 
95.0 59.000747703347116 
95.0 58.000350962726216 
95.0 58.000350962726216 
95.0 58.000350962726216 
95.0 59.000747703347116 
95.0 61.00070192557832 
95.0 61.00070192557832 
95.0 61.00070192557832 
95.0 61.00070192557832 
95.0 62.00025940718863 
96.0 62.00025940718863 
96.0 63.00065614780953 
95.0 65.00061037004073 
95.0 66.00016785165104 
95.0 66.00016785165104 
96.0 67.00056459227194 
96.0 66.00016785165104 
96.0 66.00016785165104 
96.0 65.00061037004073 
96.0 66.00016785165104 
96.0 65.00061037004073 
96.0 69.00051881450315 
97.0 70.00007629611346 
97.0 71.00047303673436 
97.0 69.00051881450315 
97.0 68.00012207388225 
97.0 66.00016785165104 
97.0 65.00061037004073 
97.0 62.00025940718863 
97.0 61.00070192557832 
97.0 60.000305184957426 
97.0 60.000305184957426 
97.0 60.000305184957426 
97.0 60.000305184957426 
97.0 60.000305184957426 
97.0 60.000305184957426 
97.0 61.00070192557832 
97.0 62.00025940718863 
97.0 62.00025940718863 
97.0 63.00065614780953 
97.0 63.00065614780953 
97.0 64.00021362941985 
97.0 65.00061037004073 
97.0 65.00061037004073 
97.0 65.00061037004073 
97.0 66.00016785165104 
97.0 66.00016785165104 
97.0 66.00016785165104 
97.0 66.00016785165104 
97.0 66.00016785165104 
97.0 67.00056459227194 
97.0 67.00056459227194 
97.0 67.00056459227194 
97.0 68.00012207388225 
97.0 68.00012207388225 
97.0 68.00012207388225 
97.0 68.00012207388225 
97.0 69.00051881450315 
97.0 70.00007629611346 
97.0 71.00047303673436 
97.0 71.00047303673436 
97.0 72.00003051834467 
97.0 72.00003051834467 
97.0 72.00003051834467 
97.0 72.00003051834467 
97.0 72.00003051834467 
97.0 72.00003051834467 
97.0 74.00082399958647 
97.0 74.00082399958647 
97.0 75.00038148119678 
97.0 76.00077822181768 
97.0 76.00077822181768 
97.0 75.00038148119678 
97.0 74.00082399958647 
97.0 74.00082399958647 
97.0 75.00038148119678 
97.0 75.00038148119678 
98.0 75.00038148119678 
98.0 74.00082399958647 
98.0 73.00042725896557 
98.0 72.00003051834467 
97.0 70.00007629611346 
97.0 70.00007629611346 
97.0 70.00007629611346 
97.0 70.00007629611346 
98.0 70.00007629611346 
98.0 71.00047303673436 
97.0 71.00047303673436 
97.0 71.00047303673436 
97.0 71.00047303673436 
97.0 71.00047303673436 
97.0 71.00047303673436 
97.0 70.00007629611346 
97.0 70.00007629611346 
97.0 70.00007629611346 
97.0 71.00047303673436 
96.0 73.00042725896557 
96.0 75.00038148119678 
96.0 75.00038148119678 
96.0 75.00038148119678 
97.0 75.00038148119678 
97.0 74.00082399958647 
97.0 73.00042725896557 
97.0 73.00042725896557 
97.0 74.00082399958647 
97.0 74.00082399958647 
97.0 73.00042725896557 
97.0 72.00003051834467 
97.0 72.00003051834467 
97.0 72.00003051834467 
97.0 73.00042725896557 
97.0 73.00042725896557 
97.0 73.00042725896557 
97.0 73.00042725896557 
97.0 73.00042725896557 
97.0 72.00003051834467 
97.0 69.00051881450315 
97.0 68.00012207388225 
97.0 68.00012207388225 
97.0 68.00012207388225 
98.0 68.00012207388225 
98.0 68.00012207388225 
98.0 67.00056459227194 
98.0 67.00056459227194 
98.0 67.00056459227194 
98.0 67.00056459227194 
98.0 67.00056459227194 
98.0 67.00056459227194 
98.0 69.00051881450315 
98.0 69.00051881450315 
98.0 69.00051881450315 
97.0 69.00051881450315 
98.0 70.00007629611346 
97.0 70.00007629611346 
97.0 70.00007629611346 
97.0 71.00047303673436 
98.0 72.00003051834467 
98.0 72.00003051834467 
98.0 73.00042725896557 
98.0 76.00077822181768 
98.0 76.00077822181768 
98.0 77.000335703428 
98.0 76.00077822181768 
98.0 76.00077822181768 
98.0 75.00038148119678 
98.0 75.00038148119678 
98.0 78.00073244404888 
98.0 80.99940488887981 
98.0 80.99940488887981 
98.0 79.00028992565919 
98.0 78.00073244404888 
98.0 77.000335703428 
98.0 75.00038148119678 
98.0 72.00003051834467 
98.0 71.00047303673436 
98.0 71.00047303673436 
98.0 70.00007629611346 
98.0 70.00007629611346 
98.0 70.00007629611346 
98.0 71.00047303673436 
98.0 72.00003051834467 
98.0 71.00047303673436 
98.0 71.00047303673436 
98.0 70.00007629611346 
98.0 68.00012207388225 
98.0 68.00012207388225 
98.0 66.00016785165104 
98.0 65.00061037004073 
98.0 64.00021362941985 
98.0 63.00065614780953 
98.0 64.00021362941985 
98.0 64.00021362941985 
98.0 64.00021362941985 
98.0 64.00021362941985 
98.0 64.00021362941985 
98.0 62.00025940718863 
98.0 62.00025940718863 
98.0 60.000305184957426 
98.0 60.000305184957426 
98.0 60.000305184957426 
98.0 61.00070192557832 
98.0 61.00070192557832 
98.0 61.00070192557832 
98.0 61.00070192557832 
98.0 61.00070192557832 
98.0 61.00070192557832 
98.0 61.00070192557832 
98.0 61.00070192557832 
98.0 61.00070192557832 
98.0 61.00070192557832 
98.0 61.00070192557832 
98.0 62.00025940718863 
98.0 62.00025940718863 
98.0 62.00025940718863 
98.0 62.00025940718863 
98.0 63.00065614780953 
98.0 63.00065614780953 
98.0 64.00021362941985 
98.0 64.00021362941985 
98.0 65.00061037004073 
98.0 67.00056459227194 
98.0 67.00056459227194 
98.0 67.00056459227194 
98.0 67.00056459227194 
98.0 68.00012207388225 
98.0 68.00012207388225 
98.0 70.00007629611346 
98.0 72.00003051834467 
98.0 74.00082399958647 
98.0 72.00003051834467 
98.0 72.00003051834467 
98.0 72.00003051834467 
98.0 72.00003051834467 
98.0 72.00003051834467 
98.0 72.00003051834467 
98.0 76.00077822181768 
98.0 77.000335703428 
98.0 79.00028992565919 
98.0 76.00077822181768 
98.0 72.00003051834467 
98.0 69.00051881450315 
98.0 65.00061037004073 
98.0 65.00061037004073 
98.0 65.00061037004073 
98.0 68.00012207388225 
98.0 70.00007629611346 
98.0 70.00007629611346 
98.0 71.00047303673436 
98.0 73.00042725896557 
98.0 74.00082399958647 
98.0 74.00082399958647 
98.0 74.00082399958647 
98.0 73.00042725896557 
98.0 74.00082399958647 
98.0 73.00042725896557 
98.0 74.00082399958647 
98.0 74.00082399958647 
98.0 74.00082399958647 
98.0 74.00082399958647 
98.0 72.00003051834467 
98.0 71.00047303673436 
98.0 69.00051881450315 
98.0 67.00056459227194 
98.0 67.00056459227194 
98.0 66.00016785165104 
98.0 66.00016785165104 
98.0 65.00061037004073 
98.0 65.00061037004073 
98.0 65.00061037004073 
98.0 65.00061037004073 
98.0 64.00021362941985 
98.0 64.00021362941985 
98.0 63.00065614780953 
98.0 63.00065614780953 
98.0 63.00065614780953 
98.0 63.00065614780953 
98.0 64.00021362941985 
98.0 65.00061037004073 
98.0 65.00061037004073 
98.0 65.00061037004073 
98.0 64.00021362941985 
98.0 63.00065614780953 
98.0 62.00025940718863 
98.0 62.00025940718863 
98.0 61.00070192557832 
98.0 61.00070192557832 
98.0 61.00070192557832 
98.0 60.000305184957426 
98.0 60.000305184957426 
98.0 60.000305184957426 
98.0 61.00070192557832 
97.0 61.00070192557832 
97.0 61.00070192557832 
98.0 61.00070192557832 
98.0 61.00070192557832 
98.0 60.000305184957426 
98.0 59.000747703347116 
98.0 58.000350962726216 
98.0 58.000350962726216 
97.0 58.000350962726216 
97.0 58.000350962726216 
98.0 68.00012207388225 
98.0 67.00056459227194 
98.0 67.00056459227194 
98.0 67.00056459227194 
98.0 66.00016785165104 
98.0 66.00016785165104 
98.0 65.00061037004073 
98.0 63.00065614780953 
98.0 63.00065614780953 
98.0 62.00025940718863 
98.0 60.000305184957426 
98.0 60.000305184957426 
98.0 60.000305184957426 
98.0 60.000305184957426 
98.0 61.00070192557832 
98.0 61.00070192557832 
98.0 61.00070192557832 
97.0 60.000305184957426 
97.0 59.000747703347116 
97.0 58.000350962726216 
97.0 57.000793481115906 
97.0 57.000793481115906 
97.0 57.000793481115906 
97.0 57.000793481115906 
97.0 58.000350962726216 
97.0 58.000350962726216 
97.0 60.000305184957426 
97.0 61.00070192557832 
97.0 62.00025940718863 
97.0 62.00025940718863 
97.0 60.000305184957426 
97.0 58.000350962726216 
96.0 56.000396740495006 
96.0 54.999999999874106 
96.0 54.999999999874106 
96.0 54.999999999874106 
96.0 57.000793481115906 
96.0 60.000305184957426 
96.0 61.00070192557832 
95.0 63.00065614780953 
95.0 64.00021362941985 
95.0 63.00065614780953 
95.0 62.00025940718863 
96.0 61.00070192557832 
96.0 61.00070192557832 
96.0 61.00070192557832 
96.0 61.00070192557832 
96.0 61.00070192557832 
96.0 61.00070192557832 
96.0 61.00070192557832 
96.0 62.00025940718863 
96.0 63.00065614780953 
96.0 63.00065614780953 
96.0 64.00021362941985 
96.0 63.00065614780953 
95.0 63.00065614780953 
95.0 63.00065614780953 
95.0 63.00065614780953 
95.0 64.00021362941985 
95.0 65.00061037004073 
95.0 66.00016785165104 
95.0 67.00056459227194 
95.0 68.00012207388225 
95.0 66.00016785165104 
95.0 64.00021362941985 
95.0 63.00065614780953 
95.0 62.00025940718863 
95.0 61.00070192557832 
95.0 61.00070192557832 
95.0 60.000305184957426 
95.0 61.00070192557832 
95.0 61.00070192557832 
95.0 62.00025940718863 
95.0 62.00025940718863 
96.0 61.00070192557832 
96.0 61.00070192557832 
96.0 59.000747703347116 
96.0 58.000350962726216 
96.0 57.000793481115906 
96.0 57.000793481115906 
96.0 57.000793481115906 
96.0 57.000793481115906 
96.0 57.000793481115906 
96.0 58.000350962726216 
96.0 58.000350962726216 
96.0 58.000350962726216 
96.0 58.000350962726216 
96.0 58.000350962726216 
96.0 58.000350962726216 
96.0 58.000350962726216 
96.0 57.000793481115906 
96.0 57.000793481115906 
95.0 56.000396740495006 
94.0 56.000396740495006 
94.0 56.000396740495006 
94.0 56.000396740495006 
94.0 56.000396740495006 
94.0 56.000396740495006 
94.0 56.000396740495006 
94.0 56.000396740495006 
94.0 56.000396740495006 
94.0 56.000396740495006 
95.0 56.000396740495006 
95.0 56.000396740495006 
95.0 56.000396740495006 
95.0 56.000396740495006 
95.0 57.000793481115906 
95.0 57.000793481115906 
95.0 59.000747703347116 
95.0 59.000747703347116 
95.0 60.000305184957426 
95.0 62.00025940718863 
95.0 63.00065614780953 
95.0 64.00021362941985 
95.0 65.00061037004073 
95.0 65.00061037004073 
95.0 65.00061037004073 
95.0 65.00061037004073 
95.0 65.00061037004073 
95.0 65.00061037004073 
95.0 65.00061037004073 
95.0 65.00061037004073 
95.0 65.00061037004073 
95.0 65.00061037004073 
95.0 65.00061037004073 
95.0 65.00061037004073 
95.0 65.00061037004073 
94.0 65.00061037004073 
94.0 65.00061037004073 
94.0 65.00061037004073 
94.0 65.00061037004073 
94.0 62.00025940718863 
94.0 62.00025940718863 
94.0 62.00025940718863 
94.0 62.00025940718863 
94.0 62.00025940718863 
95.0 67.00056459227194 
95.0 67.00056459227194 
95.0 67.00056459227194 
95.0 67.00056459227194 
95.0 67.00056459227194 
95.0 67.00056459227194 
95.0 67.00056459227194 
95.0 67.00056459227194 
95.0 67.00056459227194 
95.0 67.00056459227194 
95.0 62.00025940718863 
95.0 62.00025940718863 
96.0 62.00025940718863 
96.0 59.000747703347116 
96.0 58.000350962726216 
96.0 58.000350962726216 
96.0 57.000793481115906 
96.0 58.000350962726216 
96.0 59.000747703347116 
96.0 60.000305184957426 
95.0 60.000305184957426 
95.0 60.000305184957426 
95.0 60.000305184957426 
95.0 60.000305184957426 
95.0 60.000305184957426 
95.0 62.00025940718863 
95.0 64.00021362941985 
95.0 66.00016785165104 
95.0 68.00012207388225 
95.0 68.00012207388225 
96.0 68.00012207388225 
96.0 68.00012207388225 
96.0 68.00012207388225 
96.0 68.00012207388225 
98.0 68.00012207388225 
98.0 69.00051881450315 
97.0 70.00007629611346 
97.0 70.00007629611346 
97.0 71.00047303673436 
96.0 71.00047303673436 
96.0 70.00007629611346 
96.0 69.00051881450315 
96.0 68.00012207388225 
96.0 67.00056459227194 
96.0 67.00056459227194 
96.0 67.00056459227194 
96.0 71.00047303673436 
96.0 74.00082399958647 
96.0 74.00082399958647 
96.0 75.00038148119678 
96.0 74.00082399958647 
96.0 72.00003051834467 
96.0 69.00051881450315 
96.0 66.00016785165104 
96.0 63.00065614780953 
96.0 61.00070192557832 
96.0 60.000305184957426 
96.0 60.000305184957426 
96.0 60.000305184957426 
96.0 60.000305184957426 
96.0 60.000305184957426 
96.0 61.00070192557832 
96.0 62.00025940718863 
96.0 63.00065614780953 
96.0 65.00061037004073 
96.0 66.00016785165104 
96.0 66.00016785165104 
96.0 67.00056459227194 
96.0 67.00056459227194 
96.0 67.00056459227194 
96.0 68.00012207388225 
96.0 68.00012207388225 
96.0 70.00007629611346 
96.0 73.00042725896557 
96.0 74.00082399958647 
96.0 72.00003051834467 
96.0 71.00047303673436 
96.0 71.00047303673436 
97.0 73.00042725896557 
96.0 76.00077822181768 
96.0 78.00073244404888 
97.0 80.99940488887981 
97.0 80.99940488887981 
97.0 80.99940488887981 
97.0 79.00028992565919 
97.0 77.000335703428 
97.0 75.00038148119678 
97.0 73.00042725896557 
97.0 73.00042725896557 
97.0 72.00003051834467 
97.0 72.00003051834467 
97.0 72.00003051834467 
97.0 71.00047303673436 
97.0 69.00051881450315 
97.0 68.00012207388225 
97.0 67.00056459227194 
97.0 67.00056459227194 
97.0 66.00016785165104 
97.0 66.00016785165104 
97.0 68.00012207388225 
97.0 69.00051881450315 
97.0 70.00007629611346 
97.0 70.00007629611346 
97.0 70.00007629611346 
96.0 71.00047303673436 
96.0 70.00007629611346 
96.0 67.00056459227194 
96.0 66.00016785165104 
96.0 65.00061037004073 
96.0 65.00061037004073 
96.0 65.00061037004073 
96.0 64.00021362941985 
96.0 64.00021362941985 
96.0 63.00065614780953 
96.0 63.00065614780953 
96.0 62.00025940718863 
96.0 61.00070192557832 
96.0 60.000305184957426 
96.0 60.000305184957426 
96.0 60.000305184957426 
96.0 60.000305184957426 
96.0 60.000305184957426 
96.0 61.00070192557832 
96.0 61.00070192557832 
96.0 61.00070192557832 
96.0 61.00070192557832 
96.0 62.00025940718863 
96.0 62.00025940718863 
96.0 62.00025940718863 
96.0 62.00025940718863 
96.0 62.00025940718863 
96.0 63.00065614780953 
96.0 63.00065614780953 
96.0 63.00065614780953 
96.0 63.00065614780953 
96.0 63.00065614780953 
95.0 63.00065614780953 
95.0 63.00065614780953 
96.0 62.00025940718863 
96.0 62.00025940718863 
96.0 62.00025940718863 
96.0 61.00070192557832 
96.0 60.000305184957426 
96.0 59.000747703347116 
96.0 59.000747703347116 
96.0 58.000350962726216 
96.0 60.000305184957426 
96.0 61.00070192557832 
96.0 62.00025940718863 
96.0 63.00065614780953 
96.0 64.00021362941985 
96.0 64.00021362941985 
96.0 63.00065614780953 
96.0 62.00025940718863 
96.0 61.00070192557832 
96.0 60.000305184957426 
96.0 60.000305184957426 
96.0 60.000305184957426 
96.0 60.000305184957426 
96.0 60.000305184957426 
96.0 60.000305184957426 
96.0 60.000305184957426 
96.0 60.000305184957426 
