96.99996948178656 89.00076296294061 
96.99996948178656 88.00013733349407 
96.99996948178656 87.00044251858654 
96.99996948178656 87.00044251858654 
96.99996948178656 87.00044251858654 
96.00000000029299 87.00044251858654 
96.00000000029299 86.00074770367901 
96.00000000029299 85.00012207423246 
96.00000000029299 85.00012207423246 
96.00000000029299 82.00010681497086 
96.00000000029299 82.00010681497086 
96.00000000029299 81.00041200006333 
96.00000000029299 81.00041200006333 
96.00000000029299 81.00041200006333 
96.00000000029299 82.00010681497086 
96.00000000029299 83.00073244441741 
96.99996948178656 83.00073244441741 
96.99996948178656 83.00073244441741 
96.99996948178656 83.00073244441741 
96.99996948178656 83.00073244441741 
96.99996948178656 82.00010681497086 
96.99996948178656 82.00010681497086 
96.99996948178656 82.00010681497086 
96.99996948178656 82.00010681497086 
96.99996948178656 82.00010681497086 
96.99996948178656 82.00010681497086 
96.99996948178656 81.00041200006333 
96.99996948178656 81.00041200006333 
96.00000000029299 81.00041200006333 
96.00000000029299 81.00041200006333 
96.00000000029299 84.00042725932494 
96.99996948178656 84.00042725932494 
96.99996948178656 85.00012207423246 
96.99996948178656 85.00012207423246 
96.99996948178656 85.00012207423246 
96.99996948178656 84.00042725932494 
96.99996948178656 82.00010681497086 
96.99996948178656 81.00041200006333 
96.00000000029299 80.0007171851558 
96.00000000029299 79.00009155570925 
96.00000000029299 78.00039674080172 
95.0000305187994 77.00070192589419 
95.0000305187994 77.00070192589419 
96.00000000029299 76.00007629644765 
96.00000000029299 75.00038148154012 
96.00000000029299 74.00068666663259 
96.00000000029299 74.00068666663259 
96.00000000029299 73.00006103718604 
96.99996948178656 73.00006103718604 
96.99996948178656 73.00006103718604 
96.99996948178656 72.00036622227852 
96.99996948178656 71.00067140737099 
96.99996948178656 71.00067140737099 
96.99996948178656 70.00004577792444 
96.99996948178656 70.00004577792444 
96.00000000029299 70.00004577792444 
96.00000000029299 70.00004577792444 
96.00000000029299 71.00067140737099 
96.00000000029299 71.00067140737099 
96.99996948178656 71.00067140737099 
96.99996948178656 71.00067140737099 
96.99996948178656 71.00067140737099 
96.99996948178656 72.00036622227852 
96.99996948178656 73.00006103718604 
96.99996948178656 74.00068666663259 
96.99996948178656 74.00068666663259 
96.99996948178656 74.00068666663259 
97.99993896328014 73.00006103718604 
97.99993896328014 71.00067140737099 
97.99993896328014 69.00035096301691 
96.99996948178656 68.00065614810939 
96.99996948178656 67.00003051866284 
96.99996948178656 66.00033570375531 
96.99996948178656 68.00065614810939 
96.99996948178656 68.00065614810939 
96.00000000029299 69.00035096301691 
96.00000000029299 71.00067140737099 
96.00000000029299 72.00036622227852 
96.00000000029299 71.00067140737099 
96.00000000029299 71.00067140737099 
96.00000000029299 70.00004577792444 
96.00000000029299 69.00035096301691 
96.00000000029299 68.00065614810939 
96.00000000029299 67.00003051866284 
96.00000000029299 67.00003051866284 
96.00000000029299 67.00003051866284 
96.00000000029299 67.00003051866284 
96.00000000029299 67.00003051866284 
96.00000000029299 68.00065614810939 
96.00000000029299 68.00065614810939 
95.0000305187994 69.00035096301691 
95.0000305187994 69.00035096301691 
95.0000305187994 69.00035096301691 
95.0000305187994 69.00035096301691 
95.0000305187994 68.00065614810939 
95.0000305187994 68.00065614810939 
95.0000305187994 68.00065614810939 
95.0000305187994 68.00065614810939 
95.0000305187994 68.00065614810939 
95.0000305187994 69.00035096301691 
95.0000305187994 69.00035096301691 
95.0000305187994 69.00035096301691 
95.0000305187994 70.00004577792444 
96.00000000029299 71.00067140737099 
96.00000000029299 70.00004577792444 
96.00000000029299 70.00004577792444 
96.00000000029299 70.00004577792444 
96.00000000029299 70.00004577792444 
96.00000000029299 70.00004577792444 
96.00000000029299 71.00067140737099 
96.00000000029299 73.00006103718604 
96.00000000029299 73.00006103718604 
96.00000000029299 75.00038148154012 
96.00000000029299 77.00070192589419 
96.00000000029299 77.00070192589419 
96.00000000029299 77.00070192589419 
96.00000000029299 77.00070192589419 
96.00000000029299 76.00007629644765 
96.00000000029299 76.00007629644765 
96.00000000029299 76.00007629644765 
96.00000000029299 76.00007629644765 
96.00000000029299 76.00007629644765 
96.00000000029299 76.00007629644765 
96.00000000029299 76.00007629644765 
96.00000000029299 76.00007629644765 
96.00000000029299 75.00038148154012 
96.00000000029299 74.00068666663259 
96.00000000029299 72.00036622227852 
96.00000000029299 71.00067140737099 
96.00000000029299 70.00004577792444 
96.00000000029299 69.00035096301691 
96.00000000029299 69.00035096301691 
96.00000000029299 69.00035096301691 
96.00000000029299 69.00035096301691 
96.00000000029299 69.00035096301691 
96.00000000029299 69.00035096301691 
96.00000000029299 69.00035096301691 
96.00000000029299 69.00035096301691 
96.00000000029299 69.00035096301691 
96.00000000029299 69.00035096301691 
96.00000000029299 69.00035096301691 
96.00000000029299 69.00035096301691 
96.00000000029299 70.00004577792444 
96.00000000029299 70.00004577792444 
96.00000000029299 71.00067140737099 
96.00000000029299 71.00067140737099 
96.00000000029299 71.00067140737099 
95.0000305187994 71.00067140737099 
95.0000305187994 70.00004577792444 
95.0000305187994 70.00004577792444 
95.0000305187994 70.00004577792444 
95.0000305187994 71.00067140737099 
95.0000305187994 71.00067140737099 
96.00000000029299 71.00067140737099 
96.00000000029299 72.00036622227852 
96.00000000029299 72.00036622227852 
96.00000000029299 71.00067140737099 
96.00000000029299 71.00067140737099 
96.00000000029299 70.00004577792444 
96.00000000029299 70.00004577792444 
96.00000000029299 70.00004577792444 
96.00000000029299 69.00035096301691 
96.00000000029299 69.00035096301691 
96.00000000029299 69.00035096301691 
96.00000000029299 68.00065614810939 
96.00000000029299 68.00065614810939 
96.00000000029299 68.00065614810939 
96.00000000029299 68.00065614810939 
96.00000000029299 68.00065614810939 
96.00000000029299 68.00065614810939 
96.00000000029299 69.00035096301691 
96.00000000029299 69.00035096301691 
95.0000305187994 69.00035096301691 
95.0000305187994 69.00035096301691 
95.0000305187994 70.00004577792444 
95.0000305187994 70.00004577792444 
95.0000305187994 70.00004577792444 
95.0000305187994 70.00004577792444 
95.0000305187994 70.00004577792444 
95.0000305187994 70.00004577792444 
95.0000305187994 70.00004577792444 
95.0000305187994 70.00004577792444 
95.0000305187994 70.00004577792444 
95.0000305187994 70.00004577792444 
95.0000305187994 70.00004577792444 
95.0000305187994 71.00067140737099 
95.0000305187994 72.00036622227852 
95.0000305187994 72.00036622227852 
95.0000305187994 72.00036622227852 
95.0000305187994 73.00006103718604 
95.0000305187994 73.00006103718604 
95.0000305187994 73.00006103718604 
95.0000305187994 73.00006103718604 
96.00000000029299 75.00038148154012 
96.00000000029299 77.00070192589419 
96.00000000029299 77.00070192589419 
96.00000000029299 78.00039674080172 
96.00000000029299 78.00039674080172 
96.00000000029299 78.00039674080172 
96.00000000029299 77.00070192589419 
96.00000000029299 77.00070192589419 
96.00000000029299 76.00007629644765 
96.00000000029299 76.00007629644765 
96.00000000029299 75.00038148154012 
96.00000000029299 75.00038148154012 
96.00000000029299 74.00068666663259 
96.00000000029299 74.00068666663259 
96.00000000029299 74.00068666663259 
96.00000000029299 73.00006103718604 
96.00000000029299 73.00006103718604 
96.00000000029299 72.00036622227852 
96.00000000029299 72.00036622227852 
96.00000000029299 72.00036622227852 
96.00000000029299 72.00036622227852 
96.00000000029299 72.00036622227852 
96.00000000029299 72.00036622227852 
96.00000000029299 71.00067140737099 
96.00000000029299 71.00067140737099 
96.00000000029299 71.00067140737099 
96.00000000029299 71.00067140737099 
96.00000000029299 71.00067140737099 
96.00000000029299 71.00067140737099 
96.00000000029299 71.00067140737099 
96.00000000029299 71.00067140737099 
96.00000000029299 71.00067140737099 
96.00000000029299 71.00067140737099 
96.00000000029299 72.00036622227852 
96.00000000029299 72.00036622227852 
96.00000000029299 72.00036622227852 
96.00000000029299 73.00006103718604 
96.00000000029299 73.00006103718604 
96.00000000029299 73.00006103718604 
96.00000000029299 73.00006103718604 
96.00000000029299 73.00006103718604 
96.00000000029299 73.00006103718604 
96.00000000029299 73.00006103718604 
96.00000000029299 73.00006103718604 
96.00000000029299 73.00006103718604 
96.00000000029299 74.00068666663259 
96.00000000029299 74.00068666663259 
96.00000000029299 74.00068666663259 
96.00000000029299 75.00038148154012 
96.00000000029299 77.00070192589419 
96.00000000029299 77.00070192589419 
96.00000000029299 79.00009155570925 
96.00000000029299 80.0007171851558 
96.00000000029299 78.00039674080172 
96.00000000029299 76.00007629644765 
96.00000000029299 76.00007629644765 
96.00000000029299 75.00038148154012 
96.00000000029299 75.00038148154012 
96.00000000029299 75.00038148154012 
96.00000000029299 76.00007629644765 
96.00000000029299 76.00007629644765 
96.00000000029299 76.00007629644765 
96.00000000029299 76.00007629644765 
96.00000000029299 77.00070192589419 
96.00000000029299 77.00070192589419 
96.00000000029299 77.00070192589419 
96.00000000029299 76.00007629644765 
96.00000000029299 76.00007629644765 
96.00000000029299 75.00038148154012 
96.00000000029299 74.00068666663259 
96.00000000029299 74.00068666663259 
96.00000000029299 74.00068666663259 
96.00000000029299 74.00068666663259 
96.00000000029299 74.00068666663259 
96.00000000029299 74.00068666663259 
96.00000000029299 74.00068666663259 
96.00000000029299 74.00068666663259 
96.00000000029299 74.00068666663259 
96.00000000029299 74.00068666663259 
96.00000000029299 73.00006103718604 
96.00000000029299 73.00006103718604 
96.00000000029299 73.00006103718604 
96.00000000029299 73.00006103718604 
96.00000000029299 73.00006103718604 
96.00000000029299 73.00006103718604 
96.00000000029299 73.00006103718604 
96.00000000029299 73.00006103718604 
96.00000000029299 72.00036622227852 
96.00000000029299 71.00067140737099 
96.00000000029299 71.00067140737099 
96.00000000029299 71.00067140737099 
96.00000000029299 71.00067140737099 
96.00000000029299 71.00067140737099 
96.00000000029299 71.00067140737099 
96.00000000029299 72.00036622227852 
96.00000000029299 73.00006103718604 
96.00000000029299 73.00006103718604 
96.00000000029299 73.00006103718604 
96.00000000029299 73.00006103718604 
96.00000000029299 73.00006103718604 
96.00000000029299 73.00006103718604 
96.00000000029299 73.00006103718604 
96.00000000029299 73.00006103718604 
96.00000000029299 73.00006103718604 
96.00000000029299 73.00006103718604 
96.00000000029299 73.00006103718604 
96.00000000029299 72.00036622227852 
96.00000000029299 72.00036622227852 
96.00000000029299 76.00007629644765 
95.0000305187994 74.00068666663259 
95.0000305187994 73.00006103718604 
95.0000305187994 73.00006103718604 
95.0000305187994 72.00036622227852 
95.0000305187994 72.00036622227852 
95.0000305187994 72.00036622227852 
95.0000305187994 73.00006103718604 
96.00000000029299 75.00038148154012 
96.00000000029299 75.00038148154012 
96.00000000029299 77.00070192589419 
96.00000000029299 77.00070192589419 
96.00000000029299 78.00039674080172 
96.00000000029299 78.00039674080172 
96.00000000029299 80.0007171851558 
96.00000000029299 80.0007171851558 
96.00000000029299 80.0007171851558 
96.00000000029299 80.0007171851558 
96.00000000029299 79.00009155570925 
96.00000000029299 79.00009155570925 
96.00000000029299 78.00039674080172 
96.00000000029299 78.00039674080172 
96.00000000029299 79.00009155570925 
96.00000000029299 79.00009155570925 
96.00000000029299 80.0007171851558 
96.00000000029299 79.00009155570925 
96.00000000029299 77.00070192589419 
96.00000000029299 75.00038148154012 
96.00000000029299 74.00068666663259 
96.00000000029299 74.00068666663259 
96.00000000029299 73.00006103718604 
96.00000000029299 73.00006103718604 
96.00000000029299 73.00006103718604 
96.00000000029299 73.00006103718604 
96.00000000029299 73.00006103718604 
96.00000000029299 73.00006103718604 
96.00000000029299 74.00068666663259 
96.00000000029299 74.00068666663259 
96.00000000029299 74.00068666663259 
96.00000000029299 74.00068666663259 
96.00000000029299 75.00038148154012 
96.00000000029299 75.00038148154012 
96.00000000029299 76.00007629644765 
96.00000000029299 78.00039674080172 
96.00000000029299 79.00009155570925 
96.00000000029299 78.00039674080172 
96.00000000029299 77.00070192589419 
96.00000000029299 77.00070192589419 
96.00000000029299 83.00073244441741 
96.00000000029299 86.00074770367901 
96.00000000029299 87.00044251858654 
95.0000305187994 90.00045777784814 
95.0000305187994 92.00077822220221 
95.0000305187994 94.00016785201728 
95.0000305187994 96.00048829637136 
95.0000305187994 98.99957274109394 
96.00000000029299 102.99928281526307 
96.00000000029299 104.99960325961715 
96.00000000029299 104.99960325961715 
96.00000000029299 107.99961851887875 
96.99996948178656 106.99992370397122 
96.99996948178656 103.99990844470962 
96.99996948178656 98.99957274109394 
96.99996948178656 93.00047303710974 
96.99996948178656 91.00015259275567 
96.99996948178656 88.00013733349407 
97.99993896328014 87.00044251858654 
97.99993896328014 85.00012207423246 
97.99993896328014 85.00012207423246 
97.99993896328014 85.00012207423246 
97.99993896328014 87.00044251858654 
97.99993896328014 90.00045777784814 
97.99993896328014 90.00045777784814 
97.99993896328014 93.00047303710974 
97.99993896328014 93.00047303710974 
97.99993896328014 91.00015259275567 
97.99993896328014 90.00045777784814 
97.99993896328014 89.00076296294061 
96.99996948178656 88.00013733349407 
96.99996948178656 87.00044251858654 
96.99996948178656 87.00044251858654 
96.99996948178656 88.00013733349407 
96.99996948178656 88.00013733349407 
96.99996948178656 88.00013733349407 
96.99996948178656 87.00044251858654 
96.99996948178656 87.00044251858654 
96.99996948178656 87.00044251858654 
96.99996948178656 88.00013733349407 
96.00000000029299 88.00013733349407 
96.00000000029299 88.00013733349407 
96.00000000029299 89.00076296294061 
96.00000000029299 89.00076296294061 
96.00000000029299 89.00076296294061 
96.00000000029299 88.00013733349407 
96.00000000029299 87.00044251858654 
96.00000000029299 88.00013733349407 
96.99996948178656 89.00076296294061 
96.99996948178656 91.00015259275567 
96.99996948178656 92.00077822220221 
96.99996948178656 92.00077822220221 
96.99996948178656 91.00015259275567 
96.99996948178656 91.00015259275567 
96.99996948178656 92.00077822220221 
96.99996948178656 92.00077822220221 
96.00000000029299 93.00047303710974 
96.00000000029299 92.00077822220221 
96.00000000029299 91.00015259275567 
96.00000000029299 87.00044251858654 
96.00000000029299 86.00074770367901 
96.00000000029299 85.00012207423246 
96.00000000029299 84.00042725932494 
96.00000000029299 84.00042725932494 
96.00000000029299 84.00042725932494 
96.00000000029299 84.00042725932494 
96.00000000029299 84.00042725932494 
96.00000000029299 84.00042725932494 
96.00000000029299 84.00042725932494 
96.00000000029299 83.00073244441741 
96.00000000029299 83.00073244441741 
96.99996948178656 86.00074770367901 
96.99996948178656 86.00074770367901 
96.99996948178656 84.00042725932494 
96.99996948178656 88.00013733349407 
96.99996948178656 91.00015259275567 
96.99996948178656 94.00016785201728 
96.99996948178656 94.00016785201728 
96.99996948178656 96.99925229673987 
96.99996948178656 98.99957274109394 
96.99996948178656 99.99926755600147 
96.99996948178656 99.99926755600147 
96.99996948178656 99.99926755600147 
96.99996948178656 95.00079348146383 
96.99996948178656 94.00016785201728 
96.99996948178656 92.00077822220221 
96.99996948178656 92.00077822220221 
96.00000000029299 92.00077822220221 
96.00000000029299 92.00077822220221 
96.00000000029299 92.00077822220221 
96.00000000029299 90.00045777784814 
96.00000000029299 90.00045777784814 
96.00000000029299 88.00013733349407 
96.99996948178656 88.00013733349407 
96.99996948178656 83.00073244441741 
96.99996948178656 83.00073244441741 
96.99996948178656 83.00073244441741 
96.99996948178656 84.00042725932494 
96.99996948178656 84.00042725932494 
96.00000000029299 86.00074770367901 
96.00000000029299 86.00074770367901 
96.00000000029299 89.00076296294061 
96.00000000029299 89.00076296294061 
95.0000305187994 90.00045777784814 
95.0000305187994 91.00015259275567 
95.0000305187994 92.00077822220221 
95.0000305187994 92.00077822220221 
95.0000305187994 93.00047303710974 
95.0000305187994 93.00047303710974 
95.0000305187994 93.00047303710974 
95.0000305187994 93.00047303710974 
95.0000305187994 94.00016785201728 
95.0000305187994 94.00016785201728 
95.0000305187994 94.00016785201728 
95.0000305187994 94.00016785201728 
95.0000305187994 95.00079348146383 
95.0000305187994 95.00079348146383 
96.00000000029299 96.99925229673987 
96.00000000029299 96.99925229673987 
96.00000000029299 96.99925229673987 
96.00000000029299 96.99925229673987 
96.00000000029299 96.99925229673987 
96.99996948178656 96.99925229673987 
96.99996948178656 97.99987792618641 
96.99996948178656 98.99957274109394 
96.99996948178656 98.99957274109394 
97.99993896328014 99.99926755600147 
97.99993896328014 100.99989318544802 
96.99996948178656 100.99989318544802 
96.99996948178656 101.99958800035554 
96.99996948178656 103.99990844470962 
96.99996948178656 103.99990844470962 
96.99996948178656 103.99990844470962 
96.00000000029299 103.99990844470962 
96.00000000029299 106.99992370397122 
96.00000000029299 106.99992370397122 
96.00000000029299 108.99931333378628 
96.00000000029299 107.99961851887875 
96.00000000029299 108.99931333378628 
96.00000000029299 108.99931333378628 
96.00000000029299 108.99931333378628 
96.00000000029299 107.99961851887875 
96.00000000029299 107.99961851887875 
96.00000000029299 107.99961851887875 
96.00000000029299 107.99961851887875 
96.00000000029299 107.99961851887875 
96.00000000029299 108.99931333378628 
96.00000000029299 110.99963377814036 
96.00000000029299 110.99963377814036 
96.00000000029299 109.99993896323284 
96.00000000029299 107.99961851887875 
96.00000000029299 106.99992370397122 
96.00000000029299 106.99992370397122 
96.00000000029299 105.99929807452467 
96.00000000029299 104.99960325961715 
96.99996948178656 104.99960325961715 
96.99996948178656 102.99928281526307 
96.99996948178656 102.99928281526307 
96.99996948178656 102.99928281526307 
96.99996948178656 102.99928281526307 
97.99993896328014 103.99990844470962 
97.99993896328014 103.99990844470962 
97.99993896328014 103.99990844470962 
97.99993896328014 103.99990844470962 
97.99993896328014 103.99990844470962 
96.99996948178656 103.99990844470962 
96.99996948178656 104.99960325961715 
96.99996948178656 104.99960325961715 
96.99996948178656 104.99960325961715 
96.99996948178656 104.99960325961715 
96.99996948178656 104.99960325961715 
96.99996948178656 103.99990844470962 
96.99996948178656 102.99928281526307 
96.99996948178656 102.99928281526307 
96.99996948178656 101.99958800035554 
96.99996948178656 101.99958800035554 
96.99996948178656 101.99958800035554 
96.99996948178656 101.99958800035554 
96.99996948178656 101.99958800035554 
96.99996948178656 101.99958800035554 
96.99996948178656 101.99958800035554 
96.99996948178656 101.99958800035554 
96.99996948178656 101.99958800035554 
96.99996948178656 100.99989318544802 
96.99996948178656 100.99989318544802 
96.99996948178656 100.99989318544802 
96.99996948178656 99.99926755600147 
96.99996948178656 99.99926755600147 
96.99996948178656 98.99957274109394 
96.99996948178656 98.99957274109394 
96.99996948178656 99.99926755600147 
96.00000000029299 98.99957274109394 
96.00000000029299 99.99926755600147 
96.00000000029299 98.99957274109394 
96.00000000029299 98.99957274109394 
96.00000000029299 98.99957274109394 
96.00000000029299 99.99926755600147 
96.00000000029299 99.99926755600147 
96.00000000029299 99.99926755600147 
96.00000000029299 99.99926755600147 
96.00000000029299 97.99987792618641 
96.00000000029299 97.99987792618641 
96.00000000029299 95.00079348146383 
96.00000000029299 95.00079348146383 
96.00000000029299 95.00079348146383 
96.00000000029299 95.00079348146383 
96.00000000029299 95.00079348146383 
96.00000000029299 95.00079348146383 
96.00000000029299 95.00079348146383 
96.00000000029299 96.00048829637136 
96.00000000029299 96.00048829637136 
96.00000000029299 96.00048829637136 
96.00000000029299 99.99926755600147 
96.00000000029299 102.99928281526307 
96.99996948178656 104.99960325961715 
96.00000000029299 104.99960325961715 
96.00000000029299 105.99929807452467 
96.00000000029299 105.99929807452467 
96.00000000029299 105.99929807452467 
96.00000000029299 105.99929807452467 
96.00000000029299 105.99929807452467 
96.00000000029299 105.99929807452467 
96.00000000029299 105.99929807452467 
96.00000000029299 104.99960325961715 
96.00000000029299 105.99929807452467 
97.99993896328014 105.99929807452467 
97.99993896328014 107.99961851887875 
97.99993896328014 107.99961851887875 
97.99993896328014 107.99961851887875 
97.99993896328014 107.99961851887875 
97.99993896328014 107.99961851887875 
96.99996948178656 107.99961851887875 
96.99996948178656 107.99961851887875 
96.99996948178656 107.99961851887875 
96.99996948178656 109.99993896323284 
96.99996948178656 110.99963377814036 
96.99996948178656 110.99963377814036 
96.99996948178656 110.99963377814036 
96.99996948178656 110.99963377814036 
96.99996948178656 110.99963377814036 
96.99996948178656 110.99963377814036 
96.99996948178656 110.99963377814036 
96.99996948178656 110.99963377814036 
96.99996948178656 111.99932859304789 
96.99996948178656 111.99932859304789 
96.99996948178656 111.99932859304789 
96.99996948178656 111.99932859304789 
96.99996948178656 111.99932859304789 
96.99996948178656 111.99932859304789 
96.99996948178656 111.99932859304789 
96.99996948178656 112.99995422249444 
96.99996948178656 112.99995422249444 
96.99996948178656 112.99995422249444 
96.99996948178656 113.99964903740197 
96.99996948178656 113.99964903740197 
96.99996948178656 113.99964903740197 
96.99996948178656 113.99964903740197 
96.99996948178656 113.99964903740197 
96.99996948178656 113.99964903740197 
96.99996948178656 113.99964903740197 
96.99996948178656 113.99964903740197 
96.99996948178656 113.99964903740197 
96.99996948178656 113.99964903740197 
96.99996948178656 114.9993438523095 
96.99996948178656 115.99996948175604 
96.99996948178656 115.99996948175604 
96.00000000029299 115.99996948175604 
96.00000000029299 115.99996948175604 
96.00000000029299 116.99966429666357 
96.00000000029299 111.99932859304789 
96.00000000029299 111.99932859304789 
96.00000000029299 110.99963377814036 
95.0000305187994 110.99963377814036 
95.0000305187994 111.99932859304789 
95.0000305187994 111.99932859304789 
95.0000305187994 111.99932859304789 
95.0000305187994 112.99995422249444 
95.0000305187994 112.99995422249444 
95.0000305187994 112.99995422249444 
95.0000305187994 113.99964903740197 
95.0000305187994 113.99964903740197 
95.0000305187994 124.99908444500183 
95.0000305187994 124.99908444500183 
95.0000305187994 124.99908444500183 
95.0000305187994 124.99908444500183 
95.0000305187994 124.99908444500183 
95.0000305187994 123.9993896300943 
95.0000305187994 123.9993896300943 
95.0000305187994 122.00000000027924 
95.0000305187994 114.9993438523095 
95.0000305187994 106.99992370397122 
95.0000305187994 106.99992370397122 
95.0000305187994 106.99992370397122 
95.0000305187994 95.00079348146383 
95.0000305187994 95.00079348146383 
95.0000305187994 95.00079348146383 
95.0000305187994 95.00079348146383 
95.0000305187994 93.00047303710974 
95.0000305187994 94.00016785201728 
95.0000305187994 94.00016785201728 
95.0000305187994 94.00016785201728 
95.0000305187994 94.00016785201728 
95.0000305187994 94.00016785201728 
95.0000305187994 94.00016785201728 
95.0000305187994 94.00016785201728 
95.0000305187994 96.00048829637136 
95.0000305187994 96.99925229673987 
95.0000305187994 96.99925229673987 
95.0000305187994 100.99989318544802 
96.00000000029299 108.99931333378628 
96.00000000029299 112.99995422249444 
96.00000000029299 115.99996948175604 
96.00000000029299 118.99998474101764 
95.0000305187994 122.00000000027924 
95.0000305187994 123.9993896300943 
95.0000305187994 125.99971007444839 
96.00000000029299 126.99940488935592 
96.00000000029299 126.99940488935592 
96.00000000029299 126.99940488935592 
96.00000000029299 126.99940488935592 
96.00000000029299 126.99940488935592 
96.00000000029299 123.9993896300943 
96.99996948178656 117.9993591115711 
96.99996948178656 115.99996948175604 
96.99996948178656 114.9993438523095 
96.99996948178656 111.99932859304789 
97.99993896328014 109.99993896323284 
97.99993896328014 110.99963377814036 
96.99996948178656 110.99963377814036 
96.99996948178656 110.99963377814036 
96.99996948178656 109.99993896323284 
96.00000000029299 108.99931333378628 
96.99996948178656 104.99960325961715 
96.99996948178656 101.99958800035554 
96.99996948178656 97.99987792618641 
96.99996948178656 96.00048829637136 
96.99996948178656 94.00016785201728 
96.99996948178656 93.00047303710974 
96.99996948178656 93.00047303710974 
96.99996948178656 94.00016785201728 
96.99996948178656 94.00016785201728 
96.99996948178656 95.00079348146383 
96.00000000029299 92.00077822220221 
96.00000000029299 91.00015259275567 
96.00000000029299 91.00015259275567 
96.00000000029299 92.00077822220221 
96.00000000029299 93.00047303710974 
96.00000000029299 95.00079348146383 
96.00000000029299 94.00016785201728 
96.00000000029299 92.00077822220221 
96.00000000029299 91.00015259275567 
96.00000000029299 90.00045777784814 
96.00000000029299 90.00045777784814 
96.00000000029299 89.00076296294061 
96.00000000029299 87.00044251858654 
96.00000000029299 87.00044251858654 
96.00000000029299 84.00042725932494 
96.00000000029299 84.00042725932494 
96.00000000029299 84.00042725932494 
96.00000000029299 83.00073244441741 
96.00000000029299 83.00073244441741 
96.00000000029299 83.00073244441741 
96.00000000029299 82.00010681497086 
96.00000000029299 82.00010681497086 
96.00000000029299 82.00010681497086 
96.00000000029299 81.00041200006333 
96.99996948178656 80.0007171851558 
96.99996948178656 80.0007171851558 
96.99996948178656 80.0007171851558 
96.99996948178656 80.0007171851558 
96.99996948178656 80.0007171851558 
96.99996948178656 80.0007171851558 
96.99996948178656 80.0007171851558 
96.99996948178656 80.0007171851558 
96.99996948178656 79.00009155570925 
96.00000000029299 79.00009155570925 
96.00000000029299 78.00039674080172 
96.00000000029299 78.00039674080172 
96.00000000029299 78.00039674080172 
96.00000000029299 78.00039674080172 
96.00000000029299 78.00039674080172 
96.00000000029299 77.00070192589419 
96.00000000029299 76.00007629644765 
96.00000000029299 76.00007629644765 
96.99996948178656 76.00007629644765 
96.99996948178656 76.00007629644765 
96.99996948178656 76.00007629644765 
96.99996948178656 77.00070192589419 
96.99996948178656 77.00070192589419 
96.99996948178656 77.00070192589419 
96.00000000029299 77.00070192589419 
96.00000000029299 77.00070192589419 
96.00000000029299 77.00070192589419 
96.00000000029299 77.00070192589419 
96.00000000029299 77.00070192589419 
96.00000000029299 77.00070192589419 
96.00000000029299 77.00070192589419 
96.00000000029299 77.00070192589419 
96.00000000029299 77.00070192589419 
96.00000000029299 78.00039674080172 
96.00000000029299 84.00042725932494 
96.00000000029299 84.00042725932494 
96.00000000029299 86.00074770367901 
96.00000000029299 87.00044251858654 
96.00000000029299 83.00073244441741 
96.00000000029299 80.0007171851558 
96.00000000029299 79.00009155570925 
96.00000000029299 76.00007629644765 
96.00000000029299 76.00007629644765 
96.00000000029299 77.00070192589419 
96.00000000029299 77.00070192589419 
96.00000000029299 77.00070192589419 
96.00000000029299 77.00070192589419 
96.00000000029299 77.00070192589419 
96.00000000029299 76.00007629644765 
96.00000000029299 76.00007629644765 
96.00000000029299 76.00007629644765 
96.00000000029299 76.00007629644765 
96.00000000029299 77.00070192589419 
96.00000000029299 77.00070192589419 
96.00000000029299 78.00039674080172 
96.00000000029299 78.00039674080172 
96.00000000029299 78.00039674080172 
96.00000000029299 77.00070192589419 
96.00000000029299 77.00070192589419 
96.00000000029299 76.00007629644765 
96.00000000029299 74.00068666663259 
96.00000000029299 74.00068666663259 
96.00000000029299 73.00006103718604 
96.00000000029299 72.00036622227852 
96.00000000029299 72.00036622227852 
96.00000000029299 71.00067140737099 
96.00000000029299 71.00067140737099 
96.00000000029299 71.00067140737099 
96.00000000029299 72.00036622227852 
96.00000000029299 72.00036622227852 
96.00000000029299 73.00006103718604 
96.00000000029299 73.00006103718604 
96.00000000029299 73.00006103718604 
96.00000000029299 73.00006103718604 
96.00000000029299 73.00006103718604 
96.00000000029299 72.00036622227852 
96.00000000029299 72.00036622227852 
96.00000000029299 72.00036622227852 
96.00000000029299 72.00036622227852 
96.00000000029299 72.00036622227852 
96.00000000029299 73.00006103718604 
96.00000000029299 74.00068666663259 
96.00000000029299 75.00038148154012 
96.00000000029299 75.00038148154012 
96.00000000029299 76.00007629644765 
96.00000000029299 77.00070192589419 
96.00000000029299 78.00039674080172 
96.00000000029299 80.0007171851558 
96.00000000029299 80.0007171851558 
96.00000000029299 82.00010681497086 
96.00000000029299 84.00042725932494 
96.00000000029299 84.00042725932494 
96.00000000029299 83.00073244441741 
96.00000000029299 83.00073244441741 
96.00000000029299 83.00073244441741 
96.99996948178656 82.00010681497086 
96.99996948178656 82.00010681497086 
96.00000000029299 81.00041200006333 
96.00000000029299 80.0007171851558 
96.00000000029299 79.00009155570925 
96.00000000029299 79.00009155570925 
96.00000000029299 79.00009155570925 
96.00000000029299 78.00039674080172 
96.00000000029299 77.00070192589419 
96.00000000029299 77.00070192589419 
96.00000000029299 77.00070192589419 
96.00000000029299 76.00007629644765 
96.00000000029299 76.00007629644765 
96.00000000029299 76.00007629644765 
96.00000000029299 76.00007629644765 
96.00000000029299 76.00007629644765 
96.00000000029299 76.00007629644765 
96.00000000029299 76.00007629644765 
96.00000000029299 76.00007629644765 
96.00000000029299 75.00038148154012 
96.00000000029299 75.00038148154012 
96.00000000029299 76.00007629644765 
96.00000000029299 76.00007629644765 
96.00000000029299 79.00009155570925 
96.00000000029299 82.00010681497086 
96.00000000029299 82.00010681497086 
96.00000000029299 81.00041200006333 
96.00000000029299 80.0007171851558 
96.00000000029299 78.00039674080172 
96.00000000029299 78.00039674080172 
96.00000000029299 78.00039674080172 
96.00000000029299 78.00039674080172 
96.00000000029299 79.00009155570925 
96.00000000029299 79.00009155570925 
96.00000000029299 79.00009155570925 
96.00000000029299 78.00039674080172 
96.00000000029299 78.00039674080172 
96.00000000029299 77.00070192589419 
96.00000000029299 77.00070192589419 
96.00000000029299 77.00070192589419 
96.00000000029299 77.00070192589419 
96.00000000029299 78.00039674080172 
96.00000000029299 78.00039674080172 
96.00000000029299 78.00039674080172 
96.99996948178656 79.00009155570925 
96.00000000029299 80.0007171851558 
96.00000000029299 80.0007171851558 
96.00000000029299 80.0007171851558 
96.00000000029299 79.00009155570925 
96.00000000029299 79.00009155570925 
96.00000000029299 79.00009155570925 
96.00000000029299 79.00009155570925 
96.00000000029299 79.00009155570925 
96.00000000029299 80.0007171851558 
96.00000000029299 79.00009155570925 
96.00000000029299 80.0007171851558 
96.00000000029299 80.0007171851558 
96.00000000029299 79.00009155570925 
96.00000000029299 79.00009155570925 
96.00000000029299 80.0007171851558 
96.00000000029299 80.0007171851558 
96.00000000029299 81.00041200006333 
96.00000000029299 81.00041200006333 
96.00000000029299 80.0007171851558 
96.00000000029299 80.0007171851558 
96.00000000029299 79.00009155570925 
96.00000000029299 79.00009155570925 
96.00000000029299 80.0007171851558 
96.00000000029299 80.0007171851558 
96.00000000029299 80.0007171851558 
96.00000000029299 80.0007171851558 
96.00000000029299 79.00009155570925 
96.00000000029299 79.00009155570925 
96.00000000029299 78.00039674080172 
96.00000000029299 78.00039674080172 
96.00000000029299 77.00070192589419 
96.00000000029299 77.00070192589419 
96.00000000029299 76.00007629644765 
96.00000000029299 76.00007629644765 
96.00000000029299 75.00038148154012 
96.00000000029299 75.00038148154012 
96.00000000029299 75.00038148154012 
96.00000000029299 75.00038148154012 
96.00000000029299 75.00038148154012 
96.00000000029299 75.00038148154012 
96.00000000029299 75.00038148154012 
96.00000000029299 75.00038148154012 
96.00000000029299 75.00038148154012 
96.00000000029299 75.00038148154012 
96.00000000029299 75.00038148154012 
96.00000000029299 75.00038148154012 
96.00000000029299 74.00068666663259 
96.00000000029299 74.00068666663259 
96.00000000029299 74.00068666663259 
96.00000000029299 74.00068666663259 
96.00000000029299 75.00038148154012 
96.00000000029299 75.00038148154012 
96.00000000029299 76.00007629644765 
96.00000000029299 77.00070192589419 
96.00000000029299 77.00070192589419 
96.00000000029299 77.00070192589419 
96.00000000029299 77.00070192589419 
96.00000000029299 77.00070192589419 
96.00000000029299 77.00070192589419 
96.00000000029299 77.00070192589419 
96.00000000029299 76.00007629644765 
96.00000000029299 76.00007629644765 
96.00000000029299 76.00007629644765 
96.00000000029299 76.00007629644765 
96.00000000029299 76.00007629644765 
96.00000000029299 76.00007629644765 
96.00000000029299 77.00070192589419 
96.00000000029299 77.00070192589419 
96.00000000029299 77.00070192589419 
96.00000000029299 76.00007629644765 
96.00000000029299 76.00007629644765 
96.00000000029299 76.00007629644765 
96.00000000029299 75.00038148154012 
96.00000000029299 75.00038148154012 
96.00000000029299 74.00068666663259 
96.00000000029299 75.00038148154012 
96.00000000029299 74.00068666663259 
96.00000000029299 74.00068666663259 
96.00000000029299 76.00007629644765 
96.00000000029299 76.00007629644765 
96.00000000029299 76.00007629644765 
96.00000000029299 76.00007629644765 
96.00000000029299 75.00038148154012 
96.00000000029299 74.00068666663259 
95.0000305187994 74.00068666663259 
95.0000305187994 78.00039674080172 
95.0000305187994 78.00039674080172 
95.0000305187994 80.0007171851558 
95.0000305187994 79.00009155570925 
95.0000305187994 78.00039674080172 
95.0000305187994 78.00039674080172 
95.0000305187994 77.00070192589419 
95.0000305187994 75.00038148154012 
96.00000000029299 75.00038148154012 
96.00000000029299 75.00038148154012 
96.00000000029299 78.00039674080172 
96.00000000029299 78.00039674080172 
96.00000000029299 79.00009155570925 
96.00000000029299 80.0007171851558 
96.00000000029299 80.0007171851558 
96.00000000029299 80.0007171851558 
96.00000000029299 80.0007171851558 
96.99996948178656 79.00009155570925 
96.99996948178656 78.00039674080172 
96.99996948178656 78.00039674080172 
96.99996948178656 77.00070192589419 
96.99996948178656 75.00038148154012 
96.99996948178656 75.00038148154012 
96.99996948178656 75.00038148154012 
96.99996948178656 75.00038148154012 
96.99996948178656 75.00038148154012 
96.99996948178656 75.00038148154012 
96.99996948178656 75.00038148154012 
96.99996948178656 78.00039674080172 
96.99996948178656 79.00009155570925 
96.99996948178656 81.00041200006333 
96.99996948178656 81.00041200006333 
96.99996948178656 81.00041200006333 
96.99996948178656 81.00041200006333 
96.99996948178656 82.00010681497086 
96.99996948178656 82.00010681497086 
96.99996948178656 84.00042725932494 
96.99996948178656 84.00042725932494 
96.00000000029299 86.00074770367901 
96.00000000029299 86.00074770367901 
96.00000000029299 86.00074770367901 
96.00000000029299 86.00074770367901 
96.00000000029299 86.00074770367901 
96.00000000029299 86.00074770367901 
96.00000000029299 86.00074770367901 
96.00000000029299 86.00074770367901 
96.00000000029299 86.00074770367901 
96.00000000029299 86.00074770367901 
96.00000000029299 86.00074770367901 
96.00000000029299 86.00074770367901 
96.00000000029299 86.00074770367901 
96.00000000029299 86.00074770367901 
96.99996948178656 90.00045777784814 
96.99996948178656 90.00045777784814 
96.99996948178656 90.00045777784814 
96.99996948178656 90.00045777784814 
96.99996948178656 90.00045777784814 
96.99996948178656 90.00045777784814 
96.99996948178656 93.00047303710974 
97.99993896328014 93.00047303710974 
97.99993896328014 100.99989318544802 
97.99993896328014 100.99989318544802 
97.99993896328014 101.99958800035554 
97.99993896328014 100.99989318544802 
97.99993896328014 99.99926755600147 
97.99993896328014 96.99925229673987 
97.99993896328014 96.99925229673987 
97.99993896328014 96.00048829637136 
97.99993896328014 96.00048829637136 
97.99993896328014 95.00079348146383 
96.99996948178656 95.00079348146383 
96.99996948178656 95.00079348146383 
96.99996948178656 96.00048829637136 
96.99996948178656 96.99925229673987 
96.99996948178656 96.99925229673987 
96.99996948178656 96.99925229673987 
96.99996948178656 96.00048829637136 
96.99996948178656 95.00079348146383 
96.99996948178656 95.00079348146383 
96.99996948178656 94.00016785201728 
96.00000000029299 96.99925229673987 
96.00000000029299 97.99987792618641 
96.00000000029299 99.99926755600147 
96.00000000029299 98.99957274109394 
96.00000000029299 98.99957274109394 
96.00000000029299 96.00048829637136 
96.00000000029299 94.00016785201728 
96.00000000029299 93.00047303710974 
96.00000000029299 90.00045777784814 
96.00000000029299 89.00076296294061 
95.0000305187994 86.00074770367901 
95.0000305187994 84.00042725932494 
95.0000305187994 84.00042725932494 
95.0000305187994 82.00010681497086 
95.0000305187994 81.00041200006333 
95.0000305187994 80.0007171851558 
95.0000305187994 80.0007171851558 
95.0000305187994 79.00009155570925 
95.0000305187994 79.00009155570925 
95.0000305187994 79.00009155570925 
95.0000305187994 79.00009155570925 
95.0000305187994 79.00009155570925 
95.0000305187994 80.0007171851558 
95.0000305187994 80.0007171851558 
95.0000305187994 81.00041200006333 
95.0000305187994 81.00041200006333 
95.0000305187994 81.00041200006333 
95.0000305187994 83.00073244441741 
95.0000305187994 83.00073244441741 
95.0000305187994 82.00010681497086 
95.0000305187994 82.00010681497086 
95.0000305187994 81.00041200006333 
95.0000305187994 80.0007171851558 
95.0000305187994 80.0007171851558 
95.0000305187994 80.0007171851558 
95.0000305187994 78.00039674080172 
95.0000305187994 78.00039674080172 
95.0000305187994 77.00070192589419 
96.00000000029299 76.00007629644765 
96.00000000029299 76.00007629644765 
95.0000305187994 76.00007629644765 
95.0000305187994 78.00039674080172 
95.0000305187994 78.00039674080172 
95.0000305187994 79.00009155570925 
95.0000305187994 79.00009155570925 
95.0000305187994 80.0007171851558 
95.0000305187994 79.00009155570925 
95.0000305187994 79.00009155570925 
95.0000305187994 78.00039674080172 
95.0000305187994 78.00039674080172 
95.0000305187994 77.00070192589419 
96.00000000029299 77.00070192589419 
96.00000000029299 77.00070192589419 
96.00000000029299 77.00070192589419 
96.00000000029299 78.00039674080172 
96.00000000029299 78.00039674080172 
96.00000000029299 79.00009155570925 
96.00000000029299 79.00009155570925 
96.00000000029299 79.00009155570925 
96.00000000029299 79.00009155570925 
96.00000000029299 80.0007171851558 
96.00000000029299 79.00009155570925 
96.00000000029299 79.00009155570925 
96.00000000029299 81.00041200006333 
96.00000000029299 83.00073244441741 
96.00000000029299 83.00073244441741 
96.99996948178656 84.00042725932494 
96.99996948178656 83.00073244441741 
96.99996948178656 82.00010681497086 
96.99996948178656 80.0007171851558 
96.00000000029299 79.00009155570925 
96.99996948178656 79.00009155570925 
96.99996948178656 79.00009155570925 
96.99996948178656 80.0007171851558 
96.99996948178656 80.0007171851558 
96.00000000029299 80.0007171851558 
96.00000000029299 80.0007171851558 
96.00000000029299 80.0007171851558 
96.00000000029299 80.0007171851558 
96.00000000029299 80.0007171851558 
96.00000000029299 80.0007171851558 
96.00000000029299 80.0007171851558 
96.99996948178656 80.0007171851558 
96.99996948178656 80.0007171851558 
96.99996948178656 80.0007171851558 
96.99996948178656 80.0007171851558 
96.99996948178656 81.00041200006333 
96.99996948178656 81.00041200006333 
96.99996948178656 81.00041200006333 
96.99996948178656 81.00041200006333 
96.99996948178656 82.00010681497086 
96.99996948178656 82.00010681497086 
96.99996948178656 83.00073244441741 
96.99996948178656 83.00073244441741 
96.99996948178656 83.00073244441741 
96.99996948178656 82.00010681497086 
96.00000000029299 81.00041200006333 
96.00000000029299 81.00041200006333 
96.00000000029299 81.00041200006333 
96.00000000029299 81.00041200006333 
96.00000000029299 81.00041200006333 
96.00000000029299 81.00041200006333 
96.00000000029299 81.00041200006333 
96.00000000029299 82.00010681497086 
96.00000000029299 82.00010681497086 
96.00000000029299 82.00010681497086 
96.00000000029299 83.00073244441741 
96.00000000029299 82.00010681497086 
96.00000000029299 82.00010681497086 
96.00000000029299 82.00010681497086 
96.00000000029299 82.00010681497086 
96.00000000029299 81.00041200006333 
96.99996948178656 81.00041200006333 
96.99996948178656 81.00041200006333 
96.99996948178656 81.00041200006333 
96.99996948178656 80.0007171851558 
96.99996948178656 82.00010681497086 
96.99996948178656 83.00073244441741 
96.99996948178656 84.00042725932494 
96.99996948178656 84.00042725932494 
96.99996948178656 84.00042725932494 
96.99996948178656 84.00042725932494 
96.00000000029299 84.00042725932494 
96.00000000029299 83.00073244441741 
96.00000000029299 84.00042725932494 
96.00000000029299 84.00042725932494 
96.00000000029299 84.00042725932494 
96.00000000029299 85.00012207423246 
96.00000000029299 85.00012207423246 
96.00000000029299 84.00042725932494 
96.00000000029299 84.00042725932494 
96.00000000029299 83.00073244441741 
96.00000000029299 83.00073244441741 
96.99996948178656 83.00073244441741 
96.99996948178656 82.00010681497086 
96.99996948178656 82.00010681497086 
96.99996948178656 82.00010681497086 
96.99996948178656 82.00010681497086 
96.99996948178656 83.00073244441741 
96.99996948178656 82.00010681497086 
96.99996948178656 82.00010681497086 
96.99996948178656 80.0007171851558 
96.99996948178656 78.00039674080172 
96.00000000029299 77.00070192589419 
96.00000000029299 77.00070192589419 
96.00000000029299 76.00007629644765 
96.00000000029299 77.00070192589419 
96.00000000029299 77.00070192589419 
96.00000000029299 78.00039674080172 
96.00000000029299 78.00039674080172 
96.00000000029299 80.0007171851558 
96.00000000029299 81.00041200006333 
96.00000000029299 81.00041200006333 
96.00000000029299 81.00041200006333 
96.00000000029299 81.00041200006333 
96.00000000029299 80.0007171851558 
96.00000000029299 80.0007171851558 
96.00000000029299 80.0007171851558 
96.00000000029299 80.0007171851558 
96.00000000029299 83.00073244441741 
96.00000000029299 83.00073244441741 
96.00000000029299 84.00042725932494 
96.00000000029299 85.00012207423246 
96.00000000029299 85.00012207423246 
96.00000000029299 84.00042725932494 
96.00000000029299 84.00042725932494 
96.99996948178656 83.00073244441741 
96.99996948178656 81.00041200006333 
96.00000000029299 81.00041200006333 
96.00000000029299 80.0007171851558 
96.00000000029299 81.00041200006333 
96.00000000029299 81.00041200006333 
96.00000000029299 83.00073244441741 
96.00000000029299 83.00073244441741 
96.99996948178656 84.00042725932494 
96.00000000029299 83.00073244441741 
96.00000000029299 83.00073244441741 
96.00000000029299 82.00010681497086 
96.00000000029299 81.00041200006333 
96.00000000029299 80.0007171851558 
96.00000000029299 80.0007171851558 
96.00000000029299 80.0007171851558 
96.00000000029299 82.00010681497086 
96.00000000029299 86.00074770367901 
96.99996948178656 87.00044251858654 
96.99996948178656 89.00076296294061 
96.99996948178656 88.00013733349407 
96.99996948178656 85.00012207423246 
96.99996948178656 85.00012207423246 
96.99996948178656 85.00012207423246 
96.99996948178656 85.00012207423246 
96.99996948178656 85.00012207423246 
96.99996948178656 85.00012207423246 
96.99996948178656 85.00012207423246 
96.99996948178656 85.00012207423246 
96.99996948178656 85.00012207423246 
96.99996948178656 85.00012207423246 
96.99996948178656 85.00012207423246 
96.99996948178656 85.00012207423246 
96.00000000029299 84.00042725932494 
96.00000000029299 84.00042725932494 
96.00000000029299 83.00073244441741 
96.00000000029299 83.00073244441741 
96.99996948178656 81.00041200006333 
96.99996948178656 81.00041200006333 
96.99996948178656 80.0007171851558 
96.99996948178656 79.00009155570925 
96.99996948178656 79.00009155570925 
96.99996948178656 79.00009155570925 
96.99996948178656 78.00039674080172 
96.99996948178656 78.00039674080172 
96.99996948178656 78.00039674080172 
96.99996948178656 79.00009155570925 
96.99996948178656 79.00009155570925 
96.99996948178656 81.00041200006333 
96.99996948178656 81.00041200006333 
96.99996948178656 81.00041200006333 
96.99996948178656 82.00010681497086 
96.99996948178656 82.00010681497086 
96.99996948178656 82.00010681497086 
96.99996948178656 82.00010681497086 
96.00000000029299 81.00041200006333 
96.00000000029299 81.00041200006333 
96.00000000029299 82.00010681497086 
96.00000000029299 81.00041200006333 
96.00000000029299 82.00010681497086 
96.00000000029299 82.00010681497086 
96.00000000029299 82.00010681497086 
96.00000000029299 82.00010681497086 
96.00000000029299 82.00010681497086 
96.00000000029299 82.00010681497086 
96.00000000029299 82.00010681497086 
96.99996948178656 82.00010681497086 
96.99996948178656 81.00041200006333 
96.99996948178656 81.00041200006333 
96.99996948178656 81.00041200006333 
96.00000000029299 80.0007171851558 
96.00000000029299 81.00041200006333 
96.00000000029299 81.00041200006333 
96.00000000029299 80.0007171851558 
96.00000000029299 79.00009155570925 
96.00000000029299 79.00009155570925 
96.00000000029299 78.00039674080172 
96.00000000029299 78.00039674080172 
96.00000000029299 78.00039674080172 
96.00000000029299 77.00070192589419 
96.00000000029299 78.00039674080172 
96.99996948178656 84.00042725932494 
96.99996948178656 84.00042725932494 
96.00000000029299 86.00074770367901 
96.00000000029299 86.00074770367901 
96.00000000029299 87.00044251858654 
96.00000000029299 87.00044251858654 
96.00000000029299 87.00044251858654 
95.0000305187994 87.00044251858654 
95.0000305187994 87.00044251858654 
95.0000305187994 87.00044251858654 
95.0000305187994 87.00044251858654 
95.0000305187994 88.00013733349407 
95.0000305187994 88.00013733349407 
95.0000305187994 88.00013733349407 
95.0000305187994 89.00076296294061 
95.0000305187994 89.00076296294061 
95.0000305187994 89.00076296294061 
96.00000000029299 87.00044251858654 
95.0000305187994 86.00074770367901 
95.0000305187994 86.00074770367901 
95.0000305187994 85.00012207423246 
95.0000305187994 86.00074770367901 
95.0000305187994 85.00012207423246 
95.0000305187994 86.00074770367901 
95.0000305187994 86.00074770367901 
95.0000305187994 85.00012207423246 
96.00000000029299 85.00012207423246 
96.00000000029299 85.00012207423246 
96.00000000029299 85.00012207423246 
96.00000000029299 85.00012207423246 
96.00000000029299 86.00074770367901 
96.00000000029299 86.00074770367901 
96.00000000029299 86.00074770367901 
96.00000000029299 86.00074770367901 
96.00000000029299 86.00074770367901 
96.00000000029299 86.00074770367901 
96.00000000029299 87.00044251858654 
96.00000000029299 89.00076296294061 
96.00000000029299 89.00076296294061 
96.00000000029299 90.00045777784814 
96.00000000029299 88.00013733349407 
96.00000000029299 87.00044251858654 
96.00000000029299 87.00044251858654 
96.00000000029299 86.00074770367901 
96.00000000029299 85.00012207423246 
96.00000000029299 84.00042725932494 
96.00000000029299 84.00042725932494 
96.00000000029299 84.00042725932494 
96.00000000029299 84.00042725932494 
96.00000000029299 85.00012207423246 
96.00000000029299 86.00074770367901 
96.00000000029299 85.00012207423246 
96.00000000029299 84.00042725932494 
96.00000000029299 82.00010681497086 
96.00000000029299 81.00041200006333 
96.00000000029299 80.0007171851558 
96.00000000029299 79.00009155570925 
96.00000000029299 79.00009155570925 
96.00000000029299 80.0007171851558 
96.00000000029299 82.00010681497086 
96.00000000029299 85.00012207423246 
96.00000000029299 86.00074770367901 
96.00000000029299 84.00042725932494 
96.00000000029299 83.00073244441741 
96.00000000029299 82.00010681497086 
96.00000000029299 81.00041200006333 
96.00000000029299 81.00041200006333 
96.00000000029299 81.00041200006333 
96.00000000029299 83.00073244441741 
96.00000000029299 85.00012207423246 
96.00000000029299 85.00012207423246 
96.00000000029299 85.00012207423246 
96.00000000029299 85.00012207423246 
96.00000000029299 86.00074770367901 
96.00000000029299 86.00074770367901 
96.00000000029299 86.00074770367901 
96.00000000029299 86.00074770367901 
96.00000000029299 86.00074770367901 
96.00000000029299 86.00074770367901 
96.00000000029299 86.00074770367901 
96.00000000029299 86.00074770367901 
96.00000000029299 86.00074770367901 
96.00000000029299 86.00074770367901 
96.00000000029299 86.00074770367901 
96.00000000029299 86.00074770367901 
96.99996948178656 87.00044251858654 
96.99996948178656 88.00013733349407 
96.99996948178656 88.00013733349407 
96.99996948178656 87.00044251858654 
96.99996948178656 87.00044251858654 
96.99996948178656 87.00044251858654 
96.99996948178656 87.00044251858654 
96.99996948178656 87.00044251858654 
96.99996948178656 87.00044251858654 
96.99996948178656 86.00074770367901 
96.99996948178656 87.00044251858654 
96.99996948178656 87.00044251858654 
96.99996948178656 91.00015259275567 
96.99996948178656 93.00047303710974 
96.99996948178656 93.00047303710974 
96.99996948178656 93.00047303710974 
96.99996948178656 93.00047303710974 
96.99996948178656 93.00047303710974 
96.99996948178656 93.00047303710974 
96.99996948178656 93.00047303710974 
96.99996948178656 93.00047303710974 
96.99996948178656 93.00047303710974 
96.99996948178656 93.00047303710974 
96.99996948178656 93.00047303710974 
96.99996948178656 93.00047303710974 
96.99996948178656 93.00047303710974 
96.99996948178656 93.00047303710974 
96.00000000029299 93.00047303710974 
96.00000000029299 93.00047303710974 
96.00000000029299 93.00047303710974 
96.00000000029299 93.00047303710974 
96.00000000029299 93.00047303710974 
96.00000000029299 93.00047303710974 
96.00000000029299 93.00047303710974 
96.00000000029299 93.00047303710974 
96.00000000029299 93.00047303710974 
96.00000000029299 93.00047303710974 
96.00000000029299 93.00047303710974 
96.99996948178656 96.00048829637136 
96.99996948178656 96.00048829637136 
96.99996948178656 100.99989318544802 
96.99996948178656 99.99926755600147 
96.99996948178656 98.99957274109394 
96.99996948178656 96.99925229673987 
96.99996948178656 93.00047303710974 
96.99996948178656 92.00077822220221 
97.99993896328014 90.00045777784814 
96.99996948178656 89.00076296294061 
96.99996948178656 87.00044251858654 
96.99996948178656 85.00012207423246 
96.99996948178656 84.00042725932494 
96.00000000029299 83.00073244441741 
96.00000000029299 83.00073244441741 
96.00000000029299 83.00073244441741 
95.0000305187994 83.00073244441741 
95.0000305187994 83.00073244441741 
95.0000305187994 83.00073244441741 
94.00006103730583 84.00042725932494 
94.00006103730583 84.00042725932494 
94.00006103730583 84.00042725932494 
94.00006103730583 84.00042725932494 
94.00006103730583 84.00042725932494 
94.00006103730583 84.00042725932494 
94.00006103730583 84.00042725932494 
94.00006103730583 84.00042725932494 
95.0000305187994 85.00012207423246 
95.0000305187994 86.00074770367901 
95.0000305187994 86.00074770367901 
95.0000305187994 86.00074770367901 
95.0000305187994 87.00044251858654 
95.0000305187994 89.00076296294061 
95.0000305187994 89.00076296294061 
95.0000305187994 88.00013733349407 
96.00000000029299 87.00044251858654 
96.00000000029299 86.00074770367901 
96.00000000029299 84.00042725932494 
96.00000000029299 81.00041200006333 
95.0000305187994 80.0007171851558 
95.0000305187994 80.0007171851558 
94.00006103730583 79.00009155570925 
94.00006103730583 79.00009155570925 
94.00006103730583 78.00039674080172 
93.00000000028383 77.00070192589419 
93.00000000028383 77.00070192589419 
93.00000000028383 77.00070192589419 
93.00000000028383 77.00070192589419 
93.00000000028383 78.00039674080172 
94.00006103730583 78.00039674080172 
95.0000305187994 79.00009155570925 
95.0000305187994 80.0007171851558 
96.00000000029299 80.0007171851558 
96.00000000029299 81.00041200006333 
96.00000000029299 81.00041200006333 
96.00000000029299 81.00041200006333 
96.00000000029299 81.00041200006333 
96.00000000029299 81.00041200006333 
96.99996948178656 81.00041200006333 
96.00000000029299 82.00010681497086 
96.00000000029299 81.00041200006333 
96.00000000029299 81.00041200006333 
96.00000000029299 80.0007171851558 
96.00000000029299 78.00039674080172 
95.0000305187994 77.00070192589419 
95.0000305187994 77.00070192589419 
95.0000305187994 76.00007629644765 
95.0000305187994 75.00038148154012 
95.0000305187994 73.00006103718604 
95.0000305187994 73.00006103718604 
95.0000305187994 73.00006103718604 
96.00000000029299 73.00006103718604 
96.00000000029299 73.00006103718604 
96.00000000029299 73.00006103718604 
96.00000000029299 74.00068666663259 
96.00000000029299 75.00038148154012 
96.00000000029299 75.00038148154012 
96.00000000029299 76.00007629644765 
96.00000000029299 76.00007629644765 
95.0000305187994 76.00007629644765 
95.0000305187994 76.00007629644765 
95.0000305187994 75.00038148154012 
95.0000305187994 75.00038148154012 
96.00000000029299 75.00038148154012 
96.00000000029299 75.00038148154012 
96.00000000029299 75.00038148154012 
96.00000000029299 76.00007629644765 
96.00000000029299 76.00007629644765 
96.00000000029299 76.00007629644765 
96.00000000029299 76.00007629644765 
96.00000000029299 76.00007629644765 
95.0000305187994 76.00007629644765 
95.0000305187994 75.00038148154012 
95.0000305187994 75.00038148154012 
95.0000305187994 75.00038148154012 
95.0000305187994 75.00038148154012 
95.0000305187994 75.00038148154012 
95.0000305187994 75.00038148154012 
95.0000305187994 76.00007629644765 
95.0000305187994 76.00007629644765 
95.0000305187994 77.00070192589419 
95.0000305187994 77.00070192589419 
95.0000305187994 77.00070192589419 
95.0000305187994 77.00070192589419 
95.0000305187994 77.00070192589419 
95.0000305187994 77.00070192589419 
95.0000305187994 77.00070192589419 
95.0000305187994 77.00070192589419 
95.0000305187994 77.00070192589419 
95.0000305187994 76.00007629644765 
95.0000305187994 76.00007629644765 
95.0000305187994 76.00007629644765 
96.00000000029299 76.00007629644765 
96.00000000029299 76.00007629644765 
95.0000305187994 76.00007629644765 
95.0000305187994 76.00007629644765 
95.0000305187994 76.00007629644765 
95.0000305187994 76.00007629644765 
95.0000305187994 78.00039674080172 
95.0000305187994 78.00039674080172 
95.0000305187994 79.00009155570925 
95.0000305187994 81.00041200006333 
95.0000305187994 82.00010681497086 
95.0000305187994 83.00073244441741 
95.0000305187994 83.00073244441741 
95.0000305187994 82.00010681497086 
95.0000305187994 81.00041200006333 
95.0000305187994 81.00041200006333 
95.0000305187994 80.0007171851558 
95.0000305187994 80.0007171851558 
95.0000305187994 80.0007171851558 
95.0000305187994 81.00041200006333 
95.0000305187994 81.00041200006333 
95.0000305187994 80.0007171851558 
95.0000305187994 79.00009155570925 
95.0000305187994 79.00009155570925 
95.0000305187994 78.00039674080172 
95.0000305187994 77.00070192589419 
95.0000305187994 76.00007629644765 
95.0000305187994 76.00007629644765 
95.0000305187994 78.00039674080172 
95.0000305187994 78.00039674080172 
95.0000305187994 79.00009155570925 
95.0000305187994 80.0007171851558 
95.0000305187994 78.00039674080172 
95.0000305187994 77.00070192589419 
95.0000305187994 77.00070192589419 
95.0000305187994 76.00007629644765 
95.0000305187994 76.00007629644765 
95.0000305187994 76.00007629644765 
95.0000305187994 76.00007629644765 
95.0000305187994 76.00007629644765 
95.0000305187994 77.00070192589419 
95.0000305187994 77.00070192589419 
95.0000305187994 76.00007629644765 
94.00006103730583 77.00070192589419 
94.00006103730583 75.00038148154012 
94.00006103730583 75.00038148154012 
94.00006103730583 75.00038148154012 
94.00006103730583 75.00038148154012 
94.00006103730583 75.00038148154012 
95.0000305187994 76.00007629644765 
95.0000305187994 75.00038148154012 
95.0000305187994 75.00038148154012 
95.0000305187994 74.00068666663259 
95.0000305187994 73.00006103718604 
95.0000305187994 73.00006103718604 
95.0000305187994 72.00036622227852 
96.00000000029299 74.00068666663259 
96.00000000029299 74.00068666663259 
96.00000000029299 75.00038148154012 
96.00000000029299 75.00038148154012 
96.99996948178656 75.00038148154012 
96.99996948178656 76.00007629644765 
96.99996948178656 77.00070192589419 
96.00000000029299 77.00070192589419 
96.00000000029299 77.00070192589419 
96.00000000029299 76.00007629644765 
96.00000000029299 76.00007629644765 
96.00000000029299 76.00007629644765 
96.00000000029299 75.00038148154012 
96.00000000029299 76.00007629644765 
96.00000000029299 76.00007629644765 
96.00000000029299 76.00007629644765 
96.00000000029299 76.00007629644765 
96.00000000029299 76.00007629644765 
96.00000000029299 76.00007629644765 
96.00000000029299 76.00007629644765 
96.00000000029299 76.00007629644765 
96.00000000029299 76.00007629644765 
96.00000000029299 76.00007629644765 
96.00000000029299 76.00007629644765 
96.00000000029299 76.00007629644765 
96.00000000029299 76.00007629644765 
96.00000000029299 76.00007629644765 
96.00000000029299 77.00070192589419 
96.00000000029299 77.00070192589419 
96.00000000029299 77.00070192589419 
96.00000000029299 77.00070192589419 
96.00000000029299 78.00039674080172 
96.00000000029299 78.00039674080172 
96.00000000029299 78.00039674080172 
96.00000000029299 79.00009155570925 
96.00000000029299 79.00009155570925 
95.0000305187994 79.00009155570925 
95.0000305187994 79.00009155570925 
95.0000305187994 79.00009155570925 
95.0000305187994 78.00039674080172 
95.0000305187994 77.00070192589419 
95.0000305187994 76.00007629644765 
95.0000305187994 76.00007629644765 
95.0000305187994 76.00007629644765 
95.0000305187994 76.00007629644765 
95.0000305187994 76.00007629644765 
95.0000305187994 77.00070192589419 
95.0000305187994 77.00070192589419 
95.0000305187994 77.00070192589419 
95.0000305187994 78.00039674080172 
95.0000305187994 78.00039674080172 
95.0000305187994 78.00039674080172 
95.0000305187994 78.00039674080172 
95.0000305187994 78.00039674080172 
95.0000305187994 78.00039674080172 
95.0000305187994 78.00039674080172 
95.0000305187994 79.00009155570925 
95.0000305187994 78.00039674080172 
95.0000305187994 79.00009155570925 
95.0000305187994 79.00009155570925 
95.0000305187994 79.00009155570925 
94.00006103730583 79.00009155570925 
94.00006103730583 80.0007171851558 
94.00006103730583 80.0007171851558 
94.00006103730583 80.0007171851558 
94.00006103730583 80.0007171851558 
94.00006103730583 80.0007171851558 
94.00006103730583 79.00009155570925 
94.00006103730583 79.00009155570925 
94.00006103730583 78.00039674080172 
94.00006103730583 78.00039674080172 
94.00006103730583 78.00039674080172 
94.00006103730583 78.00039674080172 
94.00006103730583 78.00039674080172 
94.00006103730583 78.00039674080172 
94.00006103730583 78.00039674080172 
94.00006103730583 78.00039674080172 
95.0000305187994 77.00070192589419 
95.0000305187994 77.00070192589419 
95.0000305187994 78.00039674080172 
96.00000000029299 75.00038148154012 
96.00000000029299 75.00038148154012 
96.00000000029299 75.00038148154012 
96.00000000029299 75.00038148154012 
95.0000305187994 76.00007629644765 
95.0000305187994 76.00007629644765 
95.0000305187994 76.00007629644765 
95.0000305187994 76.00007629644765 
95.0000305187994 77.00070192589419 
95.0000305187994 77.00070192589419 
95.0000305187994 78.00039674080172 
95.0000305187994 78.00039674080172 
95.0000305187994 78.00039674080172 
95.0000305187994 78.00039674080172 
95.0000305187994 78.00039674080172 
95.0000305187994 78.00039674080172 
95.0000305187994 77.00070192589419 
95.0000305187994 77.00070192589419 
95.0000305187994 76.00007629644765 
95.0000305187994 76.00007629644765 
95.0000305187994 76.00007629644765 
95.0000305187994 76.00007629644765 
95.0000305187994 76.00007629644765 
95.0000305187994 76.00007629644765 
95.0000305187994 76.00007629644765 
95.0000305187994 77.00070192589419 
95.0000305187994 77.00070192589419 
95.0000305187994 78.00039674080172 
95.0000305187994 78.00039674080172 
95.0000305187994 78.00039674080172 
95.0000305187994 79.00009155570925 
95.0000305187994 79.00009155570925 
95.0000305187994 80.0007171851558 
95.0000305187994 80.0007171851558 
95.0000305187994 79.00009155570925 
95.0000305187994 79.00009155570925 
96.00000000029299 79.00009155570925 
95.0000305187994 79.00009155570925 
95.0000305187994 79.00009155570925 
95.0000305187994 80.0007171851558 
95.0000305187994 82.00010681497086 
95.0000305187994 85.00012207423246 
95.0000305187994 85.00012207423246 
95.0000305187994 87.00044251858654 
96.00000000029299 87.00044251858654 
96.00000000029299 88.00013733349407 
96.00000000029299 88.00013733349407 
96.00000000029299 88.00013733349407 
96.00000000029299 89.00076296294061 
96.00000000029299 89.00076296294061 
96.00000000029299 90.00045777784814 
96.00000000029299 90.00045777784814 
96.00000000029299 90.00045777784814 
96.00000000029299 90.00045777784814 
96.99996948178656 92.00077822220221 
96.99996948178656 92.00077822220221 
96.99996948178656 92.00077822220221 
96.99996948178656 92.00077822220221 
96.99996948178656 92.00077822220221 
96.99996948178656 92.00077822220221 
96.99996948178656 92.00077822220221 
96.99996948178656 92.00077822220221 
96.99996948178656 92.00077822220221 
96.99996948178656 95.00079348146383 
96.00000000029299 96.99925229673987 
96.00000000029299 98.99957274109394 
96.00000000029299 99.99926755600147 
96.99996948178656 100.99989318544802 
97.99993896328014 100.99989318544802 
97.99993896328014 100.99989318544802 
97.99993896328014 100.99989318544802 
97.99993896328014 99.99926755600147 
99.00000000030214 99.99926755600147 
99.00000000030214 99.99926755600147 
97.99993896328014 98.99957274109394 
97.99993896328014 97.99987792618641 
97.99993896328014 96.99925229673987 
97.99993896328014 96.99925229673987 
97.99993896328014 96.99925229673987 
96.99996948178656 96.99925229673987 
96.99996948178656 96.99925229673987 
96.00000000029299 96.00048829637136 
96.00000000029299 96.00048829637136 
96.00000000029299 96.99925229673987 
95.0000305187994 96.99925229673987 
95.0000305187994 97.99987792618641 
95.0000305187994 97.99987792618641 
95.0000305187994 97.99987792618641 
95.0000305187994 97.99987792618641 
95.0000305187994 97.99987792618641 
95.0000305187994 96.99925229673987 
95.0000305187994 95.00079348146383 
95.0000305187994 92.00077822220221 
95.0000305187994 92.00077822220221 
95.0000305187994 91.00015259275567 
94.00006103730583 91.00015259275567 
94.00006103730583 91.00015259275567 
94.00006103730583 91.00015259275567 
94.00006103730583 89.00076296294061 
95.0000305187994 89.00076296294061 
95.0000305187994 87.00044251858654 
95.0000305187994 87.00044251858654 
95.0000305187994 87.00044251858654 
95.0000305187994 89.00076296294061 
95.0000305187994 90.00045777784814 
96.00000000029299 90.00045777784814 
96.00000000029299 90.00045777784814 
96.00000000029299 86.00074770367901 
96.00000000029299 84.00042725932494 
96.00000000029299 83.00073244441741 
96.99996948178656 81.00041200006333 
96.99996948178656 80.0007171851558 
96.99996948178656 80.0007171851558 
96.99996948178656 78.00039674080172 
96.99996948178656 77.00070192589419 
96.99996948178656 74.00068666663259 
96.99996948178656 73.00006103718604 
96.99996948178656 72.00036622227852 
96.99996948178656 72.00036622227852 
96.99996948178656 72.00036622227852 
96.00000000029299 72.00036622227852 
96.00000000029299 73.00006103718604 
96.00000000029299 75.00038148154012 
96.00000000029299 76.00007629644765 
96.00000000029299 76.00007629644765 
95.0000305187994 75.00038148154012 
95.0000305187994 75.00038148154012 
95.0000305187994 75.00038148154012 
95.0000305187994 74.00068666663259 
96.00000000029299 74.00068666663259 
96.00000000029299 73.00006103718604 
96.00000000029299 73.00006103718604 
96.00000000029299 72.00036622227852 
96.00000000029299 72.00036622227852 
96.00000000029299 72.00036622227852 
96.00000000029299 72.00036622227852 
96.00000000029299 72.00036622227852 
96.00000000029299 73.00006103718604 
96.00000000029299 73.00006103718604 
96.00000000029299 73.00006103718604 
96.00000000029299 74.00068666663259 
95.0000305187994 74.00068666663259 
95.0000305187994 75.00038148154012 
95.0000305187994 75.00038148154012 
95.0000305187994 76.00007629644765 
95.0000305187994 76.00007629644765 
95.0000305187994 76.00007629644765 
95.0000305187994 76.00007629644765 
95.0000305187994 77.00070192589419 
95.0000305187994 77.00070192589419 
95.0000305187994 76.00007629644765 
95.0000305187994 76.00007629644765 
95.0000305187994 75.00038148154012 
96.00000000029299 75.00038148154012 
96.00000000029299 75.00038148154012 
96.00000000029299 75.00038148154012 
96.00000000029299 75.00038148154012 
96.00000000029299 75.00038148154012 
96.00000000029299 75.00038148154012 
96.00000000029299 75.00038148154012 
96.00000000029299 75.00038148154012 
95.0000305187994 75.00038148154012 
95.0000305187994 75.00038148154012 
95.0000305187994 75.00038148154012 
95.0000305187994 76.00007629644765 
95.0000305187994 76.00007629644765 
95.0000305187994 76.00007629644765 
95.0000305187994 75.00038148154012 
96.00000000029299 75.00038148154012 
96.00000000029299 74.00068666663259 
96.00000000029299 74.00068666663259 
95.0000305187994 75.00038148154012 
95.0000305187994 75.00038148154012 
95.0000305187994 75.00038148154012 
95.0000305187994 74.00068666663259 
95.0000305187994 74.00068666663259 
95.0000305187994 74.00068666663259 
95.0000305187994 73.00006103718604 
95.0000305187994 73.00006103718604 
95.0000305187994 74.00068666663259 
95.0000305187994 75.00038148154012 
95.0000305187994 75.00038148154012 
95.0000305187994 76.00007629644765 
95.0000305187994 76.00007629644765 
95.0000305187994 75.00038148154012 
95.0000305187994 74.00068666663259 
95.0000305187994 74.00068666663259 
95.0000305187994 74.00068666663259 
95.0000305187994 74.00068666663259 
95.0000305187994 74.00068666663259 
95.0000305187994 74.00068666663259 
95.0000305187994 74.00068666663259 
95.0000305187994 73.00006103718604 
95.0000305187994 73.00006103718604 
95.0000305187994 72.00036622227852 
95.0000305187994 72.00036622227852 
95.0000305187994 72.00036622227852 
95.0000305187994 73.00006103718604 
95.0000305187994 73.00006103718604 
95.0000305187994 74.00068666663259 
95.0000305187994 74.00068666663259 
95.0000305187994 75.00038148154012 
95.0000305187994 75.00038148154012 
94.00006103730583 75.00038148154012 
94.00006103730583 75.00038148154012 
94.00006103730583 75.00038148154012 
94.00006103730583 74.00068666663259 
94.00006103730583 74.00068666663259 
95.0000305187994 74.00068666663259 
95.0000305187994 74.00068666663259 
95.0000305187994 75.00038148154012 
95.0000305187994 75.00038148154012 
95.0000305187994 75.00038148154012 
96.00000000029299 76.00007629644765 
96.00000000029299 76.00007629644765 
96.00000000029299 76.00007629644765 
96.00000000029299 76.00007629644765 
96.00000000029299 76.00007629644765 
96.00000000029299 75.00038148154012 
96.00000000029299 75.00038148154012 
96.00000000029299 75.00038148154012 
96.00000000029299 75.00038148154012 
96.00000000029299 75.00038148154012 
96.00000000029299 75.00038148154012 
96.00000000029299 78.00039674080172 
96.00000000029299 78.00039674080172 
96.00000000029299 79.00009155570925 
96.00000000029299 79.00009155570925 
96.00000000029299 78.00039674080172 
96.00000000029299 78.00039674080172 
96.00000000029299 77.00070192589419 
96.00000000029299 77.00070192589419 
96.00000000029299 77.00070192589419 
96.00000000029299 77.00070192589419 
96.00000000029299 77.00070192589419 
96.00000000029299 76.00007629644765 
96.00000000029299 75.00038148154012 
96.00000000029299 75.00038148154012 
96.00000000029299 75.00038148154012 
95.0000305187994 75.00038148154012 
95.0000305187994 75.00038148154012 
95.0000305187994 75.00038148154012 
95.0000305187994 75.00038148154012 
95.0000305187994 74.00068666663259 
95.0000305187994 73.00006103718604 
95.0000305187994 73.00006103718604 
95.0000305187994 73.00006103718604 
95.0000305187994 73.00006103718604 
95.0000305187994 73.00006103718604 
95.0000305187994 73.00006103718604 
95.0000305187994 74.00068666663259 
95.0000305187994 74.00068666663259 
95.0000305187994 74.00068666663259 
95.0000305187994 74.00068666663259 
95.0000305187994 74.00068666663259 
95.0000305187994 75.00038148154012 
95.0000305187994 75.00038148154012 
95.0000305187994 75.00038148154012 
95.0000305187994 75.00038148154012 
95.0000305187994 75.00038148154012 
95.0000305187994 75.00038148154012 
95.0000305187994 76.00007629644765 
95.0000305187994 76.00007629644765 
95.0000305187994 77.00070192589419 
95.0000305187994 77.00070192589419 
95.0000305187994 78.00039674080172 
95.0000305187994 78.00039674080172 
95.0000305187994 78.00039674080172 
95.0000305187994 78.00039674080172 
95.0000305187994 78.00039674080172 
96.00000000029299 77.00070192589419 
96.00000000029299 78.00039674080172 
96.00000000029299 78.00039674080172 
96.00000000029299 78.00039674080172 
96.00000000029299 77.00070192589419 
96.00000000029299 76.00007629644765 
96.00000000029299 75.00038148154012 
96.00000000029299 75.00038148154012 
96.00000000029299 75.00038148154012 
96.00000000029299 75.00038148154012 
96.00000000029299 75.00038148154012 
96.00000000029299 75.00038148154012 
96.00000000029299 75.00038148154012 
96.00000000029299 74.00068666663259 
96.00000000029299 74.00068666663259 
96.00000000029299 74.00068666663259 
96.00000000029299 75.00038148154012 
96.00000000029299 75.00038148154012 
96.00000000029299 76.00007629644765 
96.00000000029299 76.00007629644765 
96.00000000029299 77.00070192589419 
96.00000000029299 77.00070192589419 
96.00000000029299 77.00070192589419 
96.00000000029299 77.00070192589419 
96.00000000029299 77.00070192589419 
96.00000000029299 77.00070192589419 
95.0000305187994 77.00070192589419 
95.0000305187994 76.00007629644765 
95.0000305187994 76.00007629644765 
95.0000305187994 76.00007629644765 
96.00000000029299 76.00007629644765 
96.00000000029299 76.00007629644765 
96.00000000029299 76.00007629644765 
96.00000000029299 76.00007629644765 
96.00000000029299 76.00007629644765 
96.00000000029299 75.00038148154012 
96.00000000029299 75.00038148154012 
96.00000000029299 76.00007629644765 
96.00000000029299 76.00007629644765 
96.00000000029299 76.00007629644765 
96.00000000029299 76.00007629644765 
96.00000000029299 76.00007629644765 
96.00000000029299 75.00038148154012 
96.00000000029299 74.00068666663259 
96.00000000029299 74.00068666663259 
96.00000000029299 74.00068666663259 
96.00000000029299 74.00068666663259 
96.00000000029299 74.00068666663259 
96.00000000029299 75.00038148154012 
96.00000000029299 75.00038148154012 
96.00000000029299 75.00038148154012 
96.00000000029299 75.00038148154012 
96.00000000029299 76.00007629644765 
96.00000000029299 76.00007629644765 
96.00000000029299 76.00007629644765 
96.00000000029299 76.00007629644765 
96.00000000029299 76.00007629644765 
95.0000305187994 76.00007629644765 
95.0000305187994 76.00007629644765 
95.0000305187994 76.00007629644765 
95.0000305187994 76.00007629644765 
95.0000305187994 76.00007629644765 
95.0000305187994 76.00007629644765 
95.0000305187994 77.00070192589419 
95.0000305187994 77.00070192589419 
95.0000305187994 76.00007629644765 
95.0000305187994 75.00038148154012 
95.0000305187994 74.00068666663259 
95.0000305187994 74.00068666663259 
95.0000305187994 73.00006103718604 
95.0000305187994 73.00006103718604 
95.0000305187994 74.00068666663259 
95.0000305187994 74.00068666663259 
95.0000305187994 74.00068666663259 
95.0000305187994 75.00038148154012 
95.0000305187994 75.00038148154012 
94.00006103730583 75.00038148154012 
94.00006103730583 75.00038148154012 
94.00006103730583 75.00038148154012 
95.0000305187994 75.00038148154012 
95.0000305187994 75.00038148154012 
95.0000305187994 74.00068666663259 
95.0000305187994 75.00038148154012 
95.0000305187994 74.00068666663259 
95.0000305187994 75.00038148154012 
95.0000305187994 78.00039674080172 
95.0000305187994 78.00039674080172 
95.0000305187994 82.00010681497086 
95.0000305187994 82.00010681497086 
95.0000305187994 82.00010681497086 
94.00006103730583 81.00041200006333 
95.0000305187994 76.00007629644765 
95.0000305187994 77.00070192589419 
95.0000305187994 78.00039674080172 
95.0000305187994 78.00039674080172 
95.0000305187994 78.00039674080172 
95.0000305187994 78.00039674080172 
95.0000305187994 77.00070192589419 
95.0000305187994 77.00070192589419 
95.0000305187994 78.00039674080172 
95.0000305187994 77.00070192589419 
95.0000305187994 77.00070192589419 
95.0000305187994 77.00070192589419 
95.0000305187994 77.00070192589419 
95.0000305187994 78.00039674080172 
95.0000305187994 78.00039674080172 
96.00000000029299 78.00039674080172 
96.00000000029299 78.00039674080172 
96.00000000029299 79.00009155570925 
96.00000000029299 79.00009155570925 
95.0000305187994 79.00009155570925 
95.0000305187994 79.00009155570925 
95.0000305187994 78.00039674080172 
95.0000305187994 78.00039674080172 
95.0000305187994 78.00039674080172 
95.0000305187994 78.00039674080172 
95.0000305187994 78.00039674080172 
95.0000305187994 78.00039674080172 
95.0000305187994 78.00039674080172 
95.0000305187994 78.00039674080172 
95.0000305187994 78.00039674080172 
95.0000305187994 78.00039674080172 
95.0000305187994 78.00039674080172 
95.0000305187994 78.00039674080172 
95.0000305187994 80.0007171851558 
96.00000000029299 80.0007171851558 
96.00000000029299 80.0007171851558 
96.00000000029299 83.00073244441741 
96.00000000029299 85.00012207423246 
96.99996948178656 85.00012207423246 
96.99996948178656 87.00044251858654 
96.99996948178656 89.00076296294061 
96.99996948178656 89.00076296294061 
96.99996948178656 90.00045777784814 
96.99996948178656 90.00045777784814 
96.00000000029299 91.00015259275567 
96.00000000029299 92.00077822220221 
96.00000000029299 93.00047303710974 
95.0000305187994 97.99987792618641 
95.0000305187994 100.99989318544802 
95.0000305187994 100.99989318544802 
95.0000305187994 98.99957274109394 
95.0000305187994 96.99925229673987 
95.0000305187994 95.00079348146383 
94.00006103730583 93.00047303710974 
94.00006103730583 91.00015259275567 
94.00006103730583 90.00045777784814 
95.0000305187994 89.00076296294061 
95.0000305187994 85.00012207423246 
95.0000305187994 83.00073244441741 
95.0000305187994 82.00010681497086 
95.0000305187994 80.0007171851558 
95.0000305187994 79.00009155570925 
95.0000305187994 78.00039674080172 
95.0000305187994 78.00039674080172 
95.0000305187994 78.00039674080172 
95.0000305187994 79.00009155570925 
95.0000305187994 80.0007171851558 
95.0000305187994 80.0007171851558 
96.00000000029299 81.00041200006333 
96.00000000029299 80.0007171851558 
96.00000000029299 80.0007171851558 
96.00000000029299 79.00009155570925 
96.00000000029299 79.00009155570925 
96.00000000029299 79.00009155570925 
96.00000000029299 79.00009155570925 
96.00000000029299 79.00009155570925 
96.00000000029299 79.00009155570925 
96.00000000029299 80.0007171851558 
95.0000305187994 80.0007171851558 
96.00000000029299 81.00041200006333 
95.0000305187994 85.00012207423246 
95.0000305187994 86.00074770367901 
95.0000305187994 88.00013733349407 
95.0000305187994 87.00044251858654 
95.0000305187994 85.00012207423246 
95.0000305187994 82.00010681497086 
95.0000305187994 82.00010681497086 
96.00000000029299 81.00041200006333 
96.00000000029299 80.0007171851558 
96.00000000029299 79.00009155570925 
96.00000000029299 78.00039674080172 
96.00000000029299 78.00039674080172 
96.00000000029299 77.00070192589419 
96.00000000029299 77.00070192589419 
96.00000000029299 77.00070192589419 
96.00000000029299 77.00070192589419 
96.99996948178656 76.00007629644765 
96.00000000029299 76.00007629644765 
96.00000000029299 76.00007629644765 
96.00000000029299 76.00007629644765 
96.00000000029299 76.00007629644765 
95.0000305187994 76.00007629644765 
95.0000305187994 77.00070192589419 
95.0000305187994 77.00070192589419 
94.00006103730583 78.00039674080172 
94.00006103730583 78.00039674080172 
94.00006103730583 79.00009155570925 
94.00006103730583 79.00009155570925 
94.00006103730583 80.0007171851558 
94.00006103730583 80.0007171851558 
94.00006103730583 80.0007171851558 
94.00006103730583 81.00041200006333 
94.00006103730583 82.00010681497086 
94.00006103730583 84.00042725932494 
94.00006103730583 84.00042725932494 
94.00006103730583 84.00042725932494 
94.00006103730583 85.00012207423246 
94.00006103730583 83.00073244441741 
94.00006103730583 82.00010681497086 
95.0000305187994 81.00041200006333 
95.0000305187994 79.00009155570925 
95.0000305187994 78.00039674080172 
96.00000000029299 78.00039674080172 
96.00000000029299 77.00070192589419 
96.00000000029299 76.00007629644765 
96.00000000029299 75.00038148154012 
96.00000000029299 74.00068666663259 
96.00000000029299 74.00068666663259 
96.00000000029299 74.00068666663259 
96.00000000029299 73.00006103718604 
96.00000000029299 73.00006103718604 
96.00000000029299 73.00006103718604 
96.00000000029299 73.00006103718604 
96.00000000029299 74.00068666663259 
96.00000000029299 74.00068666663259 
96.00000000029299 73.00006103718604 
96.00000000029299 73.00006103718604 
96.00000000029299 72.00036622227852 
96.00000000029299 71.00067140737099 
96.00000000029299 71.00067140737099 
95.0000305187994 71.00067140737099 
95.0000305187994 73.00006103718604 
95.0000305187994 75.00038148154012 
95.0000305187994 75.00038148154012 
95.0000305187994 75.00038148154012 
94.00006103730583 75.00038148154012 
94.00006103730583 74.00068666663259 
94.00006103730583 74.00068666663259 
94.00006103730583 74.00068666663259 
94.00006103730583 73.00006103718604 
94.00006103730583 73.00006103718604 
94.00006103730583 74.00068666663259 
94.00006103730583 74.00068666663259 
94.00006103730583 75.00038148154012 
94.00006103730583 75.00038148154012 
94.00006103730583 78.00039674080172 
94.00006103730583 80.0007171851558 
94.00006103730583 80.0007171851558 
94.00006103730583 82.00010681497086 
94.00006103730583 82.00010681497086 
94.00006103730583 80.0007171851558 
94.00006103730583 79.00009155570925 
94.00006103730583 78.00039674080172 
94.00006103730583 77.00070192589419 
94.00006103730583 75.00038148154012 
94.00006103730583 75.00038148154012 
95.0000305187994 74.00068666663259 
95.0000305187994 74.00068666663259 
95.0000305187994 73.00006103718604 
95.0000305187994 74.00068666663259 
95.0000305187994 74.00068666663259 
95.0000305187994 74.00068666663259 
95.0000305187994 74.00068666663259 
95.0000305187994 72.00036622227852 
94.00006103730583 71.00067140737099 
94.00006103730583 71.00067140737099 
94.00006103730583 71.00067140737099 
94.00006103730583 71.00067140737099 
94.00006103730583 71.00067140737099 
94.00006103730583 71.00067140737099 
94.00006103730583 71.00067140737099 
94.00006103730583 71.00067140737099 
95.0000305187994 72.00036622227852 
95.0000305187994 72.00036622227852 
95.0000305187994 71.00067140737099 
95.0000305187994 71.00067140737099 
95.0000305187994 72.00036622227852 
96.00000000029299 72.00036622227852 
96.00000000029299 72.00036622227852 
96.00000000029299 72.00036622227852 
96.00000000029299 73.00006103718604 
96.00000000029299 73.00006103718604 
96.99996948178656 73.00006103718604 
96.99996948178656 73.00006103718604 
96.99996948178656 72.00036622227852 
96.99996948178656 72.00036622227852 
96.99996948178656 72.00036622227852 
96.99996948178656 72.00036622227852 
96.99996948178656 73.00006103718604 
96.00000000029299 73.00006103718604 
96.00000000029299 73.00006103718604 
96.00000000029299 73.00006103718604 
96.00000000029299 72.00036622227852 
96.00000000029299 71.00067140737099 
96.00000000029299 71.00067140737099 
96.00000000029299 71.00067140737099 
96.00000000029299 71.00067140737099 
96.00000000029299 71.00067140737099 
96.00000000029299 72.00036622227852 
95.0000305187994 72.00036622227852 
95.0000305187994 73.00006103718604 
95.0000305187994 74.00068666663259 
95.0000305187994 75.00038148154012 
95.0000305187994 75.00038148154012 
95.0000305187994 75.00038148154012 
95.0000305187994 75.00038148154012 
95.0000305187994 74.00068666663259 
95.0000305187994 74.00068666663259 
94.00006103730583 74.00068666663259 
94.00006103730583 75.00038148154012 
94.00006103730583 75.00038148154012 
94.00006103730583 75.00038148154012 
94.00006103730583 76.00007629644765 
94.00006103730583 77.00070192589419 
94.00006103730583 77.00070192589419 
94.00006103730583 77.00070192589419 
94.00006103730583 77.00070192589419 
93.00000000028383 76.00007629644765 
93.00000000028383 76.00007629644765 
93.00000000028383 76.00007629644765 
94.00006103730583 76.00007629644765 
94.00006103730583 76.00007629644765 
94.00006103730583 76.00007629644765 
94.00006103730583 77.00070192589419 
94.00006103730583 77.00070192589419 
94.00006103730583 77.00070192589419 
94.00006103730583 78.00039674080172 
95.0000305187994 78.00039674080172 
95.0000305187994 79.00009155570925 
95.0000305187994 81.00041200006333 
95.0000305187994 82.00010681497086 
95.0000305187994 80.0007171851558 
95.0000305187994 79.00009155570925 
96.00000000029299 78.00039674080172 
96.00000000029299 76.00007629644765 
96.00000000029299 75.00038148154012 
96.00000000029299 75.00038148154012 
96.00000000029299 75.00038148154012 
96.00000000029299 75.00038148154012 
96.00000000029299 75.00038148154012 
96.00000000029299 75.00038148154012 
95.0000305187994 75.00038148154012 
95.0000305187994 75.00038148154012 
95.0000305187994 75.00038148154012 
95.0000305187994 75.00038148154012 
95.0000305187994 74.00068666663259 
95.0000305187994 74.00068666663259 
95.0000305187994 73.00006103718604 
95.0000305187994 73.00006103718604 
95.0000305187994 73.00006103718604 
95.0000305187994 74.00068666663259 
95.0000305187994 75.00038148154012 
95.0000305187994 75.00038148154012 
95.0000305187994 76.00007629644765 
95.0000305187994 76.00007629644765 
95.0000305187994 76.00007629644765 
95.0000305187994 76.00007629644765 
95.0000305187994 75.00038148154012 
95.0000305187994 75.00038148154012 
95.0000305187994 76.00007629644765 
95.0000305187994 76.00007629644765 
95.0000305187994 76.00007629644765 
94.00006103730583 77.00070192589419 
94.00006103730583 77.00070192589419 
94.00006103730583 77.00070192589419 
94.00006103730583 77.00070192589419 
94.00006103730583 76.00007629644765 
94.00006103730583 75.00038148154012 
94.00006103730583 75.00038148154012 
94.00006103730583 75.00038148154012 
94.00006103730583 75.00038148154012 
94.00006103730583 75.00038148154012 
94.00006103730583 76.00007629644765 
94.00006103730583 76.00007629644765 
94.00006103730583 76.00007629644765 
94.00006103730583 76.00007629644765 
94.00006103730583 76.00007629644765 
95.0000305187994 75.00038148154012 
95.0000305187994 75.00038148154012 
94.00006103730583 75.00038148154012 
94.00006103730583 78.00039674080172 
94.00006103730583 78.00039674080172 
94.00006103730583 80.0007171851558 
94.00006103730583 80.0007171851558 
94.00006103730583 78.00039674080172 
94.00006103730583 77.00070192589419 
94.00006103730583 76.00007629644765 
94.00006103730583 76.00007629644765 
95.0000305187994 75.00038148154012 
95.0000305187994 74.00068666663259 
