95.0 91.0 
95.0 92.0 
95.0 92.0 
95.0 93.0 
95.0 93.0 
95.0 94.0 
95.0 95.0 
95.0 93.0 
95.0 92.0 
95.0 92.0 
95.0 92.0 
95.0 92.0 
95.0 95.0 
95.0 95.0 
95.0 93.0 
94.00006103701895 92.0 
94.00006103701895 91.0 
94.00006103701895 91.0 
94.00006103701895 92.0 
94.00006103701895 91.0 
94.00006103701895 91.0 
94.00006103701895 91.0 
94.00006103701895 90.0 
94.00006103701895 88.0 
94.00006103701895 87.0 
94.00006103701895 85.0 
94.00006103701895 85.0 
95.0 84.0 
95.0 84.0 
95.0 84.0 
95.0 84.0 
95.0 83.0 
95.0 82.0 
95.0 81.0 
95.0 80.0 
95.0 80.0 
95.0 80.0 
95.99993896298105 79.0 
95.0 80.0 
95.99993896298105 80.0 
95.99993896298105 79.0 
95.99993896298105 80.0 
95.99993896298105 80.0 
95.0 80.0 
95.0 80.0 
95.0 80.0 
95.0 80.0 
95.0 80.0 
95.0 80.0 
95.0 80.0 
95.0 81.0 
95.0 81.0 
95.0 81.0 
95.0 81.0 
95.0 81.0 
95.0 81.0 
95.0 81.0 
95.0 80.0 
95.0 80.0 
95.0 81.0 
95.0 80.0 
95.0 80.0 
95.0 80.0 
95.0 79.0 
95.0 78.0 
95.0 78.0 
95.0 78.0 
95.0 78.0 
95.0 78.0 
95.0 79.0 
95.0 79.0 
95.0 80.0 
95.0 81.0 
95.0 82.0 
95.0 82.0 
95.0 82.0 
95.0 82.0 
95.0 82.0 
95.0 81.0 
95.0 81.0 
95.0 81.0 
95.0 81.0 
95.0 81.0 
95.0 81.0 
95.0 81.0 
95.0 81.0 
95.0 81.0 
95.0 82.0 
95.0 82.0 
95.0 82.0 
95.0 82.0 
95.0 83.0 
95.0 82.0 
95.0 82.0 
95.0 81.0 
95.0 81.0 
95.0 81.0 
95.0 80.0 
95.0 80.0 
95.0 80.0 
95.0 80.0 
95.0 80.0 
95.0 80.0 
95.0 80.0 
95.0 79.0 
95.0 80.0 
95.0 80.0 
95.0 80.0 
95.0 81.0 
95.0 81.0 
95.0 81.0 
95.0 82.0 
95.0 82.0 
95.0 83.0 
95.0 83.0 
95.0 83.0 
95.0 83.0 
95.0 83.0 
95.0 83.0 
95.0 82.0 
95.0 83.0 
95.0 82.0 
95.0 82.0 
95.0 81.0 
95.0 81.0 
95.0 81.0 
95.0 81.0 
95.0 81.0 
95.99993896298105 81.0 
95.0 82.0 
95.0 82.0 
95.0 82.0 
95.0 82.0 
95.0 81.0 
95.0 82.0 
95.0 82.0 
95.0 82.0 
95.0 83.0 
95.0 83.0 
95.0 83.0 
95.0 82.0 
95.0 82.0 
95.0 82.0 
95.0 82.0 
95.0 82.0 
95.0 83.0 
95.0 83.0 
95.0 84.0 
95.0 84.0 
95.0 84.0 
95.99993896298105 84.0 
95.99993896298105 84.0 
95.99993896298105 83.0 
95.99993896298105 83.0 
95.99993896298105 83.0 
95.99993896298105 82.0 
95.99993896298105 82.0 
95.99993896298105 81.0 
95.99993896298105 81.0 
95.99993896298105 81.0 
95.99993896298105 81.0 
95.99993896298105 80.0 
95.99993896298105 80.0 
95.0 81.0 
95.0 81.0 
95.0 81.0 
95.0 82.0 
95.0 82.0 
95.0 82.0 
95.0 82.0 
95.0 82.0 
95.0 82.0 
95.0 81.0 
95.0 81.0 
95.0 82.0 
95.0 81.0 
95.0 81.0 
95.0 81.0 
95.0 81.0 
95.99993896298105 81.0 
95.99993896298105 81.0 
95.99993896298105 82.0 
95.99993896298105 83.0 
95.0 84.0 
95.0 84.0 
95.0 84.0 
95.99993896298105 84.0 
95.99993896298105 84.0 
95.99993896298105 84.0 
95.99993896298105 84.0 
95.99993896298105 83.0 
95.99993896298105 83.0 
95.99993896298105 83.0 
95.99993896298105 84.0 
95.99993896298105 84.0 
95.99993896298105 84.0 
95.99993896298105 84.0 
95.99993896298105 84.0 
95.99993896298105 84.0 
95.99993896298105 83.0 
95.99993896298105 83.0 
95.99993896298105 84.0 
95.99993896298105 84.0 
95.99993896298105 84.0 
95.99993896298105 84.0 
95.99993896298105 85.0 
95.99993896298105 85.0 
95.99993896298105 85.0 
95.0 85.0 
95.0 85.0 
95.0 85.0 
95.0 85.0 
95.0 86.0 
95.0 86.0 
95.0 86.0 
95.0 85.0 
95.99993896298105 85.0 
95.99993896298105 85.0 
95.0 85.0 
95.0 85.0 
95.0 82.0 
95.0 81.0 
95.0 79.0 
95.0 79.0 
95.0 78.0 
95.0 79.0 
95.99993896298105 79.0 
95.99993896298105 80.0 
95.99993896298105 82.0 
96.99995422223579 84.0 
96.99995422223579 84.0 
96.99995422223579 85.0 
96.99995422223579 85.0 
96.99995422223579 85.0 
96.99995422223579 85.0 
97.99996948149052 85.0 
97.99996948149052 85.0 
97.99996948149052 85.0 
96.99995422223579 85.0 
96.99995422223579 85.0 
96.99995422223579 85.0 
96.99995422223579 85.0 
96.99995422223579 85.0 
95.99993896298105 85.0 
95.99993896298105 85.0 
95.99993896298105 86.0 
95.99993896298105 85.0 
95.99993896298105 85.0 
95.99993896298105 84.0 
95.99993896298105 84.0 
95.99993896298105 84.0 
95.99993896298105 83.0 
95.99993896298105 83.0 
95.99993896298105 83.0 
95.99993896298105 83.0 
95.99993896298105 83.0 
95.99993896298105 83.0 
95.99993896298105 84.0 
95.99993896298105 83.0 
95.99993896298105 83.0 
95.99993896298105 83.0 
95.99993896298105 84.0 
95.99993896298105 83.0 
95.99993896298105 83.0 
95.99993896298105 83.0 
95.99993896298105 83.0 
95.99993896298105 83.0 
95.99993896298105 83.0 
95.99993896298105 84.0 
95.99993896298105 85.0 
95.99993896298105 85.0 
95.99993896298105 85.0 
95.99993896298105 85.0 
95.99993896298105 85.0 
95.99993896298105 85.0 
95.99993896298105 85.0 
95.99993896298105 85.0 
95.99993896298105 85.0 
95.99993896298105 85.0 
95.99993896298105 85.0 
95.99993896298105 85.0 
95.99993896298105 85.0 
95.99993896298105 85.0 
95.99993896298105 85.0 
95.99993896298105 85.0 
95.99993896298105 85.0 
95.99993896298105 85.0 
95.99993896298105 84.0 
95.99993896298105 84.0 
95.99993896298105 85.0 
95.99993896298105 85.0 
95.99993896298105 85.0 
95.99993896298105 86.0 
95.99993896298105 86.0 
95.99993896298105 86.0 
95.99993896298105 87.0 
95.99993896298105 87.0 
95.99993896298105 87.0 
95.99993896298105 87.0 
95.99993896298105 87.0 
95.99993896298105 87.0 
96.99995422223579 96.0 
96.99995422223579 96.0 
96.99995422223579 96.0 
96.99995422223579 98.0 
97.99996948149052 102.0 
97.99996948149052 105.0 
97.99996948149052 105.0 
97.99996948149052 107.0 
97.99996948149052 109.0 
97.99996948149052 110.0 
97.99996948149052 111.0 
97.99996948149052 112.0 
97.99996948149052 109.0 
96.99995422223579 103.0 
96.99995422223579 102.0 
96.99995422223579 98.0 
96.99995422223579 97.0 
96.99995422223579 96.0 
96.99995422223579 96.0 
96.99995422223579 96.0 
96.99995422223579 97.0 
95.99993896298105 97.0 
96.99995422223579 97.0 
96.99995422223579 96.0 
96.99995422223579 97.0 
95.99993896298105 96.0 
95.99993896298105 99.0 
95.99993896298105 100.0 
95.99993896298105 100.0 
95.99993896298105 99.0 
95.99993896298105 99.0 
95.99993896298105 99.0 
95.99993896298105 98.0 
95.99993896298105 98.0 
95.99993896298105 98.0 
95.99993896298105 97.0 
95.99993896298105 98.0 
95.99993896298105 97.0 
96.99995422223579 97.0 
96.99995422223579 96.0 
96.99995422223579 96.0 
96.99995422223579 96.0 
95.99993896298105 96.0 
95.99993896298105 96.0 
95.99993896298105 95.0 
95.99993896298105 95.0 
95.99993896298105 94.0 
95.0 95.0 
95.0 95.0 
95.0 96.0 
95.0 97.0 
95.0 99.0 
95.0 100.0 
95.0 100.0 
95.0 101.0 
95.0 101.0 
95.0 100.0 
95.0 96.0 
95.0 95.0 
95.0 92.0 
95.0 91.0 
95.0 90.0 
95.0 90.0 
95.0 90.0 
95.0 90.0 
95.0 90.0 
95.0 90.0 
95.0 90.0 
95.0 90.0 
95.0 90.0 
95.0 90.0 
95.0 90.0 
95.0 90.0 
95.0 90.0 
95.0 90.0 
95.0 90.0 
95.99993896298105 94.0 
95.99993896298105 98.0 
96.99995422223579 99.0 
96.99995422223579 98.0 
96.99995422223579 98.0 
96.99995422223579 98.0 
96.99995422223579 97.0 
96.99995422223579 99.0 
96.99995422223579 100.0 
96.99995422223579 100.0 
96.99995422223579 101.0 
96.99995422223579 101.0 
96.99995422223579 101.0 
96.99995422223579 102.0 
95.99993896298105 102.0 
95.99993896298105 103.0 
95.99993896298105 103.0 
95.99993896298105 104.0 
96.99995422223579 104.0 
96.99995422223579 103.0 
96.99995422223579 102.0 
96.99995422223579 101.0 
96.99995422223579 99.0 
96.99995422223579 99.0 
96.99995422223579 98.0 
96.99995422223579 98.0 
96.99995422223579 99.0 
96.99995422223579 99.0 
96.99995422223579 99.0 
96.99995422223579 100.0 
96.99995422223579 100.0 
96.99995422223579 100.0 
96.99995422223579 100.0 
96.99995422223579 101.0 
95.99993896298105 102.0 
95.99993896298105 102.0 
96.99995422223579 101.0 
96.99995422223579 101.0 
96.99995422223579 100.0 
96.99995422223579 100.0 
95.99993896298105 101.0 
95.99993896298105 101.0 
95.99993896298105 100.0 
95.0 101.0 
95.0 102.0 
95.0 102.0 
95.0 101.0 
95.0 101.0 
95.0 100.0 
95.0 99.0 
95.0 99.0 
95.0 98.0 
95.0 98.0 
95.0 98.0 
95.0 98.0 
95.0 98.0 
95.99993896298105 99.0 
96.99995422223579 100.0 
95.99993896298105 100.0 
95.99993896298105 100.0 
95.99993896298105 101.0 
95.99993896298105 101.0 
95.99993896298105 101.0 
96.99995422223579 102.0 
96.99995422223579 102.0 
96.99995422223579 102.0 
96.99995422223579 105.0 
97.99996948149052 107.0 
96.99995422223579 108.0 
96.99995422223579 107.0 
96.99995422223579 105.0 
95.99993896298105 104.0 
95.99993896298105 104.0 
95.99993896298105 104.0 
95.0 105.0 
95.0 106.0 
95.0 105.0 
95.0 105.0 
95.0 107.0 
95.99993896298105 107.0 
95.0 108.0 
95.0 108.0 
95.0 108.0 
94.00006103701895 108.0 
95.0 107.0 
95.0 107.0 
95.0 105.0 
95.0 104.0 
95.0 104.0 
95.0 104.0 
95.99993896298105 104.0 
95.99993896298105 104.0 
95.99993896298105 105.0 
96.99995422223579 105.0 
96.99995422223579 105.0 
96.99995422223579 105.0 
96.99995422223579 103.0 
96.99995422223579 102.0 
96.99995422223579 102.0 
95.99993896298105 102.0 
95.99993896298105 103.0 
95.99993896298105 103.0 
95.99993896298105 104.0 
95.99993896298105 104.0 
95.99993896298105 105.0 
95.99993896298105 105.0 
95.0 106.0 
95.0 105.0 
95.99993896298105 105.0 
96.99995422223579 104.0 
96.99995422223579 104.0 
96.99995422223579 104.0 
96.99995422223579 104.0 
95.99993896298105 105.0 
95.99993896298105 105.0 
95.99993896298105 105.0 
95.99993896298105 105.0 
95.99993896298105 105.0 
96.99995422223579 104.0 
95.99993896298105 103.0 
95.99993896298105 103.0 
95.99993896298105 103.0 
95.99993896298105 103.0 
95.99993896298105 103.0 
95.99993896298105 102.0 
96.99995422223579 102.0 
95.99993896298105 103.0 
95.99993896298105 104.0 
95.99993896298105 103.0 
95.99993896298105 105.0 
95.99993896298105 105.0 
95.99993896298105 105.0 
96.99995422223579 105.0 
96.99995422223579 105.0 
96.99995422223579 105.0 
96.99995422223579 105.0 
96.99995422223579 105.0 
95.99993896298105 106.0 
96.99995422223579 106.0 
96.99995422223579 109.0 
96.99995422223579 109.0 
96.99995422223579 109.0 
95.99993896298105 109.0 
95.99993896298105 109.0 
95.99993896298105 109.0 
95.0 109.0 
95.0 108.0 
95.0 108.0 
95.0 106.0 
94.00006103701895 100.0 
94.00006103701895 100.0 
94.00006103701895 100.0 
94.00006103701895 97.0 
94.00006103701895 97.0 
94.00006103701895 97.0 
95.0 101.0 
95.0 105.0 
95.0 110.0 
95.0 113.0 
95.0 115.0 
95.0 115.0 
95.0 116.0 
95.0 116.0 
95.0 116.0 
95.0 116.0 
95.0 117.0 
94.00006103701895 117.0 
94.00006103701895 116.0 
94.00006103701895 116.0 
94.00006103701895 116.0 
94.00006103701895 117.0 
95.0 118.0 
95.0 122.0 
95.0 122.0 
95.0 123.0 
95.0 124.0 
95.0 124.0 
95.0 124.0 
95.0 125.0 
95.0 125.0 
95.0 127.0 
94.00006103701895 127.0 
94.00006103701895 128.0 
94.00006103701895 130.0 
94.00006103701895 130.0 
94.00006103701895 130.0 
94.00006103701895 130.0 
94.00006103701895 131.0 
94.00006103701895 132.0 
94.00006103701895 132.0 
94.00006103701895 132.0 
94.00006103701895 132.0 
94.00006103701895 132.0 
94.00006103701895 132.0 
94.00006103701895 132.0 
94.00006103701895 132.0 
94.00006103701895 133.0 
94.00006103701895 133.0 
94.00006103701895 133.0 
94.00006103701895 134.0 
94.00006103701895 134.0 
94.00006103701895 134.0 
94.00006103701895 134.0 
94.00006103701895 134.0 
94.00006103701895 134.0 
94.00006103701895 134.0 
94.00006103701895 134.0 
94.00006103701895 134.0 
94.00006103701895 134.0 
94.00006103701895 134.0 
94.00006103701895 134.0 
94.00006103701895 134.0 
94.00006103701895 134.0 
94.00006103701895 134.0 
94.00006103701895 133.0 
94.00006103701895 126.0 
94.00006103701895 126.0 
94.00006103701895 126.0 
94.00006103701895 116.0 
94.00006103701895 116.0 
94.00006103701895 114.0 
94.00006103701895 109.0 
94.00006103701895 110.0 
94.00006103701895 110.0 
95.0 110.0 
95.0 110.0 
95.0 111.0 
95.0 111.0 
95.0 114.0 
95.0 114.0 
95.0 114.0 
95.99993896298105 115.0 
95.99993896298105 115.0 
95.99993896298105 115.0 
95.99993896298105 117.0 
95.99993896298105 117.0 
95.99993896298105 119.0 
95.99993896298105 121.0 
95.99993896298105 122.0 
95.99993896298105 122.0 
95.99993896298105 123.0 
95.99993896298105 125.0 
95.99993896298105 125.0 
95.99993896298105 125.0 
95.99993896298105 128.0 
95.99993896298105 128.0 
95.99993896298105 128.0 
95.99993896298105 128.0 
95.99993896298105 128.0 
95.0 128.0 
95.0 130.0 
95.99993896298105 106.0 
95.99993896298105 106.0 
95.99993896298105 106.0 
95.99993896298105 105.0 
95.99993896298105 104.0 
95.99993896298105 103.0 
95.99993896298105 103.0 
95.99993896298105 102.0 
95.99993896298105 101.0 
95.99993896298105 101.0 
95.99993896298105 101.0 
95.99993896298105 101.0 
95.99993896298105 102.0 
95.99993896298105 100.0 
95.99993896298105 99.0 
95.99993896298105 99.0 
95.99993896298105 98.0 
95.99993896298105 97.0 
95.99993896298105 97.0 
95.99993896298105 95.0 
95.99993896298105 95.0 
95.99993896298105 95.0 
95.99993896298105 94.0 
95.99993896298105 94.0 
95.99993896298105 94.0 
95.99993896298105 93.0 
95.99993896298105 94.0 
95.99993896298105 94.0 
95.99993896298105 92.0 
95.99993896298105 92.0 
95.99993896298105 90.0 
95.99993896298105 90.0 
95.99993896298105 90.0 
95.99993896298105 91.0 
95.99993896298105 91.0 
95.99993896298105 92.0 
95.99993896298105 91.0 
95.99993896298105 91.0 
95.99993896298105 89.0 
95.99993896298105 89.0 
96.99995422223579 88.0 
96.99995422223579 87.0 
96.99995422223579 87.0 
96.99995422223579 86.0 
96.99995422223579 86.0 
96.99995422223579 86.0 
96.99995422223579 86.0 
96.99995422223579 87.0 
96.99995422223579 87.0 
95.99993896298105 87.0 
95.99993896298105 88.0 
95.99993896298105 88.0 
95.99993896298105 88.0 
95.99993896298105 88.0 
95.99993896298105 88.0 
95.99993896298105 88.0 
95.99993896298105 87.0 
95.99993896298105 87.0 
96.99995422223579 86.0 
96.99995422223579 86.0 
95.99993896298105 86.0 
95.99993896298105 84.0 
95.99993896298105 84.0 
95.99993896298105 85.0 
95.99993896298105 84.0 
95.99993896298105 84.0 
95.99993896298105 85.0 
95.99993896298105 84.0 
95.99993896298105 83.0 
95.99993896298105 84.0 
95.99993896298105 84.0 
95.99993896298105 84.0 
95.99993896298105 85.0 
95.99993896298105 85.0 
95.99993896298105 85.0 
95.99993896298105 85.0 
95.99993896298105 83.0 
95.99993896298105 83.0 
95.99993896298105 83.0 
95.99993896298105 82.0 
95.99993896298105 82.0 
95.99993896298105 83.0 
95.99993896298105 82.0 
95.99993896298105 83.0 
95.99993896298105 82.0 
95.99993896298105 81.0 
95.99993896298105 81.0 
95.99993896298105 80.0 
95.99993896298105 79.0 
95.99993896298105 79.0 
95.99993896298105 79.0 
95.99993896298105 79.0 
95.99993896298105 78.0 
95.99993896298105 78.0 
95.99993896298105 79.0 
95.99993896298105 79.0 
95.99993896298105 80.0 
95.99993896298105 80.0 
95.99993896298105 81.0 
95.99993896298105 81.0 
95.99993896298105 80.0 
95.99993896298105 80.0 
95.99993896298105 81.0 
95.99993896298105 81.0 
95.99993896298105 81.0 
95.99993896298105 81.0 
95.99993896298105 81.0 
95.99993896298105 82.0 
95.99993896298105 82.0 
95.99993896298105 82.0 
95.99993896298105 83.0 
95.99993896298105 83.0 
95.99993896298105 84.0 
95.99993896298105 85.0 
95.99993896298105 85.0 
95.99993896298105 86.0 
95.99993896298105 86.0 
95.99993896298105 87.0 
95.99993896298105 87.0 
95.99993896298105 88.0 
95.99993896298105 92.0 
95.99993896298105 92.0 
95.99993896298105 94.0 
95.99993896298105 92.0 
96.99995422223579 92.0 
96.99995422223579 88.0 
95.99993896298105 87.0 
95.99993896298105 87.0 
95.99993896298105 86.0 
95.99993896298105 86.0 
95.99993896298105 84.0 
95.99993896298105 84.0 
96.99995422223579 83.0 
96.99995422223579 83.0 
96.99995422223579 83.0 
96.99995422223579 83.0 
96.99995422223579 83.0 
96.99995422223579 83.0 
96.99995422223579 83.0 
96.99995422223579 83.0 
96.99995422223579 84.0 
96.99995422223579 86.0 
96.99995422223579 90.0 
96.99995422223579 92.0 
96.99995422223579 90.0 
96.99995422223579 87.0 
96.99995422223579 85.0 
96.99995422223579 85.0 
96.99995422223579 85.0 
96.99995422223579 85.0 
96.99995422223579 85.0 
96.99995422223579 84.0 
96.99995422223579 83.0 
95.99993896298105 82.0 
95.99993896298105 81.0 
95.99993896298105 80.0 
95.99993896298105 78.0 
95.99993896298105 78.0 
95.99993896298105 78.0 
95.99993896298105 78.0 
95.99993896298105 78.0 
95.99993896298105 78.0 
95.99993896298105 78.0 
95.99993896298105 78.0 
95.99993896298105 78.0 
95.99993896298105 79.0 
95.99993896298105 80.0 
95.99993896298105 80.0 
95.99993896298105 80.0 
95.99993896298105 81.0 
95.99993896298105 81.0 
95.0 81.0 
95.0 81.0 
95.0 81.0 
95.0 82.0 
95.0 83.0 
95.99993896298105 83.0 
95.0 84.0 
95.99993896298105 85.0 
95.99993896298105 85.0 
95.99993896298105 85.0 
95.99993896298105 86.0 
95.99993896298105 86.0 
95.99993896298105 86.0 
95.99993896298105 86.0 
95.99993896298105 86.0 
95.99993896298105 85.0 
95.99993896298105 85.0 
95.99993896298105 84.0 
95.99993896298105 83.0 
95.99993896298105 83.0 
95.99993896298105 82.0 
95.99993896298105 82.0 
95.99993896298105 82.0 
95.99993896298105 82.0 
95.99993896298105 81.0 
95.99993896298105 81.0 
95.99993896298105 80.0 
95.99993896298105 80.0 
95.99993896298105 81.0 
95.99993896298105 81.0 
95.99993896298105 81.0 
95.99993896298105 83.0 
95.99993896298105 83.0 
95.99993896298105 85.0 
95.99993896298105 85.0 
95.99993896298105 87.0 
95.99993896298105 87.0 
95.99993896298105 86.0 
95.99993896298105 86.0 
95.99993896298105 87.0 
95.99993896298105 87.0 
95.99993896298105 88.0 
95.99993896298105 88.0 
95.99993896298105 89.0 
95.99993896298105 90.0 
95.99993896298105 90.0 
95.99993896298105 91.0 
95.99993896298105 92.0 
95.99993896298105 92.0 
95.99993896298105 94.0 
95.99993896298105 94.0 
95.99993896298105 94.0 
95.99993896298105 95.0 
95.99993896298105 95.0 
95.99993896298105 95.0 
95.99993896298105 95.0 
95.99993896298105 94.0 
95.99993896298105 95.0 
95.99993896298105 95.0 
95.99993896298105 95.0 
95.99993896298105 95.0 
95.99993896298105 94.0 
95.99993896298105 93.0 
95.99993896298105 92.0 
95.99993896298105 92.0 
95.99993896298105 92.0 
95.99993896298105 92.0 
95.99993896298105 93.0 
95.99993896298105 93.0 
95.99993896298105 93.0 
95.0 93.0 
95.0 94.0 
95.0 94.0 
95.0 90.0 
95.0 89.0 
95.0 87.0 
95.0 87.0 
95.99993896298105 91.0 
95.99993896298105 91.0 
95.99993896298105 91.0 
95.99993896298105 90.0 
96.99995422223579 90.0 
96.99995422223579 90.0 
96.99995422223579 89.0 
96.99995422223579 89.0 
96.99995422223579 88.0 
96.99995422223579 87.0 
96.99995422223579 88.0 
96.99995422223579 87.0 
96.99995422223579 88.0 
96.99995422223579 88.0 
96.99995422223579 87.0 
96.99995422223579 88.0 
96.99995422223579 88.0 
96.99995422223579 88.0 
96.99995422223579 88.0 
96.99995422223579 88.0 
96.99995422223579 88.0 
96.99995422223579 88.0 
96.99995422223579 87.0 
95.99993896298105 87.0 
95.99993896298105 87.0 
95.99993896298105 87.0 
95.99993896298105 87.0 
95.99993896298105 87.0 
95.99993896298105 86.0 
95.99993896298105 86.0 
95.99993896298105 85.0 
95.99993896298105 86.0 
95.99993896298105 85.0 
95.99993896298105 86.0 
95.99993896298105 86.0 
95.99993896298105 85.0 
95.99993896298105 85.0 
95.99993896298105 84.0 
95.99993896298105 84.0 
95.99993896298105 84.0 
95.99993896298105 84.0 
95.99993896298105 84.0 
95.99993896298105 83.0 
95.99993896298105 83.0 
95.99993896298105 83.0 
95.99993896298105 83.0 
95.99993896298105 83.0 
95.99993896298105 83.0 
95.99993896298105 83.0 
95.99993896298105 84.0 
95.99993896298105 84.0 
95.99993896298105 84.0 
95.99993896298105 84.0 
95.99993896298105 98.0 
95.99993896298105 98.0 
95.99993896298105 98.0 
96.99995422223579 98.0 
96.99995422223579 98.0 
96.99995422223579 98.0 
96.99995422223579 98.0 
96.99995422223579 101.0 
96.99995422223579 103.0 
97.99996948149052 103.0 
97.99996948149052 104.0 
97.99996948149052 104.0 
97.99996948149052 104.0 
97.99996948149052 104.0 
97.99996948149052 104.0 
97.99996948149052 104.0 
97.99996948149052 104.0 
97.99996948149052 104.0 
97.99996948149052 105.0 
97.99996948149052 105.0 
97.99996948149052 105.0 
97.99996948149052 105.0 
97.99996948149052 102.0 
97.99996948149052 99.0 
97.99996948149052 98.0 
97.99996948149052 95.0 
97.99996948149052 94.0 
97.99996948149052 94.0 
96.99995422223579 93.0 
96.99995422223579 92.0 
96.99995422223579 92.0 
96.99995422223579 92.0 
96.99995422223579 91.0 
96.99995422223579 91.0 
96.99995422223579 90.0 
96.99995422223579 90.0 
96.99995422223579 91.0 
96.99995422223579 93.0 
96.99995422223579 93.0 
95.99993896298105 94.0 
95.99993896298105 95.0 
95.99993896298105 92.0 
95.99993896298105 92.0 
95.99993896298105 91.0 
96.99995422223579 90.0 
96.99995422223579 90.0 
96.99995422223579 89.0 
96.99995422223579 89.0 
96.99995422223579 88.0 
96.99995422223579 86.0 
96.99995422223579 83.0 
96.99995422223579 83.0 
96.99995422223579 82.0 
96.99995422223579 83.0 
96.99995422223579 84.0 
96.99995422223579 84.0 
96.99995422223579 84.0 
96.99995422223579 84.0 
95.99993896298105 84.0 
95.99993896298105 84.0 
95.99993896298105 84.0 
95.99993896298105 84.0 
95.99993896298105 86.0 
95.99993896298105 86.0 
95.99993896298105 85.0 
95.99993896298105 85.0 
95.99993896298105 85.0 
95.99993896298105 83.0 
95.99993896298105 83.0 
95.99993896298105 82.0 
95.99993896298105 82.0 
95.99993896298105 83.0 
95.99993896298105 83.0 
95.99993896298105 83.0 
95.99993896298105 83.0 
95.99993896298105 83.0 
95.99993896298105 84.0 
95.0 84.0 
95.0 84.0 
95.0 84.0 
95.0 84.0 
95.99993896298105 85.0 
95.99993896298105 84.0 
95.99993896298105 83.0 
95.99993896298105 83.0 
95.99993896298105 82.0 
95.99993896298105 82.0 
95.99993896298105 83.0 
95.99993896298105 83.0 
95.99993896298105 83.0 
95.99993896298105 84.0 
95.99993896298105 85.0 
95.99993896298105 85.0 
95.99993896298105 86.0 
95.99993896298105 85.0 
95.99993896298105 85.0 
95.99993896298105 84.0 
95.99993896298105 84.0 
95.99993896298105 85.0 
95.99993896298105 85.0 
95.99993896298105 85.0 
95.99993896298105 85.0 
95.99993896298105 85.0 
95.99993896298105 85.0 
95.99993896298105 84.0 
95.99993896298105 84.0 
95.99993896298105 84.0 
95.99993896298105 83.0 
95.99993896298105 84.0 
95.99993896298105 86.0 
95.99993896298105 86.0 
95.99993896298105 86.0 
95.99993896298105 86.0 
95.99993896298105 84.0 
95.99993896298105 83.0 
95.99993896298105 83.0 
95.99993896298105 83.0 
95.99993896298105 83.0 
95.99993896298105 84.0 
95.99993896298105 84.0 
95.99993896298105 84.0 
95.99993896298105 83.0 
95.99993896298105 81.0 
95.0 81.0 
95.0 82.0 
95.0 82.0 
95.0 82.0 
95.0 81.0 
95.0 82.0 
95.0 81.0 
95.0 81.0 
95.0 81.0 
95.99993896298105 81.0 
95.99993896298105 81.0 
95.99993896298105 81.0 
95.99993896298105 81.0 
96.99995422223579 81.0 
96.99995422223579 81.0 
97.99996948149052 84.0 
97.99996948149052 86.0 
96.99995422223579 88.0 
96.99995422223579 88.0 
96.99995422223579 88.0 
96.99995422223579 87.0 
96.99995422223579 86.0 
96.99995422223579 86.0 
96.99995422223579 86.0 
96.99995422223579 87.0 
96.99995422223579 87.0 
96.99995422223579 87.0 
96.99995422223579 86.0 
96.99995422223579 86.0 
96.99995422223579 85.0 
95.99993896298105 86.0 
95.99993896298105 86.0 
96.99995422223579 88.0 
95.99993896298105 90.0 
95.99993896298105 90.0 
95.99993896298105 89.0 
95.99993896298105 88.0 
95.99993896298105 86.0 
95.99993896298105 86.0 
95.99993896298105 86.0 
95.99993896298105 86.0 
95.99993896298105 86.0 
95.99993896298105 86.0 
95.99993896298105 86.0 
95.99993896298105 86.0 
95.99993896298105 85.0 
95.99993896298105 84.0 
95.99993896298105 84.0 
95.99993896298105 84.0 
95.99993896298105 84.0 
95.99993896298105 84.0 
95.99993896298105 85.0 
95.99993896298105 85.0 
95.99993896298105 84.0 
95.99993896298105 84.0 
95.99993896298105 83.0 
95.99993896298105 83.0 
95.99993896298105 82.0 
96.99995422223579 83.0 
96.99995422223579 85.0 
96.99995422223579 85.0 
96.99995422223579 85.0 
96.99995422223579 85.0 
96.99995422223579 85.0 
96.99995422223579 85.0 
96.99995422223579 85.0 
95.99993896298105 85.0 
95.99993896298105 85.0 
95.99993896298105 85.0 
95.0 84.0 
95.0 83.0 
95.0 82.0 
95.0 81.0 
95.99993896298105 81.0 
95.99993896298105 82.0 
95.99993896298105 82.0 
95.99993896298105 83.0 
95.99993896298105 83.0 
95.99993896298105 83.0 
96.99995422223579 84.0 
96.99995422223579 84.0 
96.99995422223579 84.0 
96.99995422223579 85.0 
96.99995422223579 87.0 
96.99995422223579 86.0 
96.99995422223579 86.0 
96.99995422223579 84.0 
95.99993896298105 84.0 
95.99993896298105 83.0 
95.99993896298105 83.0 
95.99993896298105 83.0 
95.99993896298105 83.0 
95.99993896298105 83.0 
95.99993896298105 85.0 
95.99993896298105 85.0 
95.99993896298105 87.0 
96.99995422223579 87.0 
95.99993896298105 89.0 
95.99993896298105 89.0 
95.99993896298105 89.0 
95.99993896298105 88.0 
95.99993896298105 90.0 
95.99993896298105 90.0 
95.99993896298105 91.0 
95.99993896298105 91.0 
95.99993896298105 92.0 
96.99995422223579 92.0 
96.99995422223579 92.0 
96.99995422223579 92.0 
96.99995422223579 92.0 
96.99995422223579 92.0 
96.99995422223579 91.0 
96.99995422223579 89.0 
97.99996948149052 87.0 
97.99996948149052 83.0 
97.99996948149052 82.0 
96.99995422223579 82.0 
96.99995422223579 82.0 
96.99995422223579 82.0 
97.99996948149052 83.0 
96.99995422223579 83.0 
96.99995422223579 84.0 
96.99995422223579 84.0 
96.99995422223579 84.0 
96.99995422223579 84.0 
96.99995422223579 84.0 
96.99995422223579 84.0 
96.99995422223579 84.0 
96.99995422223579 85.0 
96.99995422223579 85.0 
95.99993896298105 88.0 
96.99995422223579 90.0 
96.99995422223579 92.0 
96.99995422223579 93.0 
96.99995422223579 92.0 
96.99995422223579 91.0 
96.99995422223579 89.0 
96.99995422223579 88.0 
95.99993896298105 88.0 
95.99993896298105 87.0 
95.99993896298105 88.0 
95.99993896298105 88.0 
96.99995422223579 87.0 
96.99995422223579 87.0 
96.99995422223579 87.0 
96.99995422223579 87.0 
96.99995422223579 88.0 
96.99995422223579 89.0 
96.99995422223579 87.0 
96.99995422223579 86.0 
96.99995422223579 84.0 
96.99995422223579 83.0 
96.99995422223579 84.0 
96.99995422223579 84.0 
96.99995422223579 84.0 
96.99995422223579 84.0 
96.99995422223579 84.0 
95.99993896298105 84.0 
95.99993896298105 84.0 
95.99993896298105 84.0 
95.99993896298105 84.0 
95.99993896298105 84.0 
95.99993896298105 84.0 
96.99995422223579 84.0 
96.99995422223579 84.0 
96.99995422223579 85.0 
96.99995422223579 85.0 
96.99995422223579 85.0 
96.99995422223579 85.0 
96.99995422223579 85.0 
96.99995422223579 86.0 
96.99995422223579 86.0 
96.99995422223579 85.0 
96.99995422223579 85.0 
96.99995422223579 85.0 
96.99995422223579 86.0 
96.99995422223579 86.0 
96.99995422223579 86.0 
96.99995422223579 86.0 
95.99993896298105 86.0 
95.99993896298105 86.0 
95.99993896298105 88.0 
95.99993896298105 88.0 
95.99993896298105 89.0 
95.99993896298105 90.0 
95.99993896298105 89.0 
95.99993896298105 89.0 
95.99993896298105 88.0 
95.99993896298105 87.0 
95.99993896298105 87.0 
95.99993896298105 87.0 
95.99993896298105 90.0 
95.99993896298105 90.0 
95.99993896298105 91.0 
95.99993896298105 91.0 
95.99993896298105 91.0 
95.99993896298105 91.0 
95.99993896298105 91.0 
95.99993896298105 91.0 
95.99993896298105 91.0 
95.99993896298105 91.0 
97.99996948149052 91.0 
96.99995422223579 90.0 
96.99995422223579 89.0 
95.99993896298105 87.0 
95.99993896298105 86.0 
95.99993896298105 85.0 
95.99993896298105 85.0 
95.99993896298105 85.0 
95.99993896298105 86.0 
95.99993896298105 87.0 
95.99993896298105 87.0 
95.99993896298105 86.0 
95.99993896298105 85.0 
95.99993896298105 85.0 
95.99993896298105 85.0 
95.99993896298105 85.0 
95.99993896298105 85.0 
95.99993896298105 86.0 
95.99993896298105 86.0 
95.99993896298105 86.0 
95.99993896298105 86.0 
95.99993896298105 86.0 
95.99993896298105 86.0 
95.99993896298105 89.0 
95.99993896298105 89.0 
95.99993896298105 89.0 
95.99993896298105 88.0 
95.99993896298105 88.0 
95.99993896298105 88.0 
95.99993896298105 87.0 
95.99993896298105 87.0 
95.99993896298105 87.0 
95.99993896298105 88.0 
95.99993896298105 88.0 
95.99993896298105 88.0 
95.99993896298105 89.0 
95.99993896298105 88.0 
95.99993896298105 89.0 
95.99993896298105 89.0 
95.99993896298105 90.0 
95.99993896298105 90.0 
95.99993896298105 91.0 
95.99993896298105 91.0 
95.99993896298105 92.0 
95.0 92.0 
95.0 92.0 
95.0 90.0 
95.99993896298105 89.0 
95.99993896298105 89.0 
95.99993896298105 89.0 
95.99993896298105 89.0 
95.99993896298105 89.0 
95.99993896298105 88.0 
95.99993896298105 87.0 
95.99993896298105 87.0 
95.99993896298105 87.0 
95.0 88.0 
95.0 87.0 
95.0 89.0 
95.99993896298105 89.0 
95.99993896298105 89.0 
96.99995422223579 89.0 
96.99995422223579 89.0 
96.99995422223579 89.0 
97.99996948149052 87.0 
97.99996948149052 87.0 
97.99996948149052 87.0 
97.99996948149052 88.0 
97.99996948149052 88.0 
97.99996948149052 88.0 
97.99996948149052 88.0 
97.99996948149052 88.0 
97.99996948149052 88.0 
97.99996948149052 88.0 
97.99996948149052 90.0 
97.99996948149052 95.0 
97.99996948149052 96.0 
96.99995422223579 95.0 
96.99995422223579 95.0 
96.99995422223579 92.0 
97.99996948149052 87.0 
97.99996948149052 86.0 
96.99995422223579 85.0 
96.99995422223579 85.0 
96.99995422223579 84.0 
96.99995422223579 83.0 
96.99995422223579 83.0 
96.99995422223579 83.0 
96.99995422223579 83.0 
97.99996948149052 83.0 
96.99995422223579 83.0 
96.99995422223579 83.0 
96.99995422223579 83.0 
96.99995422223579 82.0 
95.99993896298105 82.0 
95.99993896298105 82.0 
95.99993896298105 81.0 
95.99993896298105 82.0 
95.99993896298105 82.0 
95.99993896298105 82.0 
95.0 85.0 
95.0 85.0 
94.00006103701895 85.0 
94.00006103701895 85.0 
94.00006103701895 85.0 
93.00004577776421 84.0 
93.00004577776421 83.0 
94.00006103701895 82.0 
95.0 81.0 
95.0 80.0 
95.0 80.0 
95.99993896298105 79.0 
95.99993896298105 79.0 
95.99993896298105 78.0 
95.99993896298105 78.0 
95.0 78.0 
95.0 79.0 
95.0 78.0 
94.00006103701895 80.0 
94.00006103701895 80.0 
94.00006103701895 80.0 
93.00004577776421 80.0 
93.00004577776421 81.0 
93.00004577776421 81.0 
93.00004577776421 81.0 
93.00004577776421 82.0 
93.00004577776421 81.0 
93.00004577776421 81.0 
93.00004577776421 81.0 
94.00006103701895 80.0 
94.00006103701895 80.0 
94.00006103701895 80.0 
95.0 79.0 
95.0 79.0 
95.0 79.0 
95.0 78.0 
95.0 78.0 
95.0 77.0 
95.0 77.0 
95.0 77.0 
95.0 77.0 
95.0 77.0 
95.0 77.0 
95.0 77.0 
95.0 77.0 
95.0 77.0 
94.00006103701895 78.0 
94.00006103701895 77.0 
94.00006103701895 77.0 
94.00006103701895 78.0 
94.00006103701895 78.0 
94.00006103701895 78.0 
94.00006103701895 79.0 
94.00006103701895 78.0 
94.00006103701895 79.0 
94.00006103701895 79.0 
94.00006103701895 79.0 
94.00006103701895 79.0 
94.00006103701895 80.0 
94.00006103701895 80.0 
95.0 80.0 
95.0 80.0 
95.0 81.0 
95.0 81.0 
95.0 81.0 
95.0 81.0 
95.0 81.0 
95.0 82.0 
95.0 82.0 
95.0 83.0 
95.0 83.0 
95.0 83.0 
95.0 83.0 
95.0 83.0 
95.0 83.0 
95.0 83.0 
95.0 82.0 
95.0 82.0 
95.0 82.0 
95.0 81.0 
95.0 81.0 
95.0 82.0 
95.0 82.0 
95.0 83.0 
95.0 83.0 
95.0 83.0 
95.0 83.0 
95.0 82.0 
95.0 81.0 
95.0 81.0 
95.0 82.0 
95.0 82.0 
95.0 83.0 
95.0 84.0 
95.0 84.0 
95.0 84.0 
95.0 84.0 
95.0 84.0 
95.0 84.0 
95.0 84.0 
95.0 84.0 
95.0 84.0 
95.0 84.0 
95.0 84.0 
95.0 83.0 
95.0 83.0 
95.0 84.0 
95.0 83.0 
95.0 84.0 
95.0 84.0 
95.0 84.0 
95.0 84.0 
95.0 83.0 
95.0 83.0 
95.0 83.0 
95.0 84.0 
95.0 83.0 
95.0 83.0 
95.0 84.0 
95.0 83.0 
95.0 83.0 
95.0 83.0 
95.0 83.0 
95.0 83.0 
95.0 83.0 
95.0 82.0 
95.0 81.0 
95.0 81.0 
95.0 80.0 
95.0 80.0 
95.0 80.0 
95.0 80.0 
95.99993896298105 80.0 
95.99993896298105 80.0 
95.99993896298105 80.0 
95.99993896298105 81.0 
95.99993896298105 80.0 
95.99993896298105 80.0 
95.99993896298105 81.0 
95.99993896298105 83.0 
95.99993896298105 82.0 
95.99993896298105 82.0 
95.99993896298105 79.0 
95.99993896298105 78.0 
95.99993896298105 78.0 
95.99993896298105 77.0 
95.99993896298105 77.0 
95.99993896298105 77.0 
95.99993896298105 78.0 
95.99993896298105 78.0 
95.99993896298105 77.0 
95.99993896298105 77.0 
95.0 77.0 
95.0 77.0 
95.0 77.0 
95.0 77.0 
95.0 76.0 
95.0 77.0 
95.0 77.0 
95.0 77.0 
95.0 77.0 
95.0 78.0 
95.0 78.0 
95.0 78.0 
95.0 78.0 
95.0 77.0 
95.0 77.0 
95.0 78.0 
95.0 77.0 
95.0 77.0 
95.0 78.0 
95.0 77.0 
95.0 77.0 
95.0 78.0 
95.0 77.0 
95.0 77.0 
95.0 78.0 
95.0 78.0 
95.0 78.0 
95.0 78.0 
95.0 78.0 
95.0 78.0 
95.0 78.0 
95.0 78.0 
95.0 78.0 
95.0 78.0 
95.0 78.0 
95.0 79.0 
95.0 78.0 
95.0 79.0 
95.0 78.0 
95.0 78.0 
95.0 78.0 
95.0 78.0 
95.0 77.0 
95.0 77.0 
95.0 78.0 
95.0 77.0 
95.0 77.0 
95.0 78.0 
95.0 79.0 
95.0 77.0 
95.0 77.0 
95.0 78.0 
95.0 77.0 
95.0 77.0 
95.0 77.0 
95.0 77.0 
95.0 76.0 
95.0 76.0 
95.0 76.0 
95.0 76.0 
95.0 76.0 
95.0 77.0 
95.0 77.0 
95.0 77.0 
95.0 77.0 
95.99993896298105 77.0 
95.99993896298105 77.0 
95.99993896298105 77.0 
95.99993896298105 76.0 
95.99993896298105 77.0 
95.99993896298105 77.0 
95.99993896298105 77.0 
95.99993896298105 78.0 
95.99993896298105 78.0 
95.0 79.0 
95.0 78.0 
95.0 78.0 
95.0 78.0 
95.0 77.0 
95.0 76.0 
95.0 75.0 
95.0 74.0 
95.0 74.0 
95.0 74.0 
95.0 74.0 
95.0 74.0 
95.99993896298105 76.0 
95.99993896298105 78.0 
95.99993896298105 78.0 
95.99993896298105 80.0 
95.99993896298105 82.0 
95.99993896298105 82.0 
95.99993896298105 83.0 
95.99993896298105 81.0 
95.99993896298105 81.0 
96.99995422223579 80.0 
96.99995422223579 79.0 
96.99995422223579 78.0 
96.99995422223579 78.0 
95.99993896298105 78.0 
95.99993896298105 77.0 
95.99993896298105 77.0 
95.99993896298105 77.0 
95.99993896298105 77.0 
95.99993896298105 77.0 
95.99993896298105 77.0 
95.99993896298105 77.0 
95.99993896298105 77.0 
95.99993896298105 77.0 
95.0 77.0 
95.0 77.0 
95.0 77.0 
95.0 77.0 
96.99995422223579 87.0 
96.99995422223579 87.0 
96.99995422223579 87.0 
96.99995422223579 89.0 
96.99995422223579 89.0 
96.99995422223579 90.0 
96.99995422223579 90.0 
96.99995422223579 90.0 
96.99995422223579 90.0 
96.99995422223579 90.0 
96.99995422223579 90.0 
96.99995422223579 90.0 
96.99995422223579 90.0 
96.99995422223579 90.0 
96.99995422223579 90.0 
96.99995422223579 90.0 
96.99995422223579 90.0 
96.99995422223579 90.0 
96.99995422223579 90.0 
96.99995422223579 90.0 
96.99995422223579 90.0 
96.99995422223579 90.0 
96.99995422223579 90.0 
96.99995422223579 93.0 
96.99995422223579 100.0 
96.99995422223579 104.0 
96.99995422223579 104.0 
96.99995422223579 106.0 
96.99995422223579 105.0 
96.99995422223579 105.0 
96.99995422223579 105.0 
96.99995422223579 105.0 
95.99993896298105 105.0 
95.99993896298105 105.0 
95.99993896298105 102.0 
95.99993896298105 100.0 
95.99993896298105 100.0 
95.99993896298105 100.0 
95.99993896298105 101.0 
95.99993896298105 100.0 
95.0 100.0 
95.0 101.0 
95.0 98.0 
95.0 98.0 
95.0 99.0 
95.0 99.0 
95.99993896298105 101.0 
95.99993896298105 100.0 
95.99993896298105 101.0 
95.99993896298105 101.0 
95.99993896298105 100.0 
95.99993896298105 99.0 
95.0 96.0 
95.0 96.0 
95.0 93.0 
95.0 92.0 
95.0 89.0 
95.99993896298105 88.0 
95.99993896298105 87.0 
95.99993896298105 86.0 
95.99993896298105 86.0 
95.99993896298105 85.0 
95.99993896298105 85.0 
95.99993896298105 84.0 
95.99993896298105 84.0 
95.99993896298105 84.0 
95.99993896298105 84.0 
95.99993896298105 84.0 
95.99993896298105 84.0 
95.0 85.0 
95.0 85.0 
95.0 85.0 
95.0 85.0 
95.0 85.0 
95.0 84.0 
95.0 83.0 
95.99993896298105 81.0 
95.0 80.0 
95.0 80.0 
95.0 79.0 
95.99993896298105 78.0 
95.0 77.0 
95.99993896298105 77.0 
95.99993896298105 77.0 
95.99993896298105 77.0 
95.99993896298105 77.0 
95.99993896298105 76.0 
95.99993896298105 76.0 
95.99993896298105 76.0 
95.99993896298105 76.0 
95.99993896298105 76.0 
96.99995422223579 76.0 
96.99995422223579 76.0 
96.99995422223579 76.0 
95.99993896298105 76.0 
95.99993896298105 76.0 
95.99993896298105 76.0 
95.99993896298105 77.0 
95.99993896298105 77.0 
95.99993896298105 78.0 
95.99993896298105 78.0 
95.99993896298105 78.0 
95.99993896298105 78.0 
95.99993896298105 78.0 
95.99993896298105 78.0 
95.99993896298105 79.0 
95.99993896298105 79.0 
95.99993896298105 79.0 
95.99993896298105 80.0 
95.99993896298105 80.0 
95.99993896298105 80.0 
95.99993896298105 80.0 
95.99993896298105 80.0 
95.99993896298105 80.0 
95.99993896298105 79.0 
95.99993896298105 80.0 
95.99993896298105 85.0 
95.99993896298105 85.0 
95.99993896298105 87.0 
95.99993896298105 84.0 
95.99993896298105 83.0 
95.99993896298105 81.0 
95.99993896298105 80.0 
95.99993896298105 80.0 
95.99993896298105 79.0 
95.99993896298105 79.0 
95.99993896298105 78.0 
95.99993896298105 78.0 
95.99993896298105 78.0 
96.99995422223579 78.0 
95.99993896298105 77.0 
95.99993896298105 77.0 
95.99993896298105 77.0 
95.99993896298105 77.0 
95.99993896298105 77.0 
95.99993896298105 77.0 
95.99993896298105 78.0 
95.99993896298105 78.0 
95.99993896298105 79.0 
95.99993896298105 78.0 
95.0 79.0 
95.0 79.0 
95.0 79.0 
95.0 79.0 
95.0 78.0 
95.0 78.0 
95.0 78.0 
95.0 78.0 
95.99993896298105 78.0 
95.99993896298105 79.0 
95.99993896298105 79.0 
95.99993896298105 79.0 
95.99993896298105 80.0 
95.99993896298105 80.0 
95.99993896298105 80.0 
95.99993896298105 80.0 
95.99993896298105 81.0 
95.99993896298105 81.0 
95.99993896298105 81.0 
95.99993896298105 81.0 
95.99993896298105 82.0 
95.99993896298105 82.0 
95.99993896298105 81.0 
95.99993896298105 82.0 
95.99993896298105 81.0 
95.99993896298105 81.0 
95.99993896298105 81.0 
95.99993896298105 80.0 
95.99993896298105 80.0 
95.99993896298105 80.0 
95.99993896298105 79.0 
95.99993896298105 79.0 
95.99993896298105 80.0 
95.99993896298105 79.0 
95.99993896298105 79.0 
95.99993896298105 79.0 
95.99993896298105 79.0 
95.99993896298105 79.0 
95.99993896298105 79.0 
95.99993896298105 79.0 
95.99993896298105 79.0 
95.99993896298105 80.0 
95.0 80.0 
95.0 80.0 
95.0 80.0 
95.0 80.0 
95.0 80.0 
95.0 79.0 
95.99993896298105 79.0 
95.99993896298105 78.0 
95.99993896298105 78.0 
95.0 78.0 
95.99993896298105 78.0 
95.0 78.0 
95.99993896298105 78.0 
95.99993896298105 78.0 
95.99993896298105 77.0 
95.99993896298105 77.0 
95.99993896298105 77.0 
95.99993896298105 76.0 
95.99993896298105 77.0 
95.99993896298105 79.0 
95.0 79.0 
95.0 80.0 
95.99993896298105 81.0 
95.99993896298105 81.0 
95.99993896298105 81.0 
95.0 81.0 
95.0 81.0 
95.0 81.0 
95.99993896298105 81.0 
95.99993896298105 79.0 
95.99993896298105 79.0 
95.99993896298105 78.0 
95.99993896298105 78.0 
95.99993896298105 78.0 
95.99993896298105 78.0 
95.99993896298105 79.0 
95.99993896298105 79.0 
95.99993896298105 79.0 
95.99993896298105 79.0 
95.99993896298105 79.0 
95.99993896298105 80.0 
95.0 81.0 
95.0 81.0 
95.0 82.0 
95.0 81.0 
95.0 80.0 
95.0 79.0 
95.0 79.0 
95.0 78.0 
95.0 78.0 
95.0 78.0 
95.99993896298105 77.0 
95.0 76.0 
95.99993896298105 76.0 
95.99993896298105 75.0 
95.99993896298105 75.0 
95.99993896298105 75.0 
95.99993896298105 76.0 
95.99993896298105 76.0 
95.99993896298105 79.0 
95.99993896298105 79.0 
95.99993896298105 79.0 
95.99993896298105 80.0 
95.0 79.0 
95.0 78.0 
95.0 76.0 
95.0 76.0 
95.0 75.0 
95.0 74.0 
95.0 73.0 
95.0 72.0 
95.0 72.0 
95.99993896298105 72.0 
95.99993896298105 73.0 
95.99993896298105 73.0 
95.99993896298105 74.0 
96.99995422223579 74.0 
96.99995422223579 75.0 
96.99995422223579 75.0 
96.99995422223579 75.0 
96.99995422223579 75.0 
96.99995422223579 76.0 
96.99995422223579 81.0 
96.99995422223579 81.0 
96.99995422223579 83.0 
96.99995422223579 83.0 
96.99995422223579 83.0 
95.99993896298105 84.0 
95.99993896298105 84.0 
95.99993896298105 84.0 
95.99993896298105 83.0 
95.99993896298105 82.0 
95.99993896298105 82.0 
95.99993896298105 81.0 
95.99993896298105 80.0 
95.99993896298105 80.0 
95.99993896298105 79.0 
95.99993896298105 79.0 
95.99993896298105 79.0 
95.99993896298105 79.0 
95.99993896298105 79.0 
95.99993896298105 79.0 
95.99993896298105 79.0 
95.99993896298105 79.0 
95.99993896298105 79.0 
95.99993896298105 78.0 
95.99993896298105 79.0 
95.99993896298105 79.0 
95.0 79.0 
95.0 79.0 
95.0 79.0 
95.0 79.0 
95.0 79.0 
95.0 80.0 
95.99993896298105 79.0 
95.99993896298105 79.0 
95.99993896298105 79.0 
95.99993896298105 79.0 
95.99993896298105 79.0 
95.99993896298105 79.0 
95.99993896298105 79.0 
95.99993896298105 79.0 
95.99993896298105 79.0 
95.99993896298105 79.0 
95.99993896298105 78.0 
95.99993896298105 79.0 
95.99993896298105 79.0 
95.99993896298105 80.0 
95.99993896298105 80.0 
95.99993896298105 80.0 
95.99993896298105 80.0 
95.99993896298105 80.0 
95.0 80.0 
95.0 80.0 
95.0 80.0 
95.0 80.0 
95.0 81.0 
95.0 81.0 
95.0 81.0 
95.0 81.0 
95.0 82.0 
95.0 81.0 
95.0 83.0 
95.0 83.0 
95.0 83.0 
95.99993896298105 83.0 
95.99993896298105 83.0 
95.99993896298105 84.0 
95.99993896298105 84.0 
95.99993896298105 84.0 
95.99993896298105 84.0 
96.99995422223579 84.0 
95.0 84.0 
95.0 84.0 
94.00006103701895 83.0 
94.00006103701895 83.0 
94.00006103701895 83.0 
94.00006103701895 83.0 
94.00006103701895 82.0 
94.00006103701895 82.0 
94.00006103701895 82.0 
94.00006103701895 82.0 
95.0 82.0 
95.0 81.0 
95.0 82.0 
95.0 82.0 
95.99993896298105 81.0 
95.99993896298105 81.0 
95.99993896298105 79.0 
95.99993896298105 79.0 
95.99993896298105 79.0 
95.99993896298105 79.0 
95.99993896298105 79.0 
95.99993896298105 79.0 
95.99993896298105 80.0 
95.99993896298105 80.0 
95.99993896298105 83.0 
95.99993896298105 83.0 
97.99996948149052 86.0 
97.99996948149052 87.0 
97.99996948149052 90.0 
97.99996948149052 95.0 
97.99996948149052 97.0 
96.99995422223579 97.0 
97.99996948149052 96.0 
97.99996948149052 95.0 
97.99996948149052 93.0 
97.99996948149052 91.0 
97.99996948149052 90.0 
97.99996948149052 88.0 
97.99996948149052 87.0 
97.99996948149052 86.0 
97.99996948149052 83.0 
97.99996948149052 83.0 
97.99996948149052 82.0 
97.99996948149052 83.0 
97.99996948149052 84.0 
96.99995422223579 85.0 
96.99995422223579 85.0 
95.99993896298105 85.0 
95.99993896298105 85.0 
95.0 85.0 
94.00006103701895 85.0 
94.00006103701895 85.0 
94.00006103701895 86.0 
93.00004577776421 87.0 
93.00004577776421 87.0 
93.00004577776421 87.0 
93.00004577776421 88.0 
93.00004577776421 87.0 
93.00004577776421 87.0 
94.00006103701895 87.0 
94.00006103701895 87.0 
94.00006103701895 87.0 
94.00006103701895 87.0 
94.00006103701895 87.0 
94.00006103701895 87.0 
93.00004577776421 87.0 
93.00004577776421 86.0 
93.00004577776421 86.0 
94.00006103701895 85.0 
94.00006103701895 85.0 
94.00006103701895 85.0 
94.00006103701895 86.0 
94.00006103701895 86.0 
94.00006103701895 86.0 
94.00006103701895 88.0 
94.00006103701895 88.0 
94.00006103701895 88.0 
94.00006103701895 87.0 
94.00006103701895 86.0 
94.00006103701895 85.0 
94.00006103701895 83.0 
94.00006103701895 82.0 
94.00006103701895 82.0 
94.00006103701895 80.0 
95.0 79.0 
95.0 79.0 
95.0 78.0 
95.0 78.0 
95.0 78.0 
95.0 78.0 
95.0 78.0 
95.0 78.0 
95.0 78.0 
95.0 78.0 
95.0 78.0 
95.0 79.0 
95.0 79.0 
95.0 79.0 
95.0 78.0 
95.0 79.0 
95.0 78.0 
95.0 79.0 
95.0 79.0 
95.0 78.0 
95.99993896298105 78.0 
95.99993896298105 78.0 
95.99993896298105 78.0 
95.99993896298105 78.0 
95.99993896298105 78.0 
95.99993896298105 78.0 
95.0 78.0 
95.0 78.0 
95.0 78.0 
95.0 78.0 
95.0 78.0 
95.0 78.0 
95.0 77.0 
95.0 77.0 
95.0 77.0 
94.00006103701895 78.0 
94.00006103701895 78.0 
94.00006103701895 79.0 
94.00006103701895 80.0 
94.00006103701895 80.0 
94.00006103701895 81.0 
94.00006103701895 81.0 
94.00006103701895 81.0 
94.00006103701895 83.0 
94.00006103701895 83.0 
94.00006103701895 85.0 
95.0 85.0 
95.0 87.0 
95.0 88.0 
95.0 86.0 
95.0 85.0 
95.0 83.0 
95.0 82.0 
95.0 81.0 
95.0 80.0 
95.0 79.0 
95.0 78.0 
95.0 77.0 
95.99993896298105 76.0 
95.99993896298105 76.0 
95.0 76.0 
95.0 76.0 
95.0 75.0 
95.0 75.0 
95.0 75.0 
95.0 76.0 
95.0 76.0 
95.0 76.0 
95.0 76.0 
95.0 77.0 
95.0 77.0 
95.0 77.0 
95.0 77.0 
95.0 77.0 
94.00006103701895 77.0 
94.00006103701895 78.0 
94.00006103701895 78.0 
94.00006103701895 78.0 
94.00006103701895 78.0 
94.00006103701895 78.0 
94.00006103701895 78.0 
95.0 78.0 
95.0 78.0 
95.0 78.0 
95.0 78.0 
95.0 78.0 
95.0 78.0 
95.0 78.0 
95.0 79.0 
95.0 79.0 
95.0 79.0 
95.0 79.0 
95.0 79.0 
95.0 79.0 
95.0 80.0 
95.0 80.0 
95.0 80.0 
95.0 81.0 
95.0 81.0 
95.0 81.0 
95.99993896298105 81.0 
95.99993896298105 81.0 
95.99993896298105 81.0 
95.99993896298105 81.0 
95.99993896298105 81.0 
95.99993896298105 81.0 
95.99993896298105 81.0 
95.99993896298105 81.0 
95.99993896298105 80.0 
95.99993896298105 80.0 
95.99993896298105 80.0 
95.99993896298105 80.0 
95.99993896298105 80.0 
95.99993896298105 80.0 
95.99993896298105 80.0 
95.0 80.0 
95.0 80.0 
95.0 80.0 
95.0 80.0 
95.0 80.0 
95.0 79.0 
95.0 79.0 
95.0 79.0 
95.0 79.0 
95.0 79.0 
95.0 80.0 
95.0 82.0 
95.0 83.0 
95.0 83.0 
95.0 81.0 
95.0 79.0 
95.0 76.0 
95.0 76.0 
95.0 75.0 
95.99993896298105 75.0 
95.99993896298105 74.0 
95.99993896298105 74.0 
95.99993896298105 74.0 
95.99993896298105 74.0 
95.99993896298105 74.0 
95.99993896298105 74.0 
95.0 74.0 
95.0 74.0 
95.0 74.0 
95.0 73.0 
95.0 74.0 
95.0 75.0 
95.0 74.0 
95.0 75.0 
95.0 75.0 
95.0 75.0 
95.0 75.0 
95.0 75.0 
95.0 75.0 
95.0 75.0 
95.0 75.0 
95.0 74.0 
95.0 73.0 
95.0 73.0 
95.0 73.0 
95.0 72.0 
95.0 72.0 
95.0 72.0 
95.0 72.0 
95.0 72.0 
95.0 73.0 
95.0 73.0 
95.0 72.0 
95.0 72.0 
95.0 73.0 
95.0 73.0 
95.0 73.0 
95.0 73.0 
95.0 73.0 
95.0 73.0 
95.0 74.0 
95.0 74.0 
95.0 74.0 
95.0 74.0 
95.0 74.0 
95.0 74.0 
95.0 74.0 
95.0 74.0 
95.0 74.0 
95.0 73.0 
95.0 73.0 
95.0 73.0 
95.0 73.0 
95.0 73.0 
95.0 73.0 
95.0 73.0 
95.0 74.0 
95.0 76.0 
95.0 76.0 
95.0 77.0 
95.0 79.0 
95.0 81.0 
95.0 81.0 
95.0 80.0 
95.0 80.0 
95.0 80.0 
95.0 77.0 
95.0 76.0 
95.0 75.0 
95.0 74.0 
95.0 73.0 
95.0 72.0 
95.0 73.0 
95.0 73.0 
95.99993896298105 73.0 
95.99993896298105 73.0 
95.99993896298105 73.0 
95.99993896298105 73.0 
95.99993896298105 74.0 
95.99993896298105 74.0 
95.99993896298105 74.0 
95.99993896298105 75.0 
96.99995422223579 76.0 
96.99995422223579 77.0 
96.99995422223579 77.0 
96.99995422223579 78.0 
96.99995422223579 78.0 
96.99995422223579 79.0 
95.99993896298105 79.0 
95.99993896298105 79.0 
95.99993896298105 80.0 
95.99993896298105 79.0 
95.99993896298105 79.0 
95.99993896298105 79.0 
95.99993896298105 78.0 
95.99993896298105 79.0 
95.99993896298105 79.0 
95.99993896298105 78.0 
95.99993896298105 78.0 
95.99993896298105 78.0 
95.99993896298105 78.0 
95.99993896298105 78.0 
95.99993896298105 78.0 
95.99993896298105 77.0 
95.99993896298105 78.0 
95.99993896298105 78.0 
95.99993896298105 78.0 
