93.99986266664997 67.0 
93.99986266664997 66.0 
93.99986266664997 66.0 
93.99986266664997 65.0 
93.99986266664997 65.0 
93.99986266664997 64.0 
93.99986266664997 64.0 
93.99986266664997 64.0 
93.99986266664997 63.0 
93.99986266664997 62.0 
93.99986266664997 62.0 
92.99996948143375 61.0 
92.99996948143375 61.0 
92.99996948143375 61.0 
92.99996948143375 61.0 
92.99996948143375 61.0 
92.99996948143375 61.0 
92.99996948143375 61.0 
92.99996948143375 61.0 
93.99986266664997 61.0 
93.99986266664997 62.0 
92.99996948143375 62.0 
92.99996948143375 62.0 
92.99996948143375 62.0 
92.99996948143375 62.0 
92.99996948143375 62.0 
92.99996948143375 61.0 
92.99996948143375 61.0 
93.99986266664997 62.0 
93.99986266664997 62.0 
93.99986266664997 61.0 
93.99986266664997 61.0 
93.99986266664997 61.0 
93.99986266664997 61.0 
93.99986266664997 61.0 
93.99986266664997 61.0 
93.99986266664997 61.0 
93.99986266664997 61.0 
93.99986266664997 61.0 
93.99986266664997 61.0 
93.99986266664997 61.0 
93.99986266664997 61.0 
93.99986266664997 61.0 
93.99986266664997 61.0 
93.99986266664997 61.0 
93.99986266664997 61.0 
93.99986266664997 61.0 
93.99986266664997 61.0 
93.99986266664997 62.0 
93.99986266664997 62.0 
93.99986266664997 62.0 
93.99986266664997 63.0 
93.99986266664997 63.0 
93.99986266664997 63.0 
93.99986266664997 63.0 
93.99986266664997 63.0 
93.99986266664997 63.0 
93.99986266664997 63.0 
93.99986266664997 62.0 
93.99986266664997 62.0 
93.99986266664997 61.0 
93.99986266664997 61.0 
94.99992370366833 62.0 
94.99992370366833 62.0 
94.99992370366833 62.0 
94.99992370366833 62.0 
94.99992370366833 61.0 
93.99986266664997 61.0 
93.99986266664997 60.0 
93.99986266664997 60.0 
93.99986266664997 59.0 
93.99986266664997 59.0 
93.99986266664997 59.0 
93.99986266664997 59.0 
93.99986266664997 59.0 
93.99986266664997 59.0 
93.99986266664997 59.0 
93.99986266664997 59.0 
93.99986266664997 59.0 
93.99986266664997 59.0 
93.99986266664997 59.0 
93.99986266664997 59.0 
93.99986266664997 59.0 
93.99986266664997 59.0 
93.99986266664997 59.0 
93.99986266664997 60.0 
93.99986266664997 60.0 
94.99992370366833 61.0 
94.99992370366833 62.0 
94.99992370366833 62.0 
94.99992370366833 63.0 
93.99986266664997 64.0 
93.99986266664997 64.0 
93.99986266664997 65.0 
93.99986266664997 65.0 
93.99986266664997 65.0 
93.99986266664997 65.0 
93.99986266664997 64.0 
93.99986266664997 64.0 
93.99986266664997 64.0 
93.99986266664997 65.0 
93.99986266664997 65.0 
93.99986266664997 64.0 
93.99986266664997 65.0 
93.99986266664997 65.0 
93.99986266664997 65.0 
93.99986266664997 64.0 
93.99986266664997 64.0 
93.99986266664997 64.0 
93.99986266664997 63.0 
93.99986266664997 63.0 
93.99986266664997 63.0 
93.99986266664997 63.0 
93.99986266664997 62.0 
92.99996948143375 62.0 
92.99996948143375 63.0 
92.99996948143375 63.0 
93.99986266664997 65.0 
93.99986266664997 64.0 
93.99986266664997 66.0 
93.99986266664997 66.0 
93.99986266664997 65.0 
93.99986266664997 63.0 
92.99996948143375 63.0 
92.99996948143375 63.0 
92.99996948143375 63.0 
92.99996948143375 63.0 
92.99996948143375 63.0 
93.99986266664997 63.0 
93.99986266664997 63.0 
93.99986266664997 63.0 
93.99986266664997 64.0 
93.99986266664997 64.0 
93.99986266664997 64.0 
93.99986266664997 63.0 
93.99986266664997 65.0 
93.99986266664997 67.0 
93.99986266664997 67.0 
93.99986266664997 69.0 
93.99986266664997 68.0 
92.99996948143375 69.0 
92.99996948143375 67.0 
92.99996948143375 66.0 
92.99996948143375 66.0 
92.99996948143375 66.0 
92.99996948143375 65.0 
93.99986266664997 65.0 
93.99986266664997 65.0 
93.99986266664997 65.0 
93.99986266664997 65.0 
93.99986266664997 65.0 
93.99986266664997 64.0 
93.99986266664997 64.0 
93.99986266664997 64.0 
93.99986266664997 63.0 
93.99986266664997 63.0 
93.99986266664997 63.0 
93.99986266664997 62.0 
93.99986266664997 61.0 
92.99996948143375 61.0 
92.99996948143375 61.0 
92.99996948143375 61.0 
92.99996948143375 61.0 
92.99996948143375 61.0 
92.99996948143375 62.0 
92.99996948143375 62.0 
92.99996948143375 63.0 
92.99996948143375 63.0 
92.99996948143375 63.0 
92.99996948143375 63.0 
92.99996948143375 62.0 
92.99996948143375 62.0 
92.99996948143375 62.0 
92.99996948143375 62.0 
92.99996948143375 62.0 
92.99996948143375 63.0 
92.99996948143375 63.0 
92.99996948143375 63.0 
92.99996948143375 63.0 
92.99996948143375 63.0 
93.99986266664997 68.0 
93.99986266664997 68.0 
93.99986266664997 71.0 
93.99986266664997 73.0 
93.99986266664997 72.0 
93.99986266664997 71.0 
93.99986266664997 69.0 
92.99996948143375 68.0 
92.99996948143375 68.0 
92.99996948143375 67.0 
92.99996948143375 67.0 
92.99996948143375 67.0 
92.99996948143375 66.0 
93.99986266664997 66.0 
93.99986266664997 66.0 
93.99986266664997 66.0 
93.99986266664997 66.0 
93.99986266664997 67.0 
93.99986266664997 67.0 
93.99986266664997 67.0 
93.99986266664997 67.0 
93.99986266664997 66.0 
93.99986266664997 65.0 
93.99986266664997 65.0 
93.99986266664997 65.0 
92.99996948143375 65.0 
92.99996948143375 65.0 
92.99996948143375 66.0 
93.99986266664997 65.0 
93.99986266664997 65.0 
92.99996948143375 65.0 
92.99996948143375 65.0 
92.99996948143375 65.0 
92.99996948143375 65.0 
92.99996948143375 65.0 
92.99996948143375 66.0 
92.99996948143375 66.0 
92.99996948143375 66.0 
92.99996948143375 66.0 
92.99996948143375 66.0 
92.99996948143375 67.0 
92.99996948143375 67.0 
92.99996948143375 67.0 
92.99996948143375 67.0 
92.99996948143375 67.0 
92.99996948143375 68.0 
92.99996948143375 67.0 
92.99996948143375 67.0 
92.99996948143375 66.0 
92.99996948143375 66.0 
92.99996948143375 66.0 
92.99996948143375 67.0 
92.99996948143375 69.0 
92.99996948143375 69.0 
92.99996948143375 70.0 
92.99996948143375 68.0 
92.99996948143375 68.0 
92.99996948143375 68.0 
92.99996948143375 68.0 
92.99996948143375 68.0 
92.99996948143375 69.0 
92.99996948143375 69.0 
92.99996948143375 69.0 
92.99996948143375 69.0 
92.99996948143375 69.0 
92.99996948143375 69.0 
92.00007629621753 69.0 
92.00007629621753 68.0 
92.00007629621753 68.0 
92.00007629621753 68.0 
92.00007629621753 68.0 
92.99996948143375 67.0 
92.99996948143375 67.0 
92.99996948143375 68.0 
92.99996948143375 67.0 
92.99996948143375 67.0 
92.99996948143375 67.0 
92.99996948143375 67.0 
92.99996948143375 67.0 
92.99996948143375 67.0 
92.99996948143375 67.0 
92.99996948143375 67.0 
92.99996948143375 67.0 
92.99996948143375 67.0 
92.99996948143375 66.0 
92.99996948143375 66.0 
92.99996948143375 65.0 
92.99996948143375 63.0 
92.99996948143375 63.0 
92.99996948143375 64.0 
92.99996948143375 65.0 
92.99996948143375 66.0 
92.99996948143375 67.0 
92.99996948143375 67.0 
92.99996948143375 68.0 
92.99996948143375 69.0 
92.99996948143375 70.0 
92.99996948143375 71.0 
92.99996948143375 73.0 
92.99996948143375 71.0 
92.99996948143375 69.0 
92.99996948143375 68.0 
92.99996948143375 67.0 
92.99996948143375 67.0 
92.99996948143375 66.0 
92.99996948143375 66.0 
92.99996948143375 66.0 
92.99996948143375 66.0 
92.99996948143375 67.0 
93.99986266664997 67.0 
93.99986266664997 68.0 
93.99986266664997 69.0 
93.99986266664997 71.0 
93.99986266664997 70.0 
93.99986266664997 70.0 
93.99986266664997 70.0 
93.99986266664997 69.0 
92.99996948143375 67.0 
92.99996948143375 67.0 
92.99996948143375 66.0 
92.99996948143375 66.0 
92.99996948143375 70.0 
92.99996948143375 70.0 
93.99986266664997 72.0 
93.99986266664997 71.0 
93.99986266664997 76.0 
93.99986266664997 76.0 
93.99986266664997 76.0 
93.99986266664997 78.0 
93.99986266664997 78.0 
93.99986266664997 78.0 
93.99986266664997 78.0 
93.99986266664997 78.0 
93.99986266664997 78.0 
93.99986266664997 78.0 
93.99986266664997 78.0 
93.99986266664997 78.0 
93.99986266664997 78.0 
93.99986266664997 79.0 
92.99996948143375 79.0 
91.00001525919919 79.0 
91.00001525919919 79.0 
90.00012207398296 79.0 
90.00012207398296 78.0 
89.00006103696462 77.0 
89.00006103696462 76.0 
89.00006103696462 76.0 
89.00006103696462 76.0 
89.00006103696462 77.0 
90.00012207398296 76.0 
90.00012207398296 74.0 
90.00012207398296 73.0 
89.00006103696462 74.0 
89.00006103696462 74.0 
89.00006103696462 72.0 
87.99999999994628 72.0 
87.99999999994628 71.0 
87.99999999994628 71.0 
87.99999999994628 71.0 
87.99999999994628 71.0 
87.99999999994628 70.0 
87.00010681473006 70.0 
87.99999999994628 69.0 
87.99999999994628 69.0 
89.00006103696462 70.0 
90.00012207398296 74.0 
90.00012207398296 74.0 
90.00012207398296 74.0 
91.00001525919919 73.0 
91.00001525919919 73.0 
91.00001525919919 71.0 
91.00001525919919 70.0 
91.00001525919919 70.0 
90.00012207398296 70.0 
90.00012207398296 71.0 
90.00012207398296 71.0 
90.00012207398296 71.0 
89.00006103696462 70.0 
89.00006103696462 70.0 
89.00006103696462 70.0 
89.00006103696462 71.0 
87.99999999994628 71.0 
87.99999999994628 71.0 
87.99999999994628 71.0 
87.99999999994628 71.0 
87.99999999994628 70.0 
87.99999999994628 69.0 
87.99999999994628 69.0 
89.00006103696462 72.0 
89.00006103696462 72.0 
89.00006103696462 72.0 
89.00006103696462 76.0 
89.00006103696462 76.0 
89.00006103696462 76.0 
89.00006103696462 76.0 
90.00012207398296 76.0 
90.00012207398296 74.0 
90.00012207398296 72.0 
89.00006103696462 71.0 
89.00006103696462 71.0 
89.00006103696462 70.0 
89.00006103696462 70.0 
89.00006103696462 70.0 
90.00012207398296 70.0 
90.00012207398296 70.0 
90.00012207398296 70.0 
90.00012207398296 70.0 
90.00012207398296 71.0 
92.00007629621753 73.0 
92.00007629621753 73.0 
92.00007629621753 73.0 
92.00007629621753 73.0 
92.00007629621753 73.0 
92.00007629621753 74.0 
92.00007629621753 74.0 
92.00007629621753 74.0 
92.00007629621753 75.0 
92.00007629621753 75.0 
92.00007629621753 75.0 
92.00007629621753 75.0 
92.00007629621753 75.0 
92.00007629621753 75.0 
92.00007629621753 75.0 
92.00007629621753 75.0 
92.00007629621753 76.0 
92.00007629621753 76.0 
91.00001525919919 75.0 
91.00001525919919 81.0 
92.00007629621753 82.0 
92.00007629621753 82.0 
92.00007629621753 82.0 
92.00007629621753 82.0 
92.00007629621753 82.0 
92.00007629621753 82.0 
92.00007629621753 82.0 
91.00001525919919 81.0 
91.00001525919919 81.0 
90.00012207398296 81.0 
90.00012207398296 81.0 
90.00012207398296 81.0 
90.00012207398296 80.0 
90.00012207398296 80.0 
90.00012207398296 79.0 
90.00012207398296 79.0 
90.00012207398296 79.0 
90.00012207398296 79.0 
90.00012207398296 79.0 
90.00012207398296 78.0 
90.00012207398296 78.0 
90.00012207398296 80.0 
90.00012207398296 80.0 
90.00012207398296 83.0 
90.00012207398296 83.0 
90.00012207398296 83.0 
90.00012207398296 86.0 
90.00012207398296 86.0 
91.00001525919919 87.0 
91.00001525919919 87.0 
91.00001525919919 87.0 
91.00001525919919 87.0 
91.00001525919919 87.0 
91.00001525919919 87.0 
91.00001525919919 88.0 
91.00001525919919 88.0 
91.00001525919919 88.0 
91.00001525919919 87.0 
91.00001525919919 87.0 
91.00001525919919 86.0 
91.00001525919919 82.0 
90.00012207398296 77.0 
90.00012207398296 77.0 
90.00012207398296 77.0 
90.00012207398296 78.0 
91.00001525919919 77.0 
91.00001525919919 76.0 
91.00001525919919 76.0 
91.00001525919919 76.0 
91.00001525919919 76.0 
91.00001525919919 75.0 
91.00001525919919 75.0 
91.00001525919919 76.0 
91.00001525919919 76.0 
91.00001525919919 76.0 
91.00001525919919 76.0 
91.00001525919919 76.0 
91.00001525919919 76.0 
91.00001525919919 76.0 
91.00001525919919 76.0 
91.00001525919919 76.0 
91.00001525919919 76.0 
91.00001525919919 76.0 
91.00001525919919 76.0 
91.00001525919919 76.0 
91.00001525919919 77.0 
91.00001525919919 77.0 
91.00001525919919 78.0 
91.00001525919919 78.0 
91.00001525919919 78.0 
91.00001525919919 79.0 
91.00001525919919 79.0 
91.00001525919919 81.0 
91.00001525919919 81.0 
91.00001525919919 81.0 
91.00001525919919 81.0 
91.00001525919919 81.0 
91.00001525919919 81.0 
91.00001525919919 81.0 
91.00001525919919 82.0 
91.00001525919919 82.0 
91.00001525919919 82.0 
91.00001525919919 82.0 
91.00001525919919 82.0 
91.00001525919919 82.0 
91.00001525919919 82.0 
91.00001525919919 82.0 
91.00001525919919 82.0 
91.00001525919919 85.0 
91.00001525919919 85.0 
91.00001525919919 85.0 
91.00001525919919 87.0 
91.00001525919919 88.0 
91.00001525919919 88.0 
91.00001525919919 88.0 
91.00001525919919 88.0 
91.00001525919919 88.0 
91.00001525919919 88.0 
91.00001525919919 87.0 
92.00007629621753 87.0 
92.00007629621753 85.0 
92.00007629621753 82.0 
92.00007629621753 82.0 
92.00007629621753 82.0 
92.00007629621753 82.0 
92.00007629621753 84.0 
92.99996948143375 90.0 
92.99996948143375 90.0 
92.99996948143375 97.0 
92.00007629621753 101.0 
92.00007629621753 101.0 
92.00007629621753 102.0 
92.00007629621753 102.0 
92.00007629621753 102.0 
92.00007629621753 102.0 
92.00007629621753 103.0 
92.00007629621753 103.0 
92.00007629621753 103.0 
92.00007629621753 103.0 
92.00007629621753 103.0 
92.00007629621753 103.0 
92.00007629621753 103.0 
92.00007629621753 103.0 
92.00007629621753 103.0 
92.00007629621753 103.0 
92.00007629621753 103.0 
92.00007629621753 103.0 
92.00007629621753 103.0 
92.00007629621753 103.0 
92.00007629621753 103.0 
92.00007629621753 103.0 
92.00007629621753 103.0 
92.00007629621753 102.0 
92.00007629621753 101.0 
92.00007629621753 101.0 
92.00007629621753 101.0 
92.00007629621753 101.0 
92.00007629621753 101.0 
92.00007629621753 101.0 
92.00007629621753 102.0 
92.00007629621753 102.0 
92.00007629621753 102.0 
92.00007629621753 102.0 
92.00007629621753 102.0 
92.00007629621753 103.0 
92.00007629621753 103.0 
92.00007629621753 103.0 
92.00007629621753 103.0 
92.00007629621753 103.0 
92.00007629621753 104.0 
92.99996948143375 106.0 
92.99996948143375 106.0 
92.99996948143375 106.0 
92.99996948143375 108.0 
92.99996948143375 108.0 
92.99996948143375 108.0 
92.99996948143375 108.0 
92.99996948143375 108.0 
92.99996948143375 108.0 
92.99996948143375 108.0 
92.99996948143375 108.0 
92.99996948143375 108.0 
92.99996948143375 108.0 
92.99996948143375 106.0 
92.99996948143375 105.0 
92.99996948143375 104.0 
92.99996948143375 104.0 
92.99996948143375 104.0 
92.99996948143375 104.0 
92.99996948143375 105.0 
94.99992370366833 105.0 
94.99992370366833 104.0 
93.99986266664997 104.0 
93.99986266664997 104.0 
93.99986266664997 104.0 
93.99986266664997 105.0 
93.99986266664997 105.0 
93.99986266664997 105.0 
93.99986266664997 106.0 
93.99986266664997 107.0 
93.99986266664997 107.0 
93.99986266664997 107.0 
93.99986266664997 107.0 
93.99986266664997 107.0 
93.99986266664997 108.0 
93.99986266664997 108.0 
93.99986266664997 109.0 
93.99986266664997 109.0 
93.99986266664997 109.0 
93.99986266664997 109.0 
93.99986266664997 109.0 
93.99986266664997 109.0 
93.99986266664997 112.0 
93.99986266664997 112.0 
93.99986266664997 113.0 
93.99986266664997 113.0 
93.99986266664997 114.0 
93.99986266664997 114.0 
93.99986266664997 114.0 
93.99986266664997 114.0 
93.99986266664997 114.0 
93.99986266664997 114.0 
93.99986266664997 115.0 
93.99986266664997 115.0 
94.99992370366833 115.0 
94.99992370366833 115.0 
94.99992370366833 115.0 
94.99992370366833 115.0 
94.99992370366833 114.0 
94.99992370366833 115.0 
94.99992370366833 115.0 
94.99992370366833 115.0 
94.99992370366833 114.0 
94.99992370366833 113.0 
93.99986266664997 112.0 
93.99986266664997 112.0 
93.99986266664997 112.0 
93.99986266664997 112.0 
93.99986266664997 112.0 
93.99986266664997 111.0 
92.99996948143375 91.0 
93.99986266664997 86.0 
93.99986266664997 83.0 
93.99986266664997 80.0 
93.99986266664997 78.0 
94.99992370366833 76.0 
93.99986266664997 75.0 
94.99992370366833 74.0 
93.99986266664997 73.0 
93.99986266664997 73.0 
92.99996948143375 74.0 
92.99996948143375 73.0 
93.99986266664997 73.0 
93.99986266664997 70.0 
93.99986266664997 69.0 
92.99996948143375 67.0 
92.99996948143375 67.0 
92.99996948143375 67.0 
92.99996948143375 69.0 
92.99996948143375 69.0 
92.99996948143375 72.0 
92.99996948143375 73.0 
92.99996948143375 73.0 
93.99986266664997 72.0 
93.99986266664997 71.0 
93.99986266664997 68.0 
93.99986266664997 66.0 
93.99986266664997 65.0 
93.99986266664997 65.0 
93.99986266664997 64.0 
93.99986266664997 63.0 
93.99986266664997 62.0 
93.99986266664997 62.0 
93.99986266664997 61.0 
93.99986266664997 60.0 
93.99986266664997 60.0 
93.99986266664997 60.0 
93.99986266664997 60.0 
93.99986266664997 59.0 
93.99986266664997 59.0 
94.99992370366833 59.0 
94.99992370366833 59.0 
94.99992370366833 59.0 
94.99992370366833 59.0 
94.99992370366833 59.0 
93.99986266664997 59.0 
93.99986266664997 59.0 
93.99986266664997 59.0 
93.99986266664997 59.0 
93.99986266664997 59.0 
93.99986266664997 61.0 
93.99986266664997 61.0 
93.99986266664997 61.0 
93.99986266664997 64.0 
93.99986266664997 64.0 
93.99986266664997 65.0 
93.99986266664997 65.0 
93.99986266664997 67.0 
93.99986266664997 67.0 
93.99986266664997 68.0 
93.99986266664997 68.0 
93.99986266664997 68.0 
93.99986266664997 67.0 
93.99986266664997 67.0 
93.99986266664997 67.0 
93.99986266664997 67.0 
92.99996948143375 67.0 
92.99996948143375 69.0 
92.99996948143375 69.0 
92.99996948143375 70.0 
92.99996948143375 71.0 
92.99996948143375 72.0 
92.99996948143375 71.0 
92.99996948143375 70.0 
92.99996948143375 69.0 
92.99996948143375 69.0 
92.99996948143375 68.0 
92.99996948143375 68.0 
92.99996948143375 68.0 
92.99996948143375 67.0 
92.99996948143375 66.0 
92.99996948143375 66.0 
92.99996948143375 66.0 
92.99996948143375 65.0 
92.99996948143375 65.0 
92.99996948143375 65.0 
93.99986266664997 65.0 
93.99986266664997 64.0 
92.99996948143375 64.0 
92.99996948143375 65.0 
92.99996948143375 65.0 
92.99996948143375 65.0 
92.99996948143375 65.0 
92.99996948143375 65.0 
92.99996948143375 65.0 
92.99996948143375 65.0 
92.99996948143375 65.0 
92.99996948143375 64.0 
93.99986266664997 64.0 
92.99996948143375 64.0 
92.99996948143375 64.0 
92.99996948143375 65.0 
93.99986266664997 66.0 
93.99986266664997 66.0 
93.99986266664997 67.0 
93.99986266664997 67.0 
92.99996948143375 66.0 
92.99996948143375 66.0 
92.99996948143375 67.0 
92.99996948143375 66.0 
92.99996948143375 65.0 
93.99986266664997 65.0 
93.99986266664997 65.0 
93.99986266664997 65.0 
93.99986266664997 64.0 
93.99986266664997 65.0 
93.99986266664997 66.0 
93.99986266664997 66.0 
93.99986266664997 66.0 
93.99986266664997 67.0 
93.99986266664997 66.0 
93.99986266664997 66.0 
93.99986266664997 66.0 
93.99986266664997 66.0 
93.99986266664997 67.0 
92.99996948143375 70.0 
92.99996948143375 70.0 
92.99996948143375 73.0 
92.99996948143375 74.0 
92.99996948143375 74.0 
92.99996948143375 72.0 
92.99996948143375 72.0 
92.99996948143375 72.0 
92.99996948143375 72.0 
93.99986266664997 71.0 
93.99986266664997 71.0 
93.99986266664997 70.0 
93.99986266664997 70.0 
93.99986266664997 71.0 
93.99986266664997 71.0 
93.99986266664997 70.0 
93.99986266664997 70.0 
93.99986266664997 71.0 
93.99986266664997 70.0 
93.99986266664997 70.0 
93.99986266664997 70.0 
92.99996948143375 70.0 
93.99986266664997 70.0 
93.99986266664997 70.0 
93.99986266664997 69.0 
93.99986266664997 69.0 
93.99986266664997 68.0 
93.99986266664997 69.0 
93.99986266664997 68.0 
92.99996948143375 69.0 
92.99996948143375 70.0 
92.99996948143375 70.0 
93.99986266664997 70.0 
93.99986266664997 70.0 
93.99986266664997 70.0 
92.99996948143375 69.0 
92.99996948143375 69.0 
92.99996948143375 69.0 
92.99996948143375 69.0 
92.99996948143375 69.0 
92.99996948143375 69.0 
92.99996948143375 69.0 
92.99996948143375 69.0 
92.99996948143375 69.0 
92.99996948143375 70.0 
92.99996948143375 70.0 
92.99996948143375 70.0 
92.99996948143375 69.0 
92.99996948143375 69.0 
92.99996948143375 69.0 
92.99996948143375 69.0 
92.99996948143375 70.0 
92.99996948143375 70.0 
93.99986266664997 70.0 
93.99986266664997 71.0 
93.99986266664997 71.0 
92.99996948143375 71.0 
92.99996948143375 71.0 
92.99996948143375 72.0 
92.99996948143375 72.0 
92.99996948143375 73.0 
92.99996948143375 74.0 
92.99996948143375 73.0 
92.99996948143375 73.0 
92.99996948143375 73.0 
92.99996948143375 72.0 
92.99996948143375 72.0 
92.99996948143375 71.0 
92.99996948143375 70.0 
92.99996948143375 70.0 
92.99996948143375 69.0 
92.99996948143375 69.0 
92.99996948143375 69.0 
93.99986266664997 69.0 
92.99996948143375 68.0 
92.99996948143375 68.0 
92.99996948143375 69.0 
92.99996948143375 69.0 
92.99996948143375 69.0 
92.99996948143375 69.0 
92.99996948143375 70.0 
92.99996948143375 69.0 
92.99996948143375 69.0 
92.99996948143375 68.0 
92.99996948143375 67.0 
92.99996948143375 67.0 
92.99996948143375 68.0 
92.99996948143375 67.0 
92.99996948143375 66.0 
92.99996948143375 65.0 
92.99996948143375 65.0 
92.99996948143375 64.0 
92.99996948143375 64.0 
92.99996948143375 63.0 
92.99996948143375 64.0 
92.99996948143375 64.0 
92.99996948143375 64.0 
92.99996948143375 64.0 
92.99996948143375 64.0 
92.99996948143375 64.0 
92.99996948143375 63.0 
92.99996948143375 65.0 
92.99996948143375 64.0 
92.99996948143375 64.0 
92.99996948143375 65.0 
92.99996948143375 66.0 
92.99996948143375 65.0 
92.99996948143375 65.0 
92.99996948143375 66.0 
92.99996948143375 66.0 
92.99996948143375 66.0 
92.99996948143375 66.0 
92.99996948143375 66.0 
92.99996948143375 66.0 
92.99996948143375 66.0 
92.99996948143375 67.0 
92.99996948143375 67.0 
92.99996948143375 67.0 
92.99996948143375 67.0 
92.99996948143375 67.0 
92.99996948143375 67.0 
92.99996948143375 66.0 
92.99996948143375 66.0 
92.99996948143375 67.0 
92.99996948143375 67.0 
92.99996948143375 67.0 
92.99996948143375 68.0 
92.99996948143375 68.0 
92.99996948143375 68.0 
92.99996948143375 68.0 
92.99996948143375 68.0 
92.99996948143375 67.0 
92.99996948143375 67.0 
92.99996948143375 67.0 
92.99996948143375 67.0 
92.99996948143375 67.0 
92.99996948143375 66.0 
92.99996948143375 66.0 
92.99996948143375 66.0 
92.99996948143375 66.0 
92.99996948143375 66.0 
92.99996948143375 67.0 
92.99996948143375 68.0 
92.99996948143375 68.0 
92.99996948143375 68.0 
92.99996948143375 68.0 
92.99996948143375 68.0 
92.99996948143375 68.0 
92.99996948143375 68.0 
92.99996948143375 68.0 
92.99996948143375 68.0 
92.99996948143375 69.0 
92.99996948143375 68.0 
92.99996948143375 68.0 
92.99996948143375 68.0 
92.99996948143375 69.0 
92.99996948143375 69.0 
92.99996948143375 70.0 
92.99996948143375 70.0 
92.99996948143375 69.0 
92.99996948143375 69.0 
92.99996948143375 69.0 
92.99996948143375 68.0 
92.99996948143375 68.0 
92.99996948143375 68.0 
92.99996948143375 68.0 
92.99996948143375 68.0 
92.99996948143375 68.0 
92.99996948143375 68.0 
92.99996948143375 69.0 
92.99996948143375 69.0 
92.99996948143375 69.0 
92.99996948143375 70.0 
92.99996948143375 70.0 
92.99996948143375 70.0 
92.99996948143375 71.0 
93.99986266664997 75.0 
93.99986266664997 73.0 
93.99986266664997 74.0 
92.99996948143375 77.0 
92.00007629621753 77.0 
92.00007629621753 77.0 
92.00007629621753 77.0 
92.00007629621753 77.0 
92.00007629621753 77.0 
92.00007629621753 78.0 
92.00007629621753 78.0 
92.99996948143375 81.0 
92.99996948143375 81.0 
92.99996948143375 89.0 
92.99996948143375 89.0 
92.99996948143375 89.0 
92.99996948143375 89.0 
92.99996948143375 89.0 
92.99996948143375 89.0 
92.00007629621753 89.0 
92.00007629621753 89.0 
92.00007629621753 85.0 
92.99996948143375 82.0 
92.99996948143375 82.0 
92.99996948143375 82.0 
92.99996948143375 82.0 
92.99996948143375 82.0 
92.99996948143375 80.0 
92.99996948143375 80.0 
92.99996948143375 79.0 
92.99996948143375 79.0 
92.99996948143375 78.0 
92.99996948143375 75.0 
92.99996948143375 75.0 
92.99996948143375 75.0 
92.99996948143375 75.0 
92.99996948143375 75.0 
92.99996948143375 75.0 
92.99996948143375 75.0 
92.99996948143375 75.0 
92.99996948143375 74.0 
92.99996948143375 74.0 
92.99996948143375 73.0 
92.99996948143375 73.0 
92.99996948143375 73.0 
92.99996948143375 73.0 
92.99996948143375 72.0 
92.99996948143375 72.0 
92.99996948143375 71.0 
92.99996948143375 70.0 
92.99996948143375 69.0 
92.99996948143375 68.0 
92.99996948143375 67.0 
92.99996948143375 67.0 
92.99996948143375 68.0 
93.99986266664997 68.0 
93.99986266664997 74.0 
93.99986266664997 74.0 
93.99986266664997 75.0 
93.99986266664997 74.0 
93.99986266664997 74.0 
93.99986266664997 71.0 
93.99986266664997 71.0 
93.99986266664997 71.0 
93.99986266664997 71.0 
93.99986266664997 71.0 
93.99986266664997 70.0 
93.99986266664997 70.0 
93.99986266664997 69.0 
93.99986266664997 69.0 
92.99996948143375 70.0 
92.99996948143375 72.0 
92.99996948143375 72.0 
92.99996948143375 72.0 
92.99996948143375 72.0 
92.99996948143375 72.0 
92.99996948143375 72.0 
92.99996948143375 72.0 
92.99996948143375 72.0 
92.99996948143375 72.0 
93.99986266664997 74.0 
93.99986266664997 74.0 
93.99986266664997 75.0 
93.99986266664997 74.0 
93.99986266664997 74.0 
92.99996948143375 74.0 
93.99986266664997 74.0 
93.99986266664997 74.0 
93.99986266664997 75.0 
93.99986266664997 75.0 
93.99986266664997 74.0 
93.99986266664997 73.0 
93.99986266664997 73.0 
93.99986266664997 73.0 
93.99986266664997 74.0 
92.99996948143375 74.0 
92.99996948143375 77.0 
92.99996948143375 79.0 
93.99986266664997 80.0 
93.99986266664997 79.0 
92.99996948143375 80.0 
92.99996948143375 77.0 
92.99996948143375 77.0 
92.99996948143375 75.0 
93.99986266664997 77.0 
93.99986266664997 80.0 
93.99986266664997 81.0 
93.99986266664997 78.0 
93.99986266664997 77.0 
93.99986266664997 76.0 
93.99986266664997 75.0 
93.99986266664997 76.0 
93.99986266664997 75.0 
93.99986266664997 75.0 
93.99986266664997 75.0 
93.99986266664997 74.0 
93.99986266664997 73.0 
93.99986266664997 71.0 
93.99986266664997 70.0 
92.99996948143375 69.0 
92.99996948143375 69.0 
92.99996948143375 69.0 
92.99996948143375 70.0 
92.99996948143375 70.0 
92.99996948143375 70.0 
93.99986266664997 69.0 
93.99986266664997 69.0 
93.99986266664997 69.0 
93.99986266664997 69.0 
93.99986266664997 68.0 
93.99986266664997 68.0 
92.99996948143375 68.0 
92.99996948143375 68.0 
92.99996948143375 68.0 
92.99996948143375 68.0 
92.99996948143375 68.0 
93.99986266664997 68.0 
93.99986266664997 67.0 
93.99986266664997 67.0 
93.99986266664997 67.0 
92.99996948143375 67.0 
93.99986266664997 67.0 
93.99986266664997 68.0 
93.99986266664997 73.0 
93.99986266664997 73.0 
93.99986266664997 73.0 
93.99986266664997 73.0 
93.99986266664997 74.0 
93.99986266664997 71.0 
93.99986266664997 71.0 
93.99986266664997 71.0 
93.99986266664997 70.0 
92.99996948143375 70.0 
93.99986266664997 70.0 
93.99986266664997 70.0 
93.99986266664997 69.0 
93.99986266664997 68.0 
93.99986266664997 68.0 
93.99986266664997 68.0 
93.99986266664997 68.0 
94.99992370366833 67.0 
94.99992370366833 67.0 
94.99992370366833 68.0 
94.99992370366833 68.0 
93.99986266664997 68.0 
93.99986266664997 68.0 
93.99986266664997 68.0 
93.99986266664997 68.0 
93.99986266664997 68.0 
93.99986266664997 67.0 
93.99986266664997 67.0 
93.99986266664997 66.0 
93.99986266664997 66.0 
93.99986266664997 66.0 
92.99996948143375 66.0 
92.99996948143375 65.0 
92.99996948143375 65.0 
93.99986266664997 65.0 
93.99986266664997 66.0 
93.99986266664997 66.0 
93.99986266664997 65.0 
93.99986266664997 65.0 
93.99986266664997 66.0 
93.99986266664997 65.0 
93.99986266664997 65.0 
93.99986266664997 65.0 
93.99986266664997 65.0 
93.99986266664997 65.0 
93.99986266664997 66.0 
93.99986266664997 67.0 
92.99996948143375 67.0 
92.99996948143375 68.0 
92.99996948143375 68.0 
92.99996948143375 68.0 
92.99996948143375 67.0 
93.99986266664997 67.0 
93.99986266664997 68.0 
93.99986266664997 68.0 
93.99986266664997 67.0 
93.99986266664997 67.0 
93.99986266664997 67.0 
93.99986266664997 67.0 
93.99986266664997 67.0 
93.99986266664997 67.0 
93.99986266664997 67.0 
93.99986266664997 67.0 
93.99986266664997 67.0 
93.99986266664997 67.0 
93.99986266664997 66.0 
93.99986266664997 65.0 
93.99986266664997 65.0 
93.99986266664997 65.0 
93.99986266664997 65.0 
93.99986266664997 65.0 
93.99986266664997 65.0 
93.99986266664997 65.0 
93.99986266664997 65.0 
93.99986266664997 65.0 
93.99986266664997 65.0 
93.99986266664997 65.0 
93.99986266664997 65.0 
93.99986266664997 65.0 
93.99986266664997 65.0 
93.99986266664997 65.0 
93.99986266664997 65.0 
93.99986266664997 65.0 
93.99986266664997 65.0 
93.99986266664997 65.0 
93.99986266664997 65.0 
93.99986266664997 65.0 
93.99986266664997 66.0 
93.99986266664997 66.0 
93.99986266664997 66.0 
93.99986266664997 67.0 
93.99986266664997 67.0 
93.99986266664997 66.0 
93.99986266664997 66.0 
93.99986266664997 65.0 
93.99986266664997 65.0 
93.99986266664997 65.0 
93.99986266664997 66.0 
93.99986266664997 66.0 
93.99986266664997 66.0 
93.99986266664997 66.0 
93.99986266664997 66.0 
93.99986266664997 66.0 
93.99986266664997 66.0 
93.99986266664997 66.0 
93.99986266664997 65.0 
93.99986266664997 65.0 
93.99986266664997 65.0 
93.99986266664997 65.0 
93.99986266664997 65.0 
93.99986266664997 66.0 
93.99986266664997 66.0 
92.99996948143375 67.0 
92.99996948143375 67.0 
92.99996948143375 67.0 
92.99996948143375 67.0 
92.99996948143375 67.0 
92.99996948143375 67.0 
92.99996948143375 68.0 
92.99996948143375 68.0 
92.99996948143375 69.0 
92.00007629621753 69.0 
92.00007629621753 70.0 
92.00007629621753 70.0 
92.00007629621753 71.0 
92.00007629621753 71.0 
92.00007629621753 72.0 
92.00007629621753 72.0 
92.00007629621753 72.0 
92.00007629621753 72.0 
92.00007629621753 72.0 
92.00007629621753 72.0 
92.00007629621753 72.0 
92.00007629621753 72.0 
92.00007629621753 72.0 
92.00007629621753 72.0 
92.00007629621753 72.0 
92.00007629621753 71.0 
92.00007629621753 70.0 
92.99996948143375 70.0 
93.99986266664997 69.0 
93.99986266664997 69.0 
93.99986266664997 68.0 
93.99986266664997 67.0 
94.99992370366833 67.0 
94.99992370366833 66.0 
94.99992370366833 66.0 
94.99992370366833 66.0 
95.99998474068667 66.0 
95.99998474068667 67.0 
95.99998474068667 67.0 
94.99992370366833 67.0 
94.99992370366833 67.0 
94.99992370366833 67.0 
94.99992370366833 67.0 
94.99992370366833 66.0 
94.99992370366833 66.0 
94.99992370366833 66.0 
93.99986266664997 66.0 
93.99986266664997 66.0 
93.99986266664997 66.0 
93.99986266664997 66.0 
93.99986266664997 66.0 
93.99986266664997 66.0 
93.99986266664997 66.0 
92.99996948143375 66.0 
92.99996948143375 65.0 
93.99986266664997 65.0 
93.99986266664997 65.0 
93.99986266664997 65.0 
93.99986266664997 65.0 
93.99986266664997 65.0 
93.99986266664997 65.0 
93.99986266664997 65.0 
93.99986266664997 65.0 
93.99986266664997 67.0 
94.99992370366833 67.0 
94.99992370366833 68.0 
93.99986266664997 68.0 
93.99986266664997 69.0 
93.99986266664997 69.0 
93.99986266664997 69.0 
93.99986266664997 68.0 
93.99986266664997 68.0 
93.99986266664997 67.0 
93.99986266664997 66.0 
93.99986266664997 65.0 
93.99986266664997 65.0 
93.99986266664997 64.0 
93.99986266664997 64.0 
93.99986266664997 63.0 
93.99986266664997 63.0 
93.99986266664997 63.0 
93.99986266664997 62.0 
93.99986266664997 62.0 
93.99986266664997 62.0 
93.99986266664997 63.0 
93.99986266664997 63.0 
93.99986266664997 64.0 
93.99986266664997 64.0 
93.99986266664997 64.0 
93.99986266664997 65.0 
93.99986266664997 65.0 
93.99986266664997 65.0 
93.99986266664997 65.0 
93.99986266664997 65.0 
93.99986266664997 65.0 
93.99986266664997 66.0 
93.99986266664997 66.0 
93.99986266664997 66.0 
93.99986266664997 66.0 
92.99996948143375 65.0 
92.99996948143375 65.0 
92.99996948143375 65.0 
92.99996948143375 65.0 
92.99996948143375 64.0 
92.99996948143375 65.0 
92.99996948143375 65.0 
92.99996948143375 65.0 
93.99986266664997 65.0 
93.99986266664997 65.0 
93.99986266664997 65.0 
93.99986266664997 65.0 
93.99986266664997 65.0 
93.99986266664997 66.0 
93.99986266664997 66.0 
93.99986266664997 66.0 
93.99986266664997 66.0 
93.99986266664997 65.0 
92.99996948143375 65.0 
92.99996948143375 65.0 
92.99996948143375 65.0 
93.99986266664997 65.0 
93.99986266664997 66.0 
93.99986266664997 66.0 
93.99986266664997 67.0 
93.99986266664997 67.0 
93.99986266664997 67.0 
93.99986266664997 68.0 
93.99986266664997 69.0 
93.99986266664997 69.0 
92.99996948143375 70.0 
92.99996948143375 71.0 
92.99996948143375 70.0 
92.99996948143375 70.0 
92.99996948143375 69.0 
92.99996948143375 69.0 
92.99996948143375 67.0 
92.99996948143375 67.0 
92.99996948143375 68.0 
92.99996948143375 71.0 
93.99986266664997 71.0 
92.99996948143375 73.0 
96.9998779259029 73.0 
97.99993896292123 74.0 
97.99993896292123 74.0 
97.99993896292123 74.0 
97.99993896292123 74.0 
95.99998474068667 74.0 
94.99992370366833 74.0 
94.99992370366833 74.0 
93.99986266664997 73.0 
93.99986266664997 73.0 
93.99986266664997 72.0 
92.99996948143375 72.0 
92.99996948143375 73.0 
92.99996948143375 73.0 
92.99996948143375 73.0 
92.99996948143375 70.0 
92.99996948143375 69.0 
92.99996948143375 68.0 
92.99996948143375 67.0 
92.99996948143375 66.0 
92.99996948143375 65.0 
92.99996948143375 65.0 
92.99996948143375 65.0 
92.99996948143375 65.0 
92.99996948143375 65.0 
93.99986266664997 65.0 
93.99986266664997 65.0 
93.99986266664997 64.0 
93.99986266664997 64.0 
93.99986266664997 64.0 
93.99986266664997 64.0 
93.99986266664997 64.0 
93.99986266664997 64.0 
93.99986266664997 64.0 
93.99986266664997 64.0 
93.99986266664997 65.0 
93.99986266664997 66.0 
93.99986266664997 67.0 
93.99986266664997 68.0 
92.99996948143375 68.0 
92.99996948143375 68.0 
92.99996948143375 67.0 
92.99996948143375 67.0 
92.99996948143375 66.0 
92.99996948143375 66.0 
92.99996948143375 65.0 
92.99996948143375 65.0 
92.99996948143375 65.0 
92.99996948143375 64.0 
92.00007629621753 63.0 
92.00007629621753 61.0 
92.00007629621753 61.0 
92.00007629621753 61.0 
92.00007629621753 61.0 
92.00007629621753 60.0 
91.00001525919919 60.0 
91.00001525919919 60.0 
91.00001525919919 60.0 
91.00001525919919 60.0 
91.00001525919919 60.0 
91.00001525919919 60.0 
92.00007629621753 60.0 
92.00007629621753 60.0 
92.00007629621753 61.0 
92.00007629621753 61.0 
92.00007629621753 60.0 
92.00007629621753 61.0 
92.00007629621753 61.0 
92.00007629621753 60.0 
92.00007629621753 60.0 
92.00007629621753 61.0 
92.00007629621753 61.0 
92.00007629621753 63.0 
91.00001525919919 63.0 
91.00001525919919 64.0 
91.00001525919919 64.0 
91.00001525919919 65.0 
91.00001525919919 65.0 
91.00001525919919 65.0 
91.00001525919919 65.0 
91.00001525919919 64.0 
91.00001525919919 66.0 
91.00001525919919 65.0 
92.00007629621753 65.0 
92.00007629621753 65.0 
92.00007629621753 65.0 
92.00007629621753 65.0 
92.00007629621753 65.0 
92.00007629621753 64.0 
92.00007629621753 64.0 
92.00007629621753 65.0 
92.00007629621753 65.0 
92.00007629621753 65.0 
92.00007629621753 66.0 
92.00007629621753 65.0 
92.00007629621753 66.0 
92.00007629621753 66.0 
92.99996948143375 66.0 
92.99996948143375 66.0 
92.00007629621753 66.0 
92.00007629621753 67.0 
92.00007629621753 68.0 
92.00007629621753 68.0 
92.00007629621753 68.0 
92.00007629621753 69.0 
92.00007629621753 69.0 
92.00007629621753 68.0 
92.00007629621753 69.0 
92.00007629621753 69.0 
92.00007629621753 69.0 
92.99996948143375 69.0 
92.99996948143375 69.0 
92.99996948143375 68.0 
92.99996948143375 68.0 
92.99996948143375 67.0 
92.99996948143375 68.0 
92.99996948143375 69.0 
92.99996948143375 69.0 
92.99996948143375 70.0 
92.99996948143375 69.0 
92.99996948143375 68.0 
92.99996948143375 67.0 
92.99996948143375 65.0 
92.99996948143375 64.0 
92.99996948143375 64.0 
92.99996948143375 64.0 
92.99996948143375 64.0 
92.99996948143375 65.0 
92.99996948143375 65.0 
93.99986266664997 65.0 
93.99986266664997 65.0 
93.99986266664997 65.0 
93.99986266664997 65.0 
93.99986266664997 64.0 
93.99986266664997 63.0 
93.99986266664997 63.0 
93.99986266664997 62.0 
93.99986266664997 61.0 
93.99986266664997 61.0 
93.99986266664997 60.0 
93.99986266664997 60.0 
93.99986266664997 60.0 
92.99996948143375 60.0 
92.99996948143375 60.0 
92.99996948143375 59.0 
93.99986266664997 59.0 
93.99986266664997 59.0 
93.99986266664997 58.0 
93.99986266664997 58.0 
93.99986266664997 58.0 
93.99986266664997 58.0 
93.99986266664997 58.0 
93.99986266664997 58.0 
93.99986266664997 59.0 
93.99986266664997 59.0 
94.99992370366833 59.0 
94.99992370366833 59.0 
94.99992370366833 59.0 
94.99992370366833 59.0 
94.99992370366833 59.0 
94.99992370366833 59.0 
94.99992370366833 59.0 
94.99992370366833 60.0 
94.99992370366833 60.0 
94.99992370366833 60.0 
94.99992370366833 60.0 
93.99986266664997 60.0 
93.99986266664997 60.0 
93.99986266664997 60.0 
93.99986266664997 61.0 
93.99986266664997 61.0 
93.99986266664997 61.0 
93.99986266664997 62.0 
93.99986266664997 62.0 
93.99986266664997 62.0 
93.99986266664997 62.0 
93.99986266664997 61.0 
93.99986266664997 61.0 
93.99986266664997 61.0 
93.99986266664997 62.0 
93.99986266664997 62.0 
93.99986266664997 62.0 
93.99986266664997 62.0 
92.99996948143375 63.0 
92.99996948143375 63.0 
92.99996948143375 62.0 
92.99996948143375 63.0 
92.99996948143375 63.0 
92.99996948143375 64.0 
92.99996948143375 65.0 
93.99986266664997 67.0 
93.99986266664997 67.0 
93.99986266664997 69.0 
93.99986266664997 69.0 
93.99986266664997 69.0 
93.99986266664997 69.0 
93.99986266664997 68.0 
93.99986266664997 68.0 
93.99986266664997 67.0 
93.99986266664997 66.0 
93.99986266664997 65.0 
93.99986266664997 66.0 
93.99986266664997 65.0 
93.99986266664997 64.0 
93.99986266664997 64.0 
94.99992370366833 64.0 
94.99992370366833 64.0 
94.99992370366833 63.0 
94.99992370366833 63.0 
94.99992370366833 63.0 
94.99992370366833 62.0 
94.99992370366833 62.0 
94.99992370366833 62.0 
93.99986266664997 62.0 
93.99986266664997 62.0 
93.99986266664997 62.0 
93.99986266664997 62.0 
93.99986266664997 63.0 
93.99986266664997 62.0 
93.99986266664997 62.0 
93.99986266664997 63.0 
93.99986266664997 63.0 
93.99986266664997 63.0 
93.99986266664997 64.0 
93.99986266664997 64.0 
93.99986266664997 64.0 
94.99992370366833 64.0 
94.99992370366833 64.0 
94.99992370366833 64.0 
93.99986266664997 63.0 
93.99986266664997 63.0 
93.99986266664997 63.0 
93.99986266664997 63.0 
93.99986266664997 63.0 
93.99986266664997 63.0 
93.99986266664997 63.0 
93.99986266664997 64.0 
93.99986266664997 64.0 
93.99986266664997 64.0 
93.99986266664997 65.0 
93.99986266664997 64.0 
93.99986266664997 64.0 
93.99986266664997 64.0 
93.99986266664997 65.0 
93.99986266664997 65.0 
93.99986266664997 65.0 
93.99986266664997 65.0 
93.99986266664997 64.0 
93.99986266664997 64.0 
93.99986266664997 64.0 
93.99986266664997 63.0 
93.99986266664997 63.0 
93.99986266664997 64.0 
93.99986266664997 64.0 
93.99986266664997 66.0 
93.99986266664997 66.0 
93.99986266664997 66.0 
93.99986266664997 66.0 
93.99986266664997 66.0 
93.99986266664997 65.0 
93.99986266664997 65.0 
93.99986266664997 65.0 
93.99986266664997 65.0 
93.99986266664997 64.0 
93.99986266664997 65.0 
93.99986266664997 65.0 
93.99986266664997 65.0 
93.99986266664997 65.0 
93.99986266664997 65.0 
93.99986266664997 64.0 
93.99986266664997 63.0 
93.99986266664997 63.0 
93.99986266664997 63.0 
93.99986266664997 63.0 
93.99986266664997 63.0 
93.99986266664997 64.0 
93.99986266664997 64.0 
93.99986266664997 64.0 
93.99986266664997 65.0 
93.99986266664997 65.0 
93.99986266664997 64.0 
93.99986266664997 65.0 
92.99996948143375 65.0 
92.99996948143375 64.0 
92.99996948143375 64.0 
92.99996948143375 64.0 
92.99996948143375 64.0 
92.99996948143375 64.0 
92.99996948143375 64.0 
92.99996948143375 64.0 
92.99996948143375 64.0 
92.99996948143375 63.0 
92.99996948143375 63.0 
92.99996948143375 64.0 
92.99996948143375 64.0 
92.99996948143375 65.0 
92.99996948143375 65.0 
92.99996948143375 66.0 
92.99996948143375 66.0 
92.99996948143375 67.0 
93.99986266664997 67.0 
94.99992370366833 72.0 
94.99992370366833 72.0 
94.99992370366833 72.0 
94.99992370366833 72.0 
94.99992370366833 73.0 
94.99992370366833 73.0 
94.99992370366833 74.0 
94.99992370366833 74.0 
93.99986266664997 75.0 
93.99986266664997 78.0 
93.99986266664997 80.0 
93.99986266664997 85.0 
93.99986266664997 92.0 
93.99986266664997 96.0 
93.99986266664997 101.0 
93.99986266664997 101.0 
94.99992370366833 106.0 
93.99986266664997 106.0 
93.99986266664997 106.0 
93.99986266664997 106.0 
93.99986266664997 106.0 
93.99986266664997 106.0 
93.99986266664997 106.0 
93.99986266664997 106.0 
93.99986266664997 106.0 
93.99986266664997 106.0 
93.99986266664997 106.0 
93.99986266664997 105.0 
94.99992370366833 105.0 
94.99992370366833 105.0 
94.99992370366833 105.0 
94.99992370366833 105.0 
94.99992370366833 105.0 
94.99992370366833 105.0 
94.99992370366833 105.0 
94.99992370366833 105.0 
94.99992370366833 105.0 
94.99992370366833 105.0 
94.99992370366833 105.0 
94.99992370366833 104.0 
94.99992370366833 103.0 
94.99992370366833 100.0 
94.99992370366833 98.0 
94.99992370366833 90.0 
94.99992370366833 83.0 
94.99992370366833 76.0 
93.99986266664997 72.0 
93.99986266664997 69.0 
93.99986266664997 67.0 
93.99986266664997 66.0 
93.99986266664997 65.0 
93.99986266664997 64.0 
92.99996948143375 63.0 
92.99996948143375 63.0 
92.99996948143375 61.0 
92.99996948143375 60.0 
92.99996948143375 59.0 
92.99996948143375 59.0 
92.99996948143375 58.0 
92.99996948143375 59.0 
92.99996948143375 59.0 
92.99996948143375 59.0 
92.99996948143375 59.0 
92.99996948143375 59.0 
92.99996948143375 59.0 
93.99986266664997 59.0 
92.99996948143375 59.0 
92.99996948143375 59.0 
92.99996948143375 59.0 
92.99996948143375 60.0 
92.99996948143375 60.0 
92.99996948143375 61.0 
92.00007629621753 61.0 
92.00007629621753 61.0 
92.99996948143375 61.0 
92.00007629621753 61.0 
92.00007629621753 60.0 
92.00007629621753 61.0 
92.00007629621753 61.0 
92.00007629621753 61.0 
92.00007629621753 62.0 
92.99996948143375 62.0 
92.99996948143375 62.0 
92.99996948143375 62.0 
92.99996948143375 63.0 
92.99996948143375 63.0 
92.99996948143375 63.0 
92.99996948143375 64.0 
92.99996948143375 64.0 
92.99996948143375 66.0 
92.99996948143375 66.0 
92.99996948143375 67.0 
92.99996948143375 68.0 
92.99996948143375 67.0 
92.99996948143375 66.0 
92.99996948143375 66.0 
92.99996948143375 65.0 
92.99996948143375 65.0 
92.99996948143375 64.0 
92.99996948143375 64.0 
92.99996948143375 63.0 
92.99996948143375 62.0 
92.99996948143375 62.0 
92.99996948143375 61.0 
92.99996948143375 60.0 
92.99996948143375 60.0 
92.99996948143375 60.0 
92.99996948143375 60.0 
92.99996948143375 60.0 
92.99996948143375 60.0 
92.00007629621753 60.0 
92.00007629621753 60.0 
92.00007629621753 60.0 
92.00007629621753 60.0 
92.00007629621753 60.0 
92.00007629621753 61.0 
92.00007629621753 61.0 
92.00007629621753 62.0 
92.00007629621753 62.0 
92.00007629621753 62.0 
92.00007629621753 61.0 
92.00007629621753 61.0 
92.00007629621753 61.0 
92.00007629621753 61.0 
92.00007629621753 61.0 
92.00007629621753 62.0 
92.00007629621753 62.0 
91.00001525919919 62.0 
91.00001525919919 61.0 
91.00001525919919 61.0 
91.00001525919919 61.0 
91.00001525919919 60.0 
92.00007629621753 60.0 
92.00007629621753 61.0 
92.00007629621753 61.0 
92.00007629621753 62.0 
92.00007629621753 62.0 
92.00007629621753 62.0 
92.00007629621753 62.0 
92.99996948143375 61.0 
92.00007629621753 61.0 
92.00007629621753 61.0 
92.00007629621753 61.0 
92.00007629621753 61.0 
92.00007629621753 61.0 
92.00007629621753 61.0 
92.00007629621753 61.0 
92.99996948143375 62.0 
92.99996948143375 62.0 
92.99996948143375 63.0 
92.99996948143375 63.0 
92.99996948143375 63.0 
92.00007629621753 63.0 
92.00007629621753 63.0 
92.00007629621753 63.0 
92.00007629621753 63.0 
92.00007629621753 63.0 
92.00007629621753 64.0 
92.00007629621753 64.0 
92.00007629621753 65.0 
92.00007629621753 65.0 
92.00007629621753 66.0 
91.00001525919919 67.0 
92.00007629621753 67.0 
92.00007629621753 67.0 
92.00007629621753 67.0 
92.00007629621753 67.0 
92.00007629621753 67.0 
92.00007629621753 67.0 
92.99996948143375 67.0 
92.99996948143375 67.0 
92.99996948143375 67.0 
92.99996948143375 67.0 
92.99996948143375 66.0 
92.99996948143375 66.0 
93.99986266664997 65.0 
92.99996948143375 65.0 
92.99996948143375 65.0 
92.99996948143375 65.0 
92.99996948143375 65.0 
92.99996948143375 64.0 
92.99996948143375 64.0 
92.99996948143375 64.0 
92.99996948143375 63.0 
92.99996948143375 63.0 
92.99996948143375 63.0 
92.99996948143375 63.0 
92.99996948143375 63.0 
92.99996948143375 63.0 
92.99996948143375 63.0 
92.99996948143375 63.0 
92.99996948143375 63.0 
92.99996948143375 63.0 
92.99996948143375 62.0 
92.99996948143375 62.0 
92.99996948143375 62.0 
92.99996948143375 62.0 
92.99996948143375 62.0 
92.99996948143375 62.0 
92.99996948143375 62.0 
92.99996948143375 62.0 
92.99996948143375 62.0 
92.99996948143375 62.0 
92.99996948143375 62.0 
92.99996948143375 61.0 
92.99996948143375 61.0 
92.99996948143375 61.0 
92.99996948143375 61.0 
92.99996948143375 62.0 
92.99996948143375 62.0 
92.99996948143375 63.0 
92.99996948143375 63.0 
92.99996948143375 64.0 
92.99996948143375 64.0 
92.99996948143375 64.0 
92.99996948143375 64.0 
92.99996948143375 64.0 
92.99996948143375 65.0 
92.00007629621753 65.0 
92.00007629621753 65.0 
92.00007629621753 66.0 
92.00007629621753 66.0 
92.00007629621753 65.0 
92.00007629621753 65.0 
92.00007629621753 65.0 
92.00007629621753 65.0 
92.00007629621753 65.0 
92.00007629621753 65.0 
92.00007629621753 64.0 
92.00007629621753 64.0 
92.00007629621753 64.0 
92.00007629621753 64.0 
92.00007629621753 64.0 
92.00007629621753 64.0 
92.00007629621753 63.0 
92.00007629621753 63.0 
92.00007629621753 62.0 
92.99996948143375 61.0 
92.99996948143375 61.0 
92.99996948143375 61.0 
92.99996948143375 61.0 
92.99996948143375 62.0 
92.99996948143375 62.0 
92.99996948143375 62.0 
92.99996948143375 62.0 
92.99996948143375 62.0 
92.99996948143375 62.0 
92.99996948143375 61.0 
92.99996948143375 61.0 
92.99996948143375 61.0 
92.99996948143375 61.0 
92.99996948143375 61.0 
92.99996948143375 61.0 
92.99996948143375 61.0 
92.99996948143375 61.0 
92.99996948143375 61.0 
92.99996948143375 61.0 
92.99996948143375 61.0 
92.99996948143375 61.0 
92.99996948143375 61.0 
92.99996948143375 61.0 
92.99996948143375 61.0 
92.99996948143375 62.0 
92.99996948143375 62.0 
92.99996948143375 62.0 
92.99996948143375 62.0 
92.99996948143375 62.0 
92.99996948143375 62.0 
92.99996948143375 62.0 
92.99996948143375 62.0 
92.99996948143375 62.0 
92.99996948143375 63.0 
92.99996948143375 64.0 
92.99996948143375 64.0 
92.99996948143375 65.0 
92.99996948143375 65.0 
92.99996948143375 65.0 
92.00007629621753 65.0 
92.00007629621753 65.0 
92.00007629621753 65.0 
92.00007629621753 65.0 
91.00001525919919 65.0 
91.00001525919919 66.0 
91.00001525919919 66.0 
92.00007629621753 66.0 
92.00007629621753 67.0 
92.00007629621753 67.0 
92.00007629621753 66.0 
92.00007629621753 65.0 
92.00007629621753 64.0 
92.99996948143375 64.0 
92.00007629621753 63.0 
92.99996948143375 64.0 
92.00007629621753 65.0 
92.99996948143375 65.0 
92.00007629621753 65.0 
92.99996948143375 65.0 
92.99996948143375 64.0 
92.00007629621753 64.0 
92.00007629621753 63.0 
92.00007629621753 63.0 
91.00001525919919 63.0 
91.00001525919919 63.0 
91.00001525919919 63.0 
91.00001525919919 63.0 
91.00001525919919 63.0 
92.00007629621753 63.0 
92.00007629621753 64.0 
92.00007629621753 64.0 
92.99996948143375 65.0 
92.99996948143375 65.0 
92.99996948143375 65.0 
92.99996948143375 65.0 
92.99996948143375 64.0 
92.99996948143375 64.0 
92.99996948143375 64.0 
92.99996948143375 65.0 
92.99996948143375 66.0 
92.99996948143375 67.0 
92.99996948143375 68.0 
92.99996948143375 68.0 
92.99996948143375 67.0 
92.99996948143375 66.0 
92.99996948143375 66.0 
92.99996948143375 65.0 
92.99996948143375 65.0 
92.99996948143375 65.0 
92.99996948143375 65.0 
92.99996948143375 64.0 
93.99986266664997 64.0 
93.99986266664997 64.0 
93.99986266664997 63.0 
92.99996948143375 63.0 
92.99996948143375 62.0 
92.99996948143375 62.0 
92.99996948143375 62.0 
92.99996948143375 62.0 
92.99996948143375 62.0 
93.99986266664997 62.0 
93.99986266664997 62.0 
92.99996948143375 62.0 
92.99996948143375 62.0 
92.99996948143375 63.0 
92.99996948143375 63.0 
92.99996948143375 63.0 
92.99996948143375 63.0 
92.99996948143375 63.0 
92.99996948143375 62.0 
92.00007629621753 62.0 
92.00007629621753 62.0 
92.00007629621753 63.0 
92.00007629621753 64.0 
92.00007629621753 64.0 
92.00007629621753 64.0 
92.00007629621753 64.0 
92.00007629621753 64.0 
92.00007629621753 64.0 
92.00007629621753 64.0 
92.00007629621753 64.0 
94.99992370366833 66.0 
94.99992370366833 66.0 
94.99992370366833 65.0 
94.99992370366833 65.0 
94.99992370366833 65.0 
94.99992370366833 64.0 
94.99992370366833 64.0 
94.99992370366833 64.0 
94.99992370366833 64.0 
94.99992370366833 64.0 
94.99992370366833 64.0 
94.99992370366833 64.0 
94.99992370366833 64.0 
94.99992370366833 64.0 
94.99992370366833 64.0 
94.99992370366833 64.0 
94.99992370366833 65.0 
94.99992370366833 65.0 
94.99992370366833 65.0 
94.99992370366833 65.0 
94.99992370366833 65.0 
94.99992370366833 65.0 
94.99992370366833 65.0 
94.99992370366833 65.0 
94.99992370366833 66.0 
94.99992370366833 66.0 
94.99992370366833 66.0 
94.99992370366833 64.0 
94.99992370366833 62.0 
94.99992370366833 61.0 
93.99986266664997 60.0 
93.99986266664997 60.0 
93.99986266664997 60.0 
93.99986266664997 59.0 
93.99986266664997 58.0 
93.99986266664997 58.0 
93.99986266664997 57.0 
93.99986266664997 57.0 
94.99992370366833 57.0 
94.99992370366833 56.0 
94.99992370366833 56.0 
94.99992370366833 56.0 
94.99992370366833 56.0 
94.99992370366833 56.0 
94.99992370366833 56.0 
94.99992370366833 56.0 
93.99986266664997 55.0 
94.99992370366833 54.0 
94.99992370366833 54.0 
94.99992370366833 54.0 
94.99992370366833 54.0 
94.99992370366833 54.0 
94.99992370366833 54.0 
94.99992370366833 54.0 
94.99992370366833 54.0 
94.99992370366833 53.0 
93.99986266664997 53.0 
93.99986266664997 53.0 
93.99986266664997 53.0 
92.99996948143375 54.0 
92.99996948143375 55.0 
92.99996948143375 58.0 
92.99996948143375 58.0 
92.99996948143375 59.0 
93.99986266664997 60.0 
93.99986266664997 60.0 
92.99996948143375 60.0 
92.99996948143375 60.0 
92.99996948143375 60.0 
92.99996948143375 59.0 
92.00007629621753 60.0 
92.00007629621753 60.0 
92.00007629621753 60.0 
92.00007629621753 61.0 
92.00007629621753 62.0 
92.00007629621753 62.0 
92.00007629621753 63.0 
92.00007629621753 63.0 
92.00007629621753 63.0 
92.00007629621753 63.0 
92.00007629621753 64.0 
92.00007629621753 64.0 
92.00007629621753 64.0 
92.00007629621753 63.0 
92.00007629621753 62.0 
92.00007629621753 62.0 
92.00007629621753 61.0 
92.00007629621753 61.0 
92.00007629621753 60.0 
92.00007629621753 60.0 
92.00007629621753 60.0 
92.00007629621753 59.0 
92.00007629621753 59.0 
92.00007629621753 59.0 
92.00007629621753 58.0 
92.00007629621753 59.0 
92.00007629621753 58.0 
92.00007629621753 58.0 
92.00007629621753 58.0 
92.00007629621753 59.0 
92.00007629621753 59.0 
92.00007629621753 59.0 
92.99996948143375 59.0 
92.99996948143375 60.0 
92.99996948143375 60.0 
93.99986266664997 59.0 
93.99986266664997 58.0 
93.99986266664997 58.0 
93.99986266664997 57.0 
93.99986266664997 57.0 
93.99986266664997 59.0 
93.99986266664997 59.0 
94.99992370366833 61.0 
94.99992370366833 60.0 
94.99992370366833 59.0 
94.99992370366833 58.0 
94.99992370366833 58.0 
93.99986266664997 57.0 
94.99992370366833 58.0 
93.99986266664997 59.0 
93.99986266664997 61.0 
93.99986266664997 62.0 
93.99986266664997 62.0 
93.99986266664997 64.0 
93.99986266664997 63.0 
93.99986266664997 63.0 
93.99986266664997 63.0 
93.99986266664997 63.0 
93.99986266664997 63.0 
93.99986266664997 62.0 
93.99986266664997 62.0 
93.99986266664997 61.0 
93.99986266664997 61.0 
93.99986266664997 60.0 
93.99986266664997 60.0 
93.99986266664997 60.0 
93.99986266664997 59.0 
93.99986266664997 58.0 
93.99986266664997 58.0 
93.99986266664997 57.0 
93.99986266664997 57.0 
93.99986266664997 57.0 
93.99986266664997 57.0 
93.99986266664997 57.0 
93.99986266664997 56.0 
93.99986266664997 56.0 
93.99986266664997 57.0 
93.99986266664997 58.0 
93.99986266664997 58.0 
93.99986266664997 59.0 
94.99992370366833 58.0 
94.99992370366833 57.0 
94.99992370366833 57.0 
93.99986266664997 56.0 
93.99986266664997 56.0 
93.99986266664997 57.0 
93.99986266664997 57.0 
93.99986266664997 57.0 
93.99986266664997 58.0 
93.99986266664997 58.0 
93.99986266664997 58.0 
93.99986266664997 58.0 
93.99986266664997 58.0 
93.99986266664997 58.0 
94.99992370366833 58.0 
94.99992370366833 59.0 
94.99992370366833 58.0 
94.99992370366833 58.0 
94.99992370366833 58.0 
94.99992370366833 59.0 
94.99992370366833 60.0 
94.99992370366833 60.0 
94.99992370366833 61.0 
94.99992370366833 62.0 
94.99992370366833 62.0 
94.99992370366833 62.0 
94.99992370366833 63.0 
93.99986266664997 63.0 
93.99986266664997 64.0 
93.99986266664997 64.0 
93.99986266664997 65.0 
93.99986266664997 65.0 
93.99986266664997 67.0 
93.99986266664997 68.0 
93.99986266664997 68.0 
93.99986266664997 67.0 
92.99996948143375 67.0 
92.99996948143375 66.0 
92.99996948143375 64.0 
92.00007629621753 63.0 
92.00007629621753 63.0 
92.00007629621753 62.0 
92.00007629621753 61.0 
92.00007629621753 61.0 
92.99996948143375 61.0 
92.00007629621753 60.0 
92.99996948143375 59.0 
92.00007629621753 59.0 
92.99996948143375 60.0 
92.99996948143375 60.0 
92.99996948143375 59.0 
92.99996948143375 60.0 
92.99996948143375 61.0 
92.99996948143375 61.0 
92.99996948143375 60.0 
93.99986266664997 60.0 
93.99986266664997 60.0 
93.99986266664997 60.0 
93.99986266664997 60.0 
93.99986266664997 60.0 
92.99996948143375 60.0 
93.99986266664997 60.0 
92.99996948143375 59.0 
92.99996948143375 59.0 
92.99996948143375 60.0 
92.99996948143375 59.0 
92.99996948143375 59.0 
92.99996948143375 58.0 
92.99996948143375 58.0 
92.99996948143375 59.0 
93.99986266664997 58.0 
93.99986266664997 58.0 
93.99986266664997 59.0 
93.99986266664997 60.0 
93.99986266664997 60.0 
93.99986266664997 61.0 
93.99986266664997 61.0 
93.99986266664997 61.0 
93.99986266664997 61.0 
93.99986266664997 61.0 
93.99986266664997 60.0 
93.99986266664997 59.0 
93.99986266664997 59.0 
93.99986266664997 59.0 
93.99986266664997 61.0 
93.99986266664997 61.0 
92.99996948143375 62.0 
92.99996948143375 62.0 
92.99996948143375 60.0 
92.99996948143375 59.0 
92.99996948143375 58.0 
92.99996948143375 57.0 
92.99996948143375 56.0 
92.99996948143375 56.0 
92.99996948143375 57.0 
92.99996948143375 58.0 
92.99996948143375 58.0 
92.99996948143375 60.0 
92.99996948143375 60.0 
93.99986266664997 60.0 
93.99986266664997 60.0 
93.99986266664997 60.0 
93.99986266664997 60.0 
92.99996948143375 60.0 
92.99996948143375 60.0 
92.99996948143375 61.0 
92.99996948143375 62.0 
92.99996948143375 62.0 
92.99996948143375 61.0 
92.99996948143375 61.0 
92.99996948143375 61.0 
92.99996948143375 61.0 
92.99996948143375 61.0 
93.99986266664997 61.0 
93.99986266664997 62.0 
93.99986266664997 62.0 
93.99986266664997 62.0 
93.99986266664997 62.0 
93.99986266664997 63.0 
93.99986266664997 65.0 
93.99986266664997 64.0 
93.99986266664997 64.0 
93.99986266664997 64.0 
93.99986266664997 62.0 
93.99986266664997 60.0 
93.99986266664997 60.0 
93.99986266664997 59.0 
93.99986266664997 59.0 
93.99986266664997 58.0 
92.99996948143375 58.0 
92.99996948143375 58.0 
92.99996948143375 57.0 
92.99996948143375 56.0 
93.99986266664997 56.0 
93.99986266664997 56.0 
93.99986266664997 56.0 
93.99986266664997 56.0 
93.99986266664997 55.0 
93.99986266664997 55.0 
93.99986266664997 55.0 
93.99986266664997 56.0 
93.99986266664997 56.0 
93.99986266664997 56.0 
93.99986266664997 56.0 
93.99986266664997 55.0 
93.99986266664997 55.0 
93.99986266664997 55.0 
93.99986266664997 55.0 
93.99986266664997 55.0 
93.99986266664997 56.0 
