96.99987792590288 102.999359111301 
96.99987792590288 102.999359111301 
95.99981688888454 102.999359111301 
95.99981688888454 100.99978637043367 
94.9997558518662 97.99957274086734 
94.9997558518662 96.0 
95.99981688888454 95.00021362956633 
95.99981688888454 92.0 
95.99981688888454 90.00042725913266 
95.99981688888454 90.00042725913266 
95.99981688888454 92.0 
95.99981688888454 94.00042725913266 
95.99981688888454 95.00021362956633 
94.9997558518662 93.000640888699 
94.9997558518662 92.0 
94.9997558518662 91.00021362956633 
94.9997558518662 88.0 
94.9997558518662 87.00021362956633 
94.9997558518662 85.000640888699 
94.9997558518662 85.000640888699 
94.9997558518662 84.0 
95.99981688888454 83.00021362956633 
95.99981688888454 83.00021362956633 
94.9997558518662 85.000640888699 
94.9997558518662 85.000640888699 
94.9997558518662 85.000640888699 
96.99987792590288 85.000640888699 
96.99987792590288 86.00042725913266 
95.99981688888454 91.00021362956633 
96.99987792590288 92.0 
96.99987792590288 94.00042725913266 
95.99981688888454 95.00021362956633 
95.99981688888454 95.00021362956633 
95.99981688888454 96.0 
95.99981688888454 95.00021362956633 
95.99981688888454 94.00042725913266 
95.99981688888454 93.000640888699 
95.99981688888454 92.0 
95.99981688888454 91.00021362956633 
95.99981688888454 86.00042725913266 
95.99981688888454 84.0 
94.9997558518662 83.00021362956633 
94.9997558518662 82.00042725913266 
94.9997558518662 81.000640888699 
94.9997558518662 82.00042725913266 
94.9997558518662 78.00042725913266 
94.9997558518662 78.00042725913266 
94.9997558518662 79.00021362956633 
94.9997558518662 78.00042725913266 
94.9997558518662 78.00042725913266 
94.9997558518662 79.00021362956633 
94.9997558518662 80.0 
94.9997558518662 79.00021362956633 
94.9997558518662 80.0 
94.9997558518662 80.0 
94.9997558518662 79.00021362956633 
94.9997558518662 79.00021362956633 
94.9997558518662 79.00021362956633 
94.9997558518662 79.00021362956633 
94.9997558518662 79.00021362956633 
94.9997558518662 80.0 
94.9997558518662 82.00042725913266 
94.9997558518662 82.00042725913266 
94.9997558518662 84.0 
94.9997558518662 84.0 
94.9997558518662 84.0 
94.9997558518662 84.0 
94.9997558518662 84.0 
94.9997558518662 84.0 
94.9997558518662 84.0 
94.9997558518662 83.00021362956633 
94.9997558518662 83.00021362956633 
94.9997558518662 82.00042725913266 
94.9997558518662 81.000640888699 
94.9997558518662 81.000640888699 
94.9997558518662 80.0 
94.9997558518662 81.000640888699 
94.9997558518662 81.000640888699 
94.9997558518662 80.0 
94.9997558518662 80.0 
94.9997558518662 82.00042725913266 
94.9997558518662 83.00021362956633 
94.9997558518662 83.00021362956633 
94.9997558518662 85.000640888699 
94.9997558518662 86.00042725913266 
94.9997558518662 89.000640888699 
94.9997558518662 91.00021362956633 
94.9997558518662 91.00021362956633 
94.9997558518662 92.0 
94.9997558518662 92.0 
94.9997558518662 92.0 
94.9997558518662 91.00021362956633 
94.9997558518662 91.00021362956633 
94.9997558518662 91.00021362956633 
94.9997558518662 91.00021362956633 
94.9997558518662 92.0 
94.9997558518662 92.0 
94.9997558518662 91.00021362956633 
94.9997558518662 92.0 
94.9997558518662 91.00021362956633 
95.99981688888454 91.00021362956633 
94.9997558518662 91.00021362956633 
94.9997558518662 90.00042725913266 
94.9997558518662 87.00021362956633 
94.9997558518662 83.00021362956633 
94.9997558518662 81.000640888699 
94.9997558518662 80.0 
94.9997558518662 81.000640888699 
94.9997558518662 78.00042725913266 
94.9997558518662 78.00042725913266 
94.9997558518662 78.00042725913266 
94.9997558518662 77.000640888699 
94.9997558518662 74.00042725913266 
94.9997558518662 74.00042725913266 
94.9997558518662 74.00042725913266 
94.9997558518662 73.000640888699 
94.9997558518662 74.00042725913266 
94.9997558518662 73.000640888699 
94.9997558518662 71.00021362956633 
94.9997558518662 71.00021362956633 
94.9997558518662 72.0 
94.9997558518662 71.00021362956633 
94.9997558518662 70.00042725913266 
94.9997558518662 72.0 
94.9997558518662 72.0 
94.9997558518662 72.0 
94.9997558518662 73.000640888699 
94.9997558518662 74.00042725913266 
94.9997558518662 76.0 
94.9997558518662 76.0 
94.9997558518662 79.00021362956633 
94.9997558518662 79.00021362956633 
94.9997558518662 79.00021362956633 
94.9997558518662 78.00042725913266 
94.9997558518662 79.00021362956633 
94.9997558518662 80.0 
94.9997558518662 80.0 
94.9997558518662 82.00042725913266 
94.9997558518662 84.0 
94.9997558518662 84.0 
94.9997558518662 87.00021362956633 
94.9997558518662 87.00021362956633 
94.9997558518662 87.00021362956633 
94.9997558518662 88.0 
94.9997558518662 88.0 
94.9997558518662 88.0 
94.9997558518662 88.0 
94.9997558518662 89.000640888699 
94.9997558518662 89.000640888699 
94.9997558518662 89.000640888699 
94.9997558518662 90.00042725913266 
94.9997558518662 90.00042725913266 
94.9997558518662 89.000640888699 
94.9997558518662 88.0 
94.9997558518662 88.0 
94.9997558518662 88.0 
94.9997558518662 87.00021362956633 
94.9997558518662 87.00021362956633 
94.9997558518662 87.00021362956633 
94.9997558518662 87.00021362956633 
94.9997558518662 88.0 
94.9997558518662 90.00042725913266 
94.9997558518662 91.00021362956633 
94.9997558518662 93.000640888699 
94.9997558518662 94.00042725913266 
94.9997558518662 94.00042725913266 
94.9997558518662 95.00021362956633 
94.9997558518662 94.00042725913266 
94.9997558518662 93.000640888699 
94.9997558518662 93.000640888699 
94.9997558518662 92.0 
94.9997558518662 91.00021362956633 
94.9997558518662 89.000640888699 
94.9997558518662 87.00021362956633 
94.9997558518662 85.000640888699 
94.9997558518662 84.0 
94.9997558518662 83.00021362956633 
94.9997558518662 82.00042725913266 
94.9997558518662 84.0 
94.9997558518662 84.0 
94.9997558518662 85.000640888699 
94.9997558518662 86.00042725913266 
94.9997558518662 83.00021362956633 
94.9997558518662 84.0 
94.9997558518662 84.0 
94.9997558518662 85.000640888699 
94.9997558518662 84.0 
94.9997558518662 83.00021362956633 
94.9997558518662 83.00021362956633 
94.9997558518662 83.00021362956633 
94.9997558518662 82.00042725913266 
94.9997558518662 82.00042725913266 
94.9997558518662 83.00021362956633 
94.9997558518662 83.00021362956633 
94.9997558518662 83.00021362956633 
94.9997558518662 83.00021362956633 
94.9997558518662 80.0 
94.9997558518662 80.0 
94.9997558518662 79.00021362956633 
94.9997558518662 78.00042725913266 
94.9997558518662 78.00042725913266 
94.9997558518662 78.00042725913266 
94.9997558518662 80.0 
94.9997558518662 79.00021362956633 
94.9997558518662 82.00042725913266 
94.9997558518662 82.00042725913266 
94.9997558518662 83.00021362956633 
94.9997558518662 85.000640888699 
94.9997558518662 85.000640888699 
94.9997558518662 84.0 
94.9997558518662 83.00021362956633 
94.9997558518662 82.00042725913266 
94.9997558518662 81.000640888699 
94.9997558518662 82.00042725913266 
94.9997558518662 82.00042725913266 
94.9997558518662 83.00021362956633 
94.9997558518662 84.0 
94.9997558518662 82.00042725913266 
94.9997558518662 80.0 
94.9997558518662 79.00021362956633 
94.9997558518662 77.000640888699 
94.9997558518662 76.0 
94.9997558518662 76.0 
94.9997558518662 77.000640888699 
94.9997558518662 77.000640888699 
94.9997558518662 78.00042725913266 
94.9997558518662 78.00042725913266 
94.9997558518662 78.00042725913266 
94.9997558518662 77.000640888699 
94.9997558518662 78.00042725913266 
94.9997558518662 79.00021362956633 
94.9997558518662 80.0 
94.9997558518662 83.00021362956633 
93.99996948143314 83.00021362956633 
93.99996948143314 88.0 
93.99996948143314 88.0 
93.99996948143314 91.00021362956633 
93.99996948143314 91.00021362956633 
93.99996948143314 92.0 
93.99996948143314 92.0 
94.9997558518662 92.0 
94.9997558518662 92.0 
94.9997558518662 92.0 
94.9997558518662 92.0 
94.9997558518662 92.0 
94.9997558518662 91.00021362956633 
94.9997558518662 88.0 
94.9997558518662 86.00042725913266 
94.9997558518662 84.0 
94.9997558518662 83.00021362956633 
94.9997558518662 83.00021362956633 
94.9997558518662 83.00021362956633 
94.9997558518662 84.0 
94.9997558518662 83.00021362956633 
94.9997558518662 84.0 
94.9997558518662 82.00042725913266 
94.9997558518662 81.000640888699 
94.9997558518662 79.00021362956633 
94.9997558518662 79.00021362956633 
94.9997558518662 79.00021362956633 
94.9997558518662 78.00042725913266 
94.9997558518662 78.00042725913266 
93.99996948143314 79.00021362956633 
94.9997558518662 78.00042725913266 
93.99996948143314 77.000640888699 
93.99996948143314 78.00042725913266 
93.99996948143314 80.0 
93.99996948143314 79.00021362956633 
93.99996948143314 80.0 
93.99996948143314 79.00021362956633 
93.99996948143314 78.00042725913266 
93.99996948143314 77.000640888699 
93.99996948143314 75.00021362956633 
93.99996948143314 73.000640888699 
93.99996948143314 73.000640888699 
94.9997558518662 74.00042725913266 
94.9997558518662 75.00021362956633 
94.9997558518662 74.00042725913266 
94.9997558518662 75.00021362956633 
94.9997558518662 76.0 
94.9997558518662 77.000640888699 
94.9997558518662 77.000640888699 
94.9997558518662 78.00042725913266 
94.9997558518662 78.00042725913266 
94.9997558518662 79.00021362956633 
94.9997558518662 80.0 
94.9997558518662 81.000640888699 
94.9997558518662 81.000640888699 
94.9997558518662 82.00042725913266 
94.9997558518662 83.00021362956633 
94.9997558518662 84.0 
94.9997558518662 83.00021362956633 
94.9997558518662 84.0 
94.9997558518662 83.00021362956633 
94.9997558518662 83.00021362956633 
94.9997558518662 83.00021362956633 
94.9997558518662 83.00021362956633 
94.9997558518662 84.0 
94.9997558518662 85.000640888699 
94.9997558518662 85.000640888699 
94.9997558518662 86.00042725913266 
97.99993896292122 102.999359111301 
97.99993896292122 102.999359111301 
97.99993896292122 102.999359111301 
97.99993896292122 102.999359111301 
97.99993896292122 102.999359111301 
97.99993896292122 102.999359111301 
97.99993896292122 102.999359111301 
97.99993896292122 102.999359111301 
97.99993896292122 102.999359111301 
96.99987792590288 101.99957274086734 
96.99987792590288 102.999359111301 
96.99987792590288 104.99978637043367 
96.99987792590288 105.99957274086734 
96.99987792590288 108.0 
96.99987792590288 109.99957274086734 
96.99987792590288 110.999359111301 
95.99981688888454 112.0 
95.99981688888454 112.0 
95.99981688888454 110.999359111301 
95.99981688888454 110.999359111301 
95.99981688888454 109.99957274086734 
95.99981688888454 109.99957274086734 
95.99981688888454 108.99978637043367 
95.99981688888454 109.99957274086734 
95.99981688888454 109.99957274086734 
95.99981688888454 109.99957274086734 
95.99981688888454 109.99957274086734 
95.99981688888454 109.99957274086734 
95.99981688888454 110.999359111301 
95.99981688888454 112.0 
95.99981688888454 110.999359111301 
95.99981688888454 109.99957274086734 
95.99981688888454 109.99957274086734 
95.99981688888454 110.999359111301 
95.99981688888454 109.99957274086734 
95.99981688888454 108.99978637043367 
95.99981688888454 108.0 
95.99981688888454 106.999359111301 
94.9997558518662 105.99957274086734 
94.9997558518662 105.99957274086734 
94.9997558518662 106.999359111301 
94.9997558518662 109.99957274086734 
94.9997558518662 109.99957274086734 
94.9997558518662 110.999359111301 
94.9997558518662 112.0 
94.9997558518662 112.0 
94.9997558518662 112.0 
94.9997558518662 112.0 
94.9997558518662 109.99957274086734 
94.9997558518662 105.99957274086734 
93.99996948143314 104.99978637043367 
93.99996948143314 104.99978637043367 
93.99996948143314 104.99978637043367 
93.99996948143314 108.0 
93.99996948143314 109.99957274086734 
93.99996948143314 109.99957274086734 
93.99996948143314 110.999359111301 
93.99996948143314 112.0 
93.99996948143314 112.0 
93.99996948143314 109.99957274086734 
93.99996948143314 106.999359111301 
93.99996948143314 105.99957274086734 
93.99996948143314 104.99978637043367 
93.99996948143314 104.99978637043367 
93.99996948143314 105.99957274086734 
93.99996948143314 105.99957274086734 
93.99996948143314 105.99957274086734 
93.99996948143314 105.99957274086734 
93.99996948143314 105.99957274086734 
93.99996948143314 105.99957274086734 
93.99996948143314 104.99978637043367 
94.9997558518662 104.0 
94.9997558518662 104.0 
94.9997558518662 104.0 
94.9997558518662 104.0 
94.9997558518662 102.999359111301 
94.9997558518662 101.99957274086734 
94.9997558518662 102.999359111301 
94.9997558518662 104.99978637043367 
94.9997558518662 104.99978637043367 
94.9997558518662 104.99978637043367 
94.9997558518662 104.99978637043367 
94.9997558518662 104.99978637043367 
94.9997558518662 104.99978637043367 
94.9997558518662 104.99978637043367 
93.99996948143314 108.0 
93.99996948143314 108.0 
93.99996948143314 108.0 
93.99996948143314 108.0 
93.99996948143314 108.0 
92.9999084444148 108.0 
90.99978637037812 108.0 
90.99978637037812 108.0 
90.99978637037812 108.0 
89.99999999994506 108.0 
89.99999999994506 108.0 
90.99978637037812 108.0 
89.99999999994506 108.0 
89.99999999994506 108.0 
88.99993896292672 108.0 
88.99993896292672 108.0 
88.99993896292672 108.0 
87.00009155547532 108.0 
87.00009155547532 108.0 
88.00015259249366 108.0 
88.00015259249366 108.0 
88.00015259249366 108.0 
88.00015259249366 108.0 
88.00015259249366 108.0 
88.00015259249366 108.0 
87.00009155547532 108.0 
85.00024414802392 108.0 
85.00024414802392 108.0 
85.00024414802392 108.0 
85.00024414802392 108.0 
85.00024414802392 108.0 
85.00024414802392 108.0 
85.00024414802392 108.0 
84.00018311100558 108.0 
84.00018311100558 108.0 
84.00018311100558 108.0 
84.00018311100558 108.0 
84.00018311100558 108.0 
84.00018311100558 108.0 
84.00018311100558 108.0 
84.00018311100558 108.0 
84.00018311100558 108.0 
83.00012207398724 108.0 
83.00012207398724 108.0 
83.00012207398724 108.0 
83.00012207398724 108.0 
80.99999999995056 108.0 
80.0002136295175 108.0 
80.0002136295175 108.0 
80.0002136295175 108.0 
80.0002136295175 108.0 
80.0002136295175 108.0 
80.0002136295175 108.0 
80.0002136295175 108.0 
80.0002136295175 108.0 
80.0002136295175 108.0 
80.0002136295175 108.0 
80.0002136295175 108.0 
80.0002136295175 108.0 
80.0002136295175 108.0 
80.0002136295175 108.99978637043367 
80.0002136295175 108.99978637043367 
80.0002136295175 109.99957274086734 
80.0002136295175 109.99957274086734 
80.0002136295175 109.99957274086734 
80.0002136295175 109.99957274086734 
80.0002136295175 109.99957274086734 
80.0002136295175 109.99957274086734 
80.0002136295175 109.99957274086734 
80.0002136295175 109.99957274086734 
80.0002136295175 109.99957274086734 
80.0002136295175 109.99957274086734 
80.0002136295175 109.99957274086734 
80.0002136295175 109.99957274086734 
80.0002136295175 109.99957274086734 
80.0002136295175 109.99957274086734 
80.99999999995056 110.999359111301 
82.0000610369689 110.999359111301 
82.0000610369689 110.999359111301 
82.0000610369689 110.999359111301 
82.0000610369689 110.999359111301 
82.0000610369689 110.999359111301 
82.0000610369689 110.999359111301 
82.0000610369689 110.999359111301 
82.0000610369689 110.999359111301 
83.00012207398724 110.999359111301 
83.00012207398724 109.99957274086734 
85.00024414802392 109.99957274086734 
85.00024414802392 109.99957274086734 
85.00024414802392 109.99957274086734 
85.00024414802392 109.99957274086734 
85.00024414802392 109.99957274086734 
85.00024414802392 109.99957274086734 
85.00024414802392 104.99978637043367 
85.00024414802392 104.99978637043367 
85.00024414802392 104.99978637043367 
85.00024414802392 105.99957274086734 
85.00024414802392 105.99957274086734 
85.00024414802392 105.99957274086734 
85.00024414802392 105.99957274086734 
86.00003051845698 105.99957274086734 
86.00003051845698 105.99957274086734 
86.00003051845698 106.999359111301 
87.00009155547532 106.999359111301 
87.00009155547532 106.999359111301 
87.00009155547532 106.999359111301 
87.00009155547532 108.0 
87.00009155547532 108.0 
88.00015259249366 108.0 
88.00015259249366 108.0 
88.00015259249366 108.0 
88.00015259249366 108.0 
88.00015259249366 108.0 
88.00015259249366 108.0 
88.00015259249366 108.0 
88.00015259249366 108.99978637043367 
88.00015259249366 108.99978637043367 
88.00015259249366 108.99978637043367 
88.99993896292672 108.99978637043367 
88.99993896292672 109.99957274086734 
88.99993896292672 109.99957274086734 
89.99999999994506 110.999359111301 
90.99978637037812 109.99957274086734 
90.99978637037812 109.99957274086734 
91.99984740739646 112.0 
92.9999084444148 112.99978637043367 
92.9999084444148 110.999359111301 
93.99996948143314 110.999359111301 
93.99996948143314 110.999359111301 
93.99996948143314 110.999359111301 
93.99996948143314 110.999359111301 
93.99996948143314 110.999359111301 
93.99996948143314 110.999359111301 
93.99996948143314 110.999359111301 
94.9997558518662 110.999359111301 
94.9997558518662 110.999359111301 
94.9997558518662 110.999359111301 
94.9997558518662 110.999359111301 
94.9997558518662 110.999359111301 
94.9997558518662 110.999359111301 
94.9997558518662 110.999359111301 
93.99996948143314 110.999359111301 
89.99999999994506 110.999359111301 
89.99999999994506 110.999359111301 
89.99999999994506 110.999359111301 
89.99999999994506 110.999359111301 
89.99999999994506 110.999359111301 
89.99999999994506 110.999359111301 
89.99999999994506 110.999359111301 
89.99999999994506 110.999359111301 
89.99999999994506 110.999359111301 
87.00009155547532 110.999359111301 
84.00018311100558 110.999359111301 
83.00012207398724 110.999359111301 
83.00012207398724 110.999359111301 
83.00012207398724 110.999359111301 
83.00012207398724 110.999359111301 
83.00012207398724 110.999359111301 
83.00012207398724 110.999359111301 
83.00012207398724 110.999359111301 
83.00012207398724 110.999359111301 
83.00012207398724 110.999359111301 
83.00012207398724 110.999359111301 
83.00012207398724 109.99957274086734 
82.0000610369689 109.99957274086734 
82.0000610369689 109.99957274086734 
82.0000610369689 109.99957274086734 
82.0000610369689 109.99957274086734 
82.0000610369689 109.99957274086734 
82.0000610369689 108.99978637043367 
82.0000610369689 108.99978637043367 
82.0000610369689 108.99978637043367 
82.0000610369689 108.99978637043367 
82.0000610369689 108.99978637043367 
82.0000610369689 108.99978637043367 
82.0000610369689 108.99978637043367 
82.0000610369689 108.99978637043367 
82.0000610369689 106.999359111301 
82.0000610369689 106.999359111301 
82.0000610369689 106.999359111301 
82.0000610369689 104.99978637043367 
82.0000610369689 104.99978637043367 
82.0000610369689 104.99978637043367 
82.0000610369689 104.99978637043367 
82.0000610369689 104.99978637043367 
82.0000610369689 104.99978637043367 
82.0000610369689 104.99978637043367 
82.0000610369689 104.99978637043367 
82.0000610369689 104.99978637043367 
82.0000610369689 104.99978637043367 
82.0000610369689 104.99978637043367 
82.0000610369689 104.99978637043367 
82.0000610369689 104.99978637043367 
82.0000610369689 104.99978637043367 
82.0000610369689 101.99957274086734 
82.0000610369689 101.99957274086734 
82.0000610369689 101.99957274086734 
82.0000610369689 100.0 
82.0000610369689 100.0 
82.0000610369689 100.0 
82.0000610369689 100.0 
82.0000610369689 100.0 
82.0000610369689 100.0 
82.0000610369689 100.0 
82.0000610369689 100.0 
82.0000610369689 100.0 
82.0000610369689 100.0 
82.0000610369689 100.0 
82.0000610369689 100.0 
82.0000610369689 100.0 
83.00012207398724 100.0 
83.00012207398724 100.0 
83.00012207398724 100.0 
83.00012207398724 100.0 
83.00012207398724 100.0 
83.00012207398724 100.0 
83.00012207398724 97.99957274086734 
82.0000610369689 97.99957274086734 
82.0000610369689 97.99957274086734 
82.0000610369689 97.99957274086734 
82.0000610369689 97.99957274086734 
82.0000610369689 97.99957274086734 
82.0000610369689 97.99957274086734 
82.0000610369689 97.99957274086734 
82.0000610369689 97.99957274086734 
82.0000610369689 97.99957274086734 
82.0000610369689 97.99957274086734 
82.0000610369689 97.99957274086734 
82.0000610369689 97.99957274086734 
82.0000610369689 97.000640888699 
82.0000610369689 93.000640888699 
82.0000610369689 93.000640888699 
82.0000610369689 93.000640888699 
82.0000610369689 93.000640888699 
82.0000610369689 93.000640888699 
82.0000610369689 93.000640888699 
82.0000610369689 93.000640888699 
82.0000610369689 93.000640888699 
82.0000610369689 93.000640888699 
80.99999999995056 93.000640888699 
80.99999999995056 91.00021362956633 
80.99999999995056 91.00021362956633 
94.9997558518662 118.999359111301 
95.99981688888454 121.99957274086734 
95.99981688888454 124.0 
95.99981688888454 124.99978637043367 
96.99987792590288 125.99957274086734 
96.99987792590288 124.99978637043367 
96.99987792590288 124.0 
95.99981688888454 124.0 
95.99981688888454 122.999359111301 
95.99981688888454 121.99957274086734 
95.99981688888454 120.99978637043367 
95.99981688888454 120.99978637043367 
95.99981688888454 120.99978637043367 
94.9997558518662 120.99978637043367 
94.9997558518662 120.99978637043367 
94.9997558518662 120.99978637043367 
94.9997558518662 120.0 
95.99981688888454 118.999359111301 
95.99981688888454 118.999359111301 
95.99981688888454 117.99957274086734 
95.99981688888454 117.99957274086734 
95.99981688888454 116.99978637043367 
95.99981688888454 116.99978637043367 
94.9997558518662 116.99978637043367 
95.99981688888454 116.0 
94.9997558518662 114.999359111301 
94.9997558518662 114.999359111301 
94.9997558518662 113.99957274086734 
94.9997558518662 113.99957274086734 
94.9997558518662 113.99957274086734 
94.9997558518662 113.99957274086734 
95.99981688888454 113.99957274086734 
95.99981688888454 113.99957274086734 
95.99981688888454 112.99978637043367 
95.99981688888454 112.99978637043367 
95.99981688888454 112.99978637043367 
95.99981688888454 112.99978637043367 
95.99981688888454 112.99978637043367 
95.99981688888454 112.99978637043367 
95.99981688888454 113.99957274086734 
95.99981688888454 113.99957274086734 
95.99981688888454 114.999359111301 
95.99981688888454 114.999359111301 
95.99981688888454 116.0 
95.99981688888454 116.99978637043367 
95.99981688888454 116.0 
95.99981688888454 114.999359111301 
95.99981688888454 114.999359111301 
95.99981688888454 114.999359111301 
95.99981688888454 114.999359111301 
95.99981688888454 114.999359111301 
95.99981688888454 114.999359111301 
95.99981688888454 113.99957274086734 
95.99981688888454 113.99957274086734 
95.99981688888454 110.999359111301 
95.99981688888454 109.99957274086734 
95.99981688888454 108.99978637043367 
95.99981688888454 108.99978637043367 
95.99981688888454 109.99957274086734 
95.99981688888454 109.99957274086734 
95.99981688888454 109.99957274086734 
95.99981688888454 109.99957274086734 
95.99981688888454 109.99957274086734 
95.99981688888454 109.99957274086734 
95.99981688888454 110.999359111301 
95.99981688888454 109.99957274086734 
95.99981688888454 109.99957274086734 
95.99981688888454 109.99957274086734 
95.99981688888454 109.99957274086734 
95.99981688888454 108.99978637043367 
95.99981688888454 108.0 
95.99981688888454 106.999359111301 
95.99981688888454 106.999359111301 
95.99981688888454 106.999359111301 
95.99981688888454 106.999359111301 
95.99981688888454 101.99957274086734 
94.9997558518662 104.99978637043367 
94.9997558518662 104.99978637043367 
94.9997558518662 104.99978637043367 
94.9997558518662 104.99978637043367 
94.9997558518662 104.99978637043367 
94.9997558518662 104.0 
95.99981688888454 104.0 
94.9997558518662 104.0 
95.99981688888454 104.0 
95.99981688888454 104.0 
94.9997558518662 104.0 
95.99981688888454 104.99978637043367 
94.9997558518662 105.99957274086734 
94.9997558518662 105.99957274086734 
94.9997558518662 105.99957274086734 
94.9997558518662 104.99978637043367 
94.9997558518662 104.99978637043367 
95.99981688888454 104.99978637043367 
94.9997558518662 104.99978637043367 
94.9997558518662 104.0 
94.9997558518662 104.0 
94.9997558518662 102.999359111301 
94.9997558518662 102.999359111301 
94.9997558518662 102.999359111301 
94.9997558518662 102.999359111301 
94.9997558518662 102.999359111301 
94.9997558518662 102.999359111301 
94.9997558518662 102.999359111301 
94.9997558518662 102.999359111301 
94.9997558518662 102.999359111301 
94.9997558518662 101.99957274086734 
94.9997558518662 101.99957274086734 
94.9997558518662 101.99957274086734 
94.9997558518662 101.99957274086734 
94.9997558518662 101.99957274086734 
94.9997558518662 101.99957274086734 
94.9997558518662 100.99978637043367 
94.9997558518662 101.99957274086734 
94.9997558518662 101.99957274086734 
94.9997558518662 102.999359111301 
94.9997558518662 102.999359111301 
94.9997558518662 102.999359111301 
94.9997558518662 102.999359111301 
94.9997558518662 101.99957274086734 
94.9997558518662 101.99957274086734 
94.9997558518662 101.99957274086734 
94.9997558518662 101.99957274086734 
94.9997558518662 102.999359111301 
94.9997558518662 102.999359111301 
94.9997558518662 102.999359111301 
94.9997558518662 102.999359111301 
94.9997558518662 102.999359111301 
94.9997558518662 102.999359111301 
94.9997558518662 102.999359111301 
95.99981688888454 102.999359111301 
94.9997558518662 102.999359111301 
94.9997558518662 102.999359111301 
94.9997558518662 102.999359111301 
94.9997558518662 105.99957274086734 
94.9997558518662 106.999359111301 
94.9997558518662 106.999359111301 
94.9997558518662 106.999359111301 
94.9997558518662 106.999359111301 
94.9997558518662 105.99957274086734 
94.9997558518662 105.99957274086734 
95.99981688888454 104.99978637043367 
94.9997558518662 104.0 
94.9997558518662 104.0 
94.9997558518662 104.0 
94.9997558518662 102.999359111301 
94.9997558518662 102.999359111301 
94.9997558518662 101.99957274086734 
94.9997558518662 100.0 
94.9997558518662 100.0 
94.9997558518662 100.0 
94.9997558518662 100.0 
94.9997558518662 100.0 
94.9997558518662 100.0 
94.9997558518662 100.0 
94.9997558518662 100.0 
94.9997558518662 100.99978637043367 
94.9997558518662 100.99978637043367 
94.9997558518662 100.0 
94.9997558518662 100.0 
94.9997558518662 98.999359111301 
94.9997558518662 98.999359111301 
94.9997558518662 98.999359111301 
94.9997558518662 98.999359111301 
94.9997558518662 98.999359111301 
94.9997558518662 98.999359111301 
94.9997558518662 97.99957274086734 
94.9997558518662 97.99957274086734 
94.9997558518662 97.000640888699 
94.9997558518662 97.000640888699 
94.9997558518662 97.000640888699 
94.9997558518662 97.000640888699 
94.9997558518662 96.0 
94.9997558518662 97.000640888699 
94.9997558518662 97.000640888699 
94.9997558518662 97.000640888699 
94.9997558518662 97.99957274086734 
94.9997558518662 97.99957274086734 
94.9997558518662 97.99957274086734 
94.9997558518662 97.000640888699 
94.9997558518662 97.000640888699 
94.9997558518662 97.000640888699 
94.9997558518662 97.000640888699 
94.9997558518662 97.000640888699 
94.9997558518662 97.000640888699 
94.9997558518662 97.000640888699 
94.9997558518662 97.99957274086734 
94.9997558518662 97.99957274086734 
94.9997558518662 97.000640888699 
94.9997558518662 97.000640888699 
94.9997558518662 96.0 
94.9997558518662 96.0 
94.9997558518662 96.0 
94.9997558518662 96.0 
94.9997558518662 96.0 
94.9997558518662 96.0 
94.9997558518662 95.00021362956633 
94.9997558518662 94.00042725913266 
94.9997558518662 94.00042725913266 
94.9997558518662 94.00042725913266 
94.9997558518662 94.00042725913266 
94.9997558518662 94.00042725913266 
94.9997558518662 94.00042725913266 
94.9997558518662 95.00021362956633 
94.9997558518662 96.0 
94.9997558518662 96.0 
94.9997558518662 97.000640888699 
94.9997558518662 97.000640888699 
94.9997558518662 97.000640888699 
94.9997558518662 96.0 
94.9997558518662 96.0 
94.9997558518662 96.0 
94.9997558518662 96.0 
94.9997558518662 95.00021362956633 
94.9997558518662 96.0 
94.9997558518662 96.0 
94.9997558518662 96.0 
94.9997558518662 96.0 
94.9997558518662 96.0 
94.9997558518662 97.000640888699 
94.9997558518662 96.0 
94.9997558518662 96.0 
94.9997558518662 96.0 
94.9997558518662 94.00042725913266 
94.9997558518662 94.00042725913266 
94.9997558518662 94.00042725913266 
94.9997558518662 95.00021362956633 
94.9997558518662 95.00021362956633 
94.9997558518662 96.0 
94.9997558518662 97.000640888699 
94.9997558518662 97.000640888699 
94.9997558518662 96.0 
94.9997558518662 96.0 
94.9997558518662 96.0 
94.9997558518662 96.0 
94.9997558518662 96.0 
94.9997558518662 96.0 
94.9997558518662 97.99957274086734 
94.9997558518662 97.99957274086734 
94.9997558518662 98.999359111301 
94.9997558518662 100.0 
94.9997558518662 100.0 
94.9997558518662 98.999359111301 
94.9997558518662 97.99957274086734 
94.9997558518662 97.000640888699 
94.9997558518662 96.0 
94.9997558518662 96.0 
94.9997558518662 97.000640888699 
94.9997558518662 97.000640888699 
94.9997558518662 97.000640888699 
94.9997558518662 97.99957274086734 
94.9997558518662 98.999359111301 
94.9997558518662 98.999359111301 
94.9997558518662 98.999359111301 
94.9997558518662 98.999359111301 
94.9997558518662 98.999359111301 
94.9997558518662 100.0 
94.9997558518662 98.999359111301 
94.9997558518662 98.999359111301 
94.9997558518662 98.999359111301 
94.9997558518662 97.99957274086734 
94.9997558518662 97.99957274086734 
94.9997558518662 97.99957274086734 
94.9997558518662 97.99957274086734 
94.9997558518662 97.99957274086734 
94.9997558518662 97.99957274086734 
94.9997558518662 97.000640888699 
93.99996948143314 96.0 
93.99996948143314 96.0 
93.99996948143314 95.00021362956633 
93.99996948143314 95.00021362956633 
93.99996948143314 95.00021362956633 
94.9997558518662 96.0 
94.9997558518662 96.0 
94.9997558518662 97.000640888699 
94.9997558518662 96.0 
94.9997558518662 97.000640888699 
94.9997558518662 96.0 
94.9997558518662 96.0 
94.9997558518662 96.0 
94.9997558518662 96.0 
94.9997558518662 96.0 
94.9997558518662 96.0 
94.9997558518662 97.000640888699 
94.9997558518662 97.000640888699 
94.9997558518662 97.99957274086734 
94.9997558518662 97.99957274086734 
94.9997558518662 97.000640888699 
94.9997558518662 97.000640888699 
94.9997558518662 96.0 
94.9997558518662 96.0 
94.9997558518662 95.00021362956633 
94.9997558518662 95.00021362956633 
94.9997558518662 95.00021362956633 
94.9997558518662 95.00021362956633 
94.9997558518662 96.0 
94.9997558518662 96.0 
94.9997558518662 98.999359111301 
94.9997558518662 100.99978637043367 
94.9997558518662 100.0 
94.9997558518662 100.0 
93.99996948143314 102.999359111301 
94.9997558518662 104.0 
94.9997558518662 104.0 
94.9997558518662 102.999359111301 
94.9997558518662 98.999359111301 
94.9997558518662 98.999359111301 
94.9997558518662 98.999359111301 
94.9997558518662 98.999359111301 
94.9997558518662 100.0 
94.9997558518662 100.0 
94.9997558518662 100.0 
94.9997558518662 100.0 
94.9997558518662 100.0 
94.9997558518662 100.0 
94.9997558518662 100.0 
94.9997558518662 100.0 
94.9997558518662 101.99957274086734 
95.99981688888454 104.0 
96.99987792590288 106.999359111301 
96.99987792590288 108.99978637043367 
96.99987792590288 109.99957274086734 
96.99987792590288 109.99957274086734 
96.99987792590288 110.999359111301 
97.99993896292122 109.99957274086734 
97.99993896292122 108.0 
97.99993896292122 105.99957274086734 
97.99993896292122 105.99957274086734 
97.99993896292122 105.99957274086734 
97.99993896292122 105.99957274086734 
97.99993896292122 105.99957274086734 
97.99993896292122 108.0 
97.99993896292122 108.0 
96.99987792590288 108.0 
96.99987792590288 108.0 
96.99987792590288 108.0 
96.99987792590288 106.999359111301 
96.99987792590288 104.0 
96.99987792590288 101.99957274086734 
96.99987792590288 100.99978637043367 
96.99987792590288 101.99957274086734 
96.99987792590288 101.99957274086734 
96.99987792590288 101.99957274086734 
96.99987792590288 102.999359111301 
96.99987792590288 104.0 
96.99987792590288 104.0 
95.99981688888454 104.0 
95.99981688888454 104.99978637043367 
95.99981688888454 106.999359111301 
95.99981688888454 108.99978637043367 
95.99981688888454 108.99978637043367 
95.99981688888454 112.0 
95.99981688888454 112.0 
95.99981688888454 112.99978637043367 
96.99987792590288 112.99978637043367 
96.99987792590288 112.0 
96.99987792590288 110.999359111301 
96.99987792590288 108.99978637043367 
96.99987792590288 108.99978637043367 
96.99987792590288 108.0 
96.99987792590288 108.0 
96.99987792590288 108.0 
96.99987792590288 106.999359111301 
97.99993896292122 105.99957274086734 
97.99993896292122 104.99978637043367 
97.99993896292122 104.0 
97.99993896292122 104.0 
97.99993896292122 104.99978637043367 
97.99993896292122 105.99957274086734 
97.99993896292122 105.99957274086734 
97.99993896292122 108.0 
97.99993896292122 108.99978637043367 
97.99993896292122 108.99978637043367 
97.99993896292122 106.999359111301 
97.99993896292122 104.99978637043367 
97.99993896292122 101.99957274086734 
97.99993896292122 101.99957274086734 
97.99993896292122 101.99957274086734 
97.99993896292122 100.99978637043367 
97.99993896292122 100.99978637043367 
97.99993896292122 101.99957274086734 
97.99993896292122 104.0 
97.99993896292122 104.0 
97.99993896292122 106.999359111301 
97.99993896292122 106.999359111301 
97.99993896292122 106.999359111301 
97.99993896292122 106.999359111301 
97.99993896292122 106.999359111301 
97.99993896292122 106.999359111301 
97.99993896292122 108.0 
97.99993896292122 106.999359111301 
97.99993896292122 105.99957274086734 
97.99993896292122 104.0 
97.99993896292122 102.999359111301 
97.99993896292122 102.999359111301 
97.99993896292122 102.999359111301 
97.99993896292122 102.999359111301 
97.99993896292122 104.0 
97.99993896292122 105.99957274086734 
97.99993896292122 104.99978637043367 
97.99993896292122 102.999359111301 
97.99993896292122 101.99957274086734 
97.99993896292122 101.99957274086734 
97.99993896292122 101.99957274086734 
97.99993896292122 102.999359111301 
97.99993896292122 101.99957274086734 
97.99993896292122 101.99957274086734 
97.99993896292122 104.0 
97.99993896292122 105.99957274086734 
97.99993896292122 104.0 
97.99993896292122 104.0 
97.99993896292122 104.0 
97.99993896292122 104.0 
97.99993896292122 104.0 
97.99993896292122 104.0 
97.99993896292122 104.99978637043367 
97.99993896292122 102.999359111301 
97.99993896292122 101.99957274086734 
97.99993896292122 101.99957274086734 
97.99993896292122 101.99957274086734 
97.99993896292122 101.99957274086734 
97.99993896292122 101.99957274086734 
97.99993896292122 101.99957274086734 
97.99993896292122 101.99957274086734 
97.99993896292122 104.99978637043367 
97.99993896292122 106.999359111301 
97.99993896292122 106.999359111301 
97.99993896292122 104.99978637043367 
97.99993896292122 102.999359111301 
97.99993896292122 100.99978637043367 
97.99993896292122 100.0 
97.99993896292122 98.999359111301 
97.99993896292122 97.99957274086734 
97.99993896292122 97.99957274086734 
97.99993896292122 97.000640888699 
97.99993896292122 97.99957274086734 
97.99993896292122 97.000640888699 
97.99993896292122 97.000640888699 
97.99993896292122 100.0 
97.99993896292122 100.0 
97.99993896292122 101.99957274086734 
97.99993896292122 102.999359111301 
97.99993896292122 102.999359111301 
97.99993896292122 100.0 
97.99993896292122 98.999359111301 
97.99993896292122 96.0 
97.99993896292122 95.00021362956633 
97.99993896292122 95.00021362956633 
97.99993896292122 95.00021362956633 
97.99993896292122 95.00021362956633 
97.99993896292122 96.0 
97.99993896292122 97.000640888699 
97.99993896292122 97.000640888699 
97.99993896292122 97.99957274086734 
97.99993896292122 97.000640888699 
97.99993896292122 97.99957274086734 
97.99993896292122 96.0 
97.99993896292122 96.0 
97.99993896292122 94.00042725913266 
97.99993896292122 93.000640888699 
97.99993896292122 94.00042725913266 
97.99993896292122 95.00021362956633 
97.99993896292122 95.00021362956633 
97.99993896292122 96.0 
97.99993896292122 97.000640888699 
97.99993896292122 97.000640888699 
97.99993896292122 97.99957274086734 
97.99993896292122 97.000640888699 
97.99993896292122 97.99957274086734 
97.99993896292122 97.000640888699 
97.99993896292122 96.0 
97.99993896292122 96.0 
97.99993896292122 95.00021362956633 
97.99993896292122 95.00021362956633 
97.99993896292122 95.00021362956633 
97.99993896292122 95.00021362956633 
97.99993896292122 96.0 
97.99993896292122 96.0 
97.99993896292122 96.0 
97.99993896292122 96.0 
97.99993896292122 97.000640888699 
97.99993896292122 96.0 
97.99993896292122 95.00021362956633 
97.99993896292122 95.00021362956633 
97.99993896292122 96.0 
97.99993896292122 97.99957274086734 
97.99993896292122 100.0 
97.99993896292122 100.0 
97.99993896292122 100.0 
97.99993896292122 97.99957274086734 
97.99993896292122 97.99957274086734 
97.99993896292122 97.000640888699 
97.99993896292122 97.000640888699 
97.99993896292122 97.000640888699 
97.99993896292122 98.999359111301 
97.99993896292122 100.99978637043367 
97.99993896292122 101.99957274086734 
97.99993896292122 104.0 
97.99993896292122 104.0 
97.99993896292122 104.99978637043367 
97.99993896292122 102.999359111301 
97.99993896292122 101.99957274086734 
97.99993896292122 97.000640888699 
97.99993896292122 88.0 
97.99993896292122 85.000640888699 
97.99993896292122 84.0 
97.99993896292122 85.000640888699 
97.99993896292122 92.0 
97.99993896292122 96.0 
96.99987792590288 97.99957274086734 
96.99987792590288 98.999359111301 
96.99987792590288 98.999359111301 
96.99987792590288 98.999359111301 
96.99987792590288 100.99978637043367 
96.99987792590288 101.99957274086734 
96.99987792590288 102.999359111301 
96.99987792590288 102.999359111301 
96.99987792590288 101.99957274086734 
96.99987792590288 100.99978637043367 
96.99987792590288 98.999359111301 
96.99987792590288 97.000640888699 
96.99987792590288 96.0 
96.99987792590288 95.00021362956633 
96.99987792590288 94.00042725913266 
96.99987792590288 94.00042725913266 
96.99987792590288 94.00042725913266 
96.99987792590288 94.00042725913266 
96.99987792590288 94.00042725913266 
96.99987792590288 97.000640888699 
96.99987792590288 97.99957274086734 
96.99987792590288 97.99957274086734 
96.99987792590288 98.999359111301 
96.99987792590288 100.99978637043367 
96.99987792590288 100.99978637043367 
96.99987792590288 101.99957274086734 
96.99987792590288 101.99957274086734 
96.99987792590288 102.999359111301 
96.99987792590288 102.999359111301 
96.99987792590288 101.99957274086734 
96.99987792590288 101.99957274086734 
96.99987792590288 100.99978637043367 
96.99987792590288 100.99978637043367 
96.99987792590288 100.99978637043367 
96.99987792590288 100.99978637043367 
96.99987792590288 100.99978637043367 
96.99987792590288 101.99957274086734 
96.99987792590288 104.0 
96.99987792590288 104.0 
96.99987792590288 104.99978637043367 
96.99987792590288 102.999359111301 
96.99987792590288 101.99957274086734 
96.99987792590288 98.999359111301 
96.99987792590288 97.000640888699 
96.99987792590288 97.000640888699 
96.99987792590288 97.99957274086734 
96.99987792590288 97.99957274086734 
95.99981688888454 97.99957274086734 
95.99981688888454 100.0 
95.99981688888454 100.0 
95.99981688888454 100.99978637043367 
95.99981688888454 100.99978637043367 
95.99981688888454 100.99978637043367 
95.99981688888454 100.0 
95.99981688888454 98.999359111301 
95.99981688888454 97.99957274086734 
95.99981688888454 97.99957274086734 
95.99981688888454 98.999359111301 
95.99981688888454 98.999359111301 
95.99981688888454 98.999359111301 
95.99981688888454 98.999359111301 
95.99981688888454 97.99957274086734 
95.99981688888454 97.99957274086734 
95.99981688888454 97.99957274086734 
95.99981688888454 98.999359111301 
95.99981688888454 97.99957274086734 
95.99981688888454 97.99957274086734 
95.99981688888454 97.99957274086734 
95.99981688888454 100.0 
95.99981688888454 101.99957274086734 
95.99981688888454 102.999359111301 
95.99981688888454 104.99978637043367 
95.99981688888454 104.0 
95.99981688888454 101.99957274086734 
95.99981688888454 100.0 
95.99981688888454 100.0 
95.99981688888454 100.99978637043367 
95.99981688888454 100.99978637043367 
95.99981688888454 101.99957274086734 
95.99981688888454 104.0 
95.99981688888454 102.999359111301 
96.99987792590288 101.99957274086734 
95.99981688888454 100.99978637043367 
95.99981688888454 97.99957274086734 
96.99987792590288 97.99957274086734 
96.99987792590288 97.99957274086734 
96.99987792590288 100.0 
96.99987792590288 100.99978637043367 
96.99987792590288 100.0 
96.99987792590288 100.0 
96.99987792590288 100.0 
95.99981688888454 98.999359111301 
95.99981688888454 97.99957274086734 
96.99987792590288 93.000640888699 
96.99987792590288 90.00042725913266 
96.99987792590288 92.0 
96.99987792590288 97.99957274086734 
96.99987792590288 100.0 
96.99987792590288 100.99978637043367 
96.99987792590288 100.99978637043367 
96.99987792590288 100.99978637043367 
96.99987792590288 101.99957274086734 
96.99987792590288 100.0 
96.99987792590288 96.0 
95.99981688888454 91.00021362956633 
95.99981688888454 93.000640888699 
95.99981688888454 93.000640888699 
95.99981688888454 97.000640888699 
95.99981688888454 98.999359111301 
95.99981688888454 97.99957274086734 
95.99981688888454 98.999359111301 
95.99981688888454 98.999359111301 
95.99981688888454 98.999359111301 
95.99981688888454 97.99957274086734 
95.99981688888454 97.99957274086734 
95.99981688888454 96.0 
95.99981688888454 94.00042725913266 
95.99981688888454 91.00021362956633 
95.99981688888454 91.00021362956633 
95.99981688888454 95.00021362956633 
95.99981688888454 97.000640888699 
95.99981688888454 97.000640888699 
95.99981688888454 98.999359111301 
95.99981688888454 96.0 
95.99981688888454 94.00042725913266 
95.99981688888454 94.00042725913266 
95.99981688888454 96.0 
95.99981688888454 98.999359111301 
95.99981688888454 100.0 
95.99981688888454 100.0 
95.99981688888454 100.0 
95.99981688888454 100.99978637043367 
95.99981688888454 100.0 
95.99981688888454 98.999359111301 
95.99981688888454 95.00021362956633 
95.99981688888454 89.000640888699 
95.99981688888454 88.0 
95.99981688888454 88.0 
95.99981688888454 89.000640888699 
95.99981688888454 90.00042725913266 
95.99981688888454 93.000640888699 
95.99981688888454 96.0 
95.99981688888454 97.99957274086734 
95.99981688888454 97.99957274086734 
95.99981688888454 100.99978637043367 
95.99981688888454 101.99957274086734 
95.99981688888454 101.99957274086734 
95.99981688888454 104.0 
95.99981688888454 102.999359111301 
95.99981688888454 98.999359111301 
95.99981688888454 95.00021362956633 
95.99981688888454 94.00042725913266 
95.99981688888454 94.00042725913266 
95.99981688888454 93.000640888699 
95.99981688888454 93.000640888699 
95.99981688888454 96.0 
95.99981688888454 97.99957274086734 
95.99981688888454 98.999359111301 
95.99981688888454 100.0 
95.99981688888454 97.99957274086734 
95.99981688888454 97.000640888699 
94.9997558518662 96.0 
94.9997558518662 96.0 
94.9997558518662 96.0 
94.9997558518662 96.0 
94.9997558518662 97.000640888699 
95.99981688888454 96.0 
95.99981688888454 96.0 
95.99981688888454 97.000640888699 
95.99981688888454 97.000640888699 
95.99981688888454 97.000640888699 
95.99981688888454 97.000640888699 
95.99981688888454 97.000640888699 
95.99981688888454 98.999359111301 
95.99981688888454 98.999359111301 
95.99981688888454 98.999359111301 
95.99981688888454 98.999359111301 
95.99981688888454 97.99957274086734 
95.99981688888454 97.000640888699 
95.99981688888454 97.000640888699 
95.99981688888454 97.000640888699 
95.99981688888454 97.000640888699 
95.99981688888454 98.999359111301 
95.99981688888454 98.999359111301 
95.99981688888454 100.0 
95.99981688888454 101.99957274086734 
96.99987792590288 102.999359111301 
95.99981688888454 102.999359111301 
95.99981688888454 104.0 
96.99987792590288 108.0 
96.99987792590288 108.99978637043367 
97.99993896292122 108.0 
97.99993896292122 106.999359111301 
97.99993896292122 105.99957274086734 
97.99993896292122 100.99978637043367 
97.99993896292122 97.000640888699 
97.99993896292122 96.0 
97.99993896292122 96.0 
97.99993896292122 96.0 
96.99987792590288 95.00021362956633 
96.99987792590288 95.00021362956633 
96.99987792590288 95.00021362956633 
96.99987792590288 93.000640888699 
96.99987792590288 94.00042725913266 
95.99981688888454 93.000640888699 
95.99981688888454 92.0 
95.99981688888454 88.0 
95.99981688888454 86.00042725913266 
95.99981688888454 83.00021362956633 
94.9997558518662 82.00042725913266 
94.9997558518662 81.000640888699 
94.9997558518662 81.000640888699 
94.9997558518662 80.0 
94.9997558518662 79.00021362956633 
94.9997558518662 79.00021362956633 
94.9997558518662 79.00021362956633 
94.9997558518662 78.00042725913266 
94.9997558518662 77.000640888699 
94.9997558518662 77.000640888699 
94.9997558518662 75.00021362956633 
94.9997558518662 77.000640888699 
94.9997558518662 77.000640888699 
94.9997558518662 76.0 
94.9997558518662 76.0 
94.9997558518662 76.0 
94.9997558518662 74.00042725913266 
94.9997558518662 74.00042725913266 
94.9997558518662 75.00021362956633 
94.9997558518662 75.00021362956633 
94.9997558518662 77.000640888699 
94.9997558518662 77.000640888699 
94.9997558518662 78.00042725913266 
94.9997558518662 78.00042725913266 
94.9997558518662 78.00042725913266 
94.9997558518662 77.000640888699 
94.9997558518662 78.00042725913266 
94.9997558518662 77.000640888699 
94.9997558518662 79.00021362956633 
94.9997558518662 79.00021362956633 
94.9997558518662 85.000640888699 
94.9997558518662 85.000640888699 
94.9997558518662 89.000640888699 
94.9997558518662 90.00042725913266 
94.9997558518662 90.00042725913266 
94.9997558518662 90.00042725913266 
94.9997558518662 90.00042725913266 
94.9997558518662 90.00042725913266 
94.9997558518662 90.00042725913266 
94.9997558518662 90.00042725913266 
94.9997558518662 90.00042725913266 
94.9997558518662 87.00021362956633 
94.9997558518662 84.0 
94.9997558518662 82.00042725913266 
94.9997558518662 82.00042725913266 
94.9997558518662 82.00042725913266 
94.9997558518662 81.000640888699 
94.9997558518662 81.000640888699 
94.9997558518662 80.0 
94.9997558518662 78.00042725913266 
94.9997558518662 78.00042725913266 
94.9997558518662 79.00021362956633 
94.9997558518662 79.00021362956633 
94.9997558518662 79.00021362956633 
94.9997558518662 80.0 
94.9997558518662 78.00042725913266 
94.9997558518662 77.000640888699 
94.9997558518662 77.000640888699 
94.9997558518662 77.000640888699 
94.9997558518662 76.0 
94.9997558518662 78.00042725913266 
94.9997558518662 76.0 
94.9997558518662 75.00021362956633 
94.9997558518662 76.0 
94.9997558518662 74.00042725913266 
94.9997558518662 74.00042725913266 
94.9997558518662 74.00042725913266 
94.9997558518662 74.00042725913266 
94.9997558518662 74.00042725913266 
94.9997558518662 76.0 
94.9997558518662 78.00042725913266 
94.9997558518662 78.00042725913266 
94.9997558518662 81.000640888699 
94.9997558518662 80.0 
94.9997558518662 80.0 
94.9997558518662 82.00042725913266 
94.9997558518662 82.00042725913266 
94.9997558518662 87.00021362956633 
94.9997558518662 87.00021362956633 
94.9997558518662 90.00042725913266 
94.9997558518662 90.00042725913266 
94.9997558518662 90.00042725913266 
94.9997558518662 90.00042725913266 
94.9997558518662 91.00021362956633 
94.9997558518662 90.00042725913266 
94.9997558518662 91.00021362956633 
94.9997558518662 91.00021362956633 
94.9997558518662 92.0 
94.9997558518662 93.000640888699 
94.9997558518662 94.00042725913266 
94.9997558518662 92.0 
94.9997558518662 90.00042725913266 
94.9997558518662 90.00042725913266 
94.9997558518662 89.000640888699 
94.9997558518662 89.000640888699 
94.9997558518662 88.0 
94.9997558518662 88.0 
94.9997558518662 89.000640888699 
94.9997558518662 89.000640888699 
94.9997558518662 89.000640888699 
94.9997558518662 90.00042725913266 
94.9997558518662 89.000640888699 
94.9997558518662 89.000640888699 
94.9997558518662 88.0 
94.9997558518662 88.0 
94.9997558518662 88.0 
94.9997558518662 88.0 
94.9997558518662 87.00021362956633 
94.9997558518662 86.00042725913266 
94.9997558518662 85.000640888699 
94.9997558518662 83.00021362956633 
94.9997558518662 83.00021362956633 
94.9997558518662 83.00021362956633 
94.9997558518662 82.00042725913266 
94.9997558518662 82.00042725913266 
94.9997558518662 83.00021362956633 
94.9997558518662 81.000640888699 
94.9997558518662 81.000640888699 
94.9997558518662 81.000640888699 
94.9997558518662 82.00042725913266 
94.9997558518662 82.00042725913266 
94.9997558518662 82.00042725913266 
94.9997558518662 82.00042725913266 
94.9997558518662 81.000640888699 
94.9997558518662 82.00042725913266 
94.9997558518662 81.000640888699 
94.9997558518662 82.00042725913266 
94.9997558518662 82.00042725913266 
94.9997558518662 83.00021362956633 
94.9997558518662 85.000640888699 
94.9997558518662 86.00042725913266 
94.9997558518662 86.00042725913266 
94.9997558518662 85.000640888699 
94.9997558518662 85.000640888699 
94.9997558518662 86.00042725913266 
94.9997558518662 86.00042725913266 
94.9997558518662 87.00021362956633 
94.9997558518662 87.00021362956633 
94.9997558518662 88.0 
94.9997558518662 87.00021362956633 
94.9997558518662 88.0 
94.9997558518662 87.00021362956633 
94.9997558518662 87.00021362956633 
94.9997558518662 88.0 
94.9997558518662 89.000640888699 
94.9997558518662 89.000640888699 
93.99996948143314 89.000640888699 
93.99996948143314 89.000640888699 
93.99996948143314 89.000640888699 
93.99996948143314 89.000640888699 
93.99996948143314 87.00021362956633 
93.99996948143314 86.00042725913266 
93.99996948143314 84.0 
93.99996948143314 84.0 
93.99996948143314 85.000640888699 
93.99996948143314 84.0 
93.99996948143314 84.0 
93.99996948143314 84.0 
93.99996948143314 84.0 
93.99996948143314 86.00042725913266 
93.99996948143314 86.00042725913266 
93.99996948143314 87.00021362956633 
93.99996948143314 87.00021362956633 
93.99996948143314 87.00021362956633 
93.99996948143314 87.00021362956633 
93.99996948143314 87.00021362956633 
93.99996948143314 86.00042725913266 
93.99996948143314 86.00042725913266 
93.99996948143314 86.00042725913266 
93.99996948143314 86.00042725913266 
93.99996948143314 86.00042725913266 
93.99996948143314 85.000640888699 
93.99996948143314 84.0 
93.99996948143314 85.000640888699 
93.99996948143314 85.000640888699 
93.99996948143314 87.00021362956633 
93.99996948143314 87.00021362956633 
94.9997558518662 88.0 
93.99996948143314 89.000640888699 
93.99996948143314 88.0 
93.99996948143314 89.000640888699 
93.99996948143314 87.00021362956633 
93.99996948143314 87.00021362956633 
93.99996948143314 86.00042725913266 
93.99996948143314 86.00042725913266 
93.99996948143314 86.00042725913266 
93.99996948143314 86.00042725913266 
93.99996948143314 86.00042725913266 
93.99996948143314 87.00021362956633 
93.99996948143314 89.000640888699 
93.99996948143314 89.000640888699 
93.99996948143314 88.0 
93.99996948143314 88.0 
93.99996948143314 88.0 
93.99996948143314 87.00021362956633 
93.99996948143314 87.00021362956633 
93.99996948143314 87.00021362956633 
93.99996948143314 87.00021362956633 
93.99996948143314 87.00021362956633 
93.99996948143314 87.00021362956633 
93.99996948143314 88.0 
93.99996948143314 89.000640888699 
93.99996948143314 90.00042725913266 
93.99996948143314 91.00021362956633 
93.99996948143314 90.00042725913266 
93.99996948143314 89.000640888699 
93.99996948143314 87.00021362956633 
93.99996948143314 85.000640888699 
93.99996948143314 85.000640888699 
94.9997558518662 84.0 
94.9997558518662 86.00042725913266 
94.9997558518662 88.0 
94.9997558518662 88.0 
94.9997558518662 89.000640888699 
94.9997558518662 90.00042725913266 
94.9997558518662 90.00042725913266 
94.9997558518662 91.00021362956633 
94.9997558518662 91.00021362956633 
94.9997558518662 91.00021362956633 
94.9997558518662 91.00021362956633 
94.9997558518662 91.00021362956633 
94.9997558518662 89.000640888699 
94.9997558518662 89.000640888699 
94.9997558518662 90.00042725913266 
94.9997558518662 90.00042725913266 
94.9997558518662 90.00042725913266 
93.99996948143314 90.00042725913266 
93.99996948143314 89.000640888699 
93.99996948143314 89.000640888699 
93.99996948143314 89.000640888699 
93.99996948143314 88.0 
93.99996948143314 87.00021362956633 
93.99996948143314 87.00021362956633 
93.99996948143314 87.00021362956633 
93.99996948143314 88.0 
93.99996948143314 88.0 
93.99996948143314 88.0 
94.9997558518662 89.000640888699 
94.9997558518662 90.00042725913266 
94.9997558518662 91.00021362956633 
94.9997558518662 91.00021362956633 
94.9997558518662 90.00042725913266 
94.9997558518662 90.00042725913266 
93.99996948143314 88.0 
93.99996948143314 86.00042725913266 
93.99996948143314 86.00042725913266 
93.99996948143314 86.00042725913266 
93.99996948143314 86.00042725913266 
93.99996948143314 86.00042725913266 
93.99996948143314 85.000640888699 
93.99996948143314 84.0 
93.99996948143314 83.00021362956633 
93.99996948143314 83.00021362956633 
93.99996948143314 83.00021362956633 
93.99996948143314 84.0 
93.99996948143314 85.000640888699 
93.99996948143314 85.000640888699 
93.99996948143314 84.0 
93.99996948143314 85.000640888699 
93.99996948143314 84.0 
93.99996948143314 85.000640888699 
93.99996948143314 85.000640888699 
93.99996948143314 85.000640888699 
93.99996948143314 85.000640888699 
93.99996948143314 85.000640888699 
93.99996948143314 85.000640888699 
93.99996948143314 86.00042725913266 
93.99996948143314 87.00021362956633 
93.99996948143314 87.00021362956633 
93.99996948143314 87.00021362956633 
93.99996948143314 87.00021362956633 
93.99996948143314 87.00021362956633 
93.99996948143314 88.0 
93.99996948143314 87.00021362956633 
93.99996948143314 87.00021362956633 
93.99996948143314 87.00021362956633 
93.99996948143314 87.00021362956633 
93.99996948143314 89.000640888699 
94.9997558518662 89.000640888699 
94.9997558518662 89.000640888699 
95.99981688888454 93.000640888699 
95.99981688888454 94.00042725913266 
97.99993896292122 96.0 
97.99993896292122 96.0 
97.99993896292122 96.0 
97.99993896292122 96.0 
97.99993896292122 96.0 
97.99993896292122 98.999359111301 
97.99993896292122 98.999359111301 
97.99993896292122 98.999359111301 
97.99993896292122 98.999359111301 
97.99993896292122 98.999359111301 
96.99987792590288 98.999359111301 
97.99993896292122 100.99978637043367 
97.99993896292122 104.0 
97.99993896292122 104.0 
97.99993896292122 104.0 
97.99993896292122 104.0 
97.99993896292122 104.0 
97.99993896292122 104.0 
97.99993896292122 104.0 
97.99993896292122 104.0 
97.99993896292122 104.0 
97.99993896292122 104.0 
97.99993896292122 104.99978637043367 
96.99987792590288 104.0 
96.99987792590288 104.0 
95.99981688888454 102.999359111301 
95.99981688888454 106.999359111301 
96.99987792590288 106.999359111301 
96.99987792590288 108.99978637043367 
96.99987792590288 109.99957274086734 
96.99987792590288 109.99957274086734 
96.99987792590288 109.99957274086734 
96.99987792590288 109.99957274086734 
96.99987792590288 108.99978637043367 
96.99987792590288 106.999359111301 
95.99981688888454 106.999359111301 
95.99981688888454 106.999359111301 
95.99981688888454 106.999359111301 
95.99981688888454 106.999359111301 
95.99981688888454 104.99978637043367 
95.99981688888454 104.99978637043367 
95.99981688888454 102.999359111301 
95.99981688888454 102.999359111301 
96.99987792590288 102.999359111301 
96.99987792590288 102.999359111301 
96.99987792590288 102.999359111301 
96.99987792590288 102.999359111301 
96.99987792590288 102.999359111301 
96.99987792590288 100.99978637043367 
96.99987792590288 100.99978637043367 
96.99987792590288 100.99978637043367 
96.99987792590288 102.999359111301 
96.99987792590288 102.999359111301 
96.99987792590288 102.999359111301 
96.99987792590288 101.99957274086734 
96.99987792590288 97.99957274086734 
96.99987792590288 95.00021362956633 
96.99987792590288 91.00021362956633 
95.99981688888454 87.00021362956633 
95.99981688888454 86.00042725913266 
95.99981688888454 85.000640888699 
95.99981688888454 85.000640888699 
95.99981688888454 84.0 
95.99981688888454 84.0 
95.99981688888454 83.00021362956633 
95.99981688888454 80.0 
95.99981688888454 80.0 
95.99981688888454 80.0 
95.99981688888454 80.0 
95.99981688888454 81.000640888699 
95.99981688888454 81.000640888699 
95.99981688888454 81.000640888699 
95.99981688888454 81.000640888699 
95.99981688888454 81.000640888699 
95.99981688888454 84.0 
96.99987792590288 89.000640888699 
96.99987792590288 94.00042725913266 
95.99981688888454 94.00042725913266 
95.99981688888454 97.000640888699 
96.99987792590288 97.000640888699 
95.99981688888454 97.000640888699 
95.99981688888454 97.000640888699 
95.99981688888454 97.000640888699 
95.99981688888454 95.00021362956633 
95.99981688888454 95.00021362956633 
95.99981688888454 93.000640888699 
95.99981688888454 92.0 
95.99981688888454 91.00021362956633 
95.99981688888454 89.000640888699 
95.99981688888454 90.00042725913266 
95.99981688888454 89.000640888699 
95.99981688888454 89.000640888699 
95.99981688888454 89.000640888699 
95.99981688888454 86.00042725913266 
95.99981688888454 84.0 
95.99981688888454 84.0 
95.99981688888454 82.00042725913266 
95.99981688888454 81.000640888699 
95.99981688888454 81.000640888699 
95.99981688888454 81.000640888699 
95.99981688888454 80.0 
94.9997558518662 82.00042725913266 
94.9997558518662 82.00042725913266 
94.9997558518662 83.00021362956633 
95.99981688888454 85.000640888699 
95.99981688888454 86.00042725913266 
95.99981688888454 88.0 
95.99981688888454 88.0 
95.99981688888454 90.00042725913266 
95.99981688888454 90.00042725913266 
94.9997558518662 90.00042725913266 
95.99981688888454 90.00042725913266 
95.99981688888454 90.00042725913266 
95.99981688888454 88.0 
95.99981688888454 86.00042725913266 
95.99981688888454 85.000640888699 
95.99981688888454 82.00042725913266 
95.99981688888454 81.000640888699 
95.99981688888454 82.00042725913266 
95.99981688888454 82.00042725913266 
95.99981688888454 82.00042725913266 
95.99981688888454 84.0 
95.99981688888454 84.0 
95.99981688888454 84.0 
95.99981688888454 84.0 
95.99981688888454 82.00042725913266 
95.99981688888454 81.000640888699 
95.99981688888454 80.0 
95.99981688888454 80.0 
95.99981688888454 80.0 
95.99981688888454 78.00042725913266 
95.99981688888454 80.0 
95.99981688888454 80.0 
95.99981688888454 83.00021362956633 
95.99981688888454 83.00021362956633 
95.99981688888454 84.0 
95.99981688888454 85.000640888699 
95.99981688888454 84.0 
94.9997558518662 83.00021362956633 
94.9997558518662 82.00042725913266 
94.9997558518662 81.000640888699 
94.9997558518662 81.000640888699 
94.9997558518662 82.00042725913266 
94.9997558518662 84.0 
94.9997558518662 84.0 
95.99981688888454 84.0 
95.99981688888454 80.0 
95.99981688888454 80.0 
95.99981688888454 80.0 
95.99981688888454 80.0 
95.99981688888454 82.00042725913266 
95.99981688888454 85.000640888699 
95.99981688888454 89.000640888699 
95.99981688888454 89.000640888699 
95.99981688888454 91.00021362956633 
95.99981688888454 91.00021362956633 
95.99981688888454 91.00021362956633 
95.99981688888454 92.0 
95.99981688888454 91.00021362956633 
95.99981688888454 91.00021362956633 
95.99981688888454 90.00042725913266 
95.99981688888454 89.000640888699 
95.99981688888454 89.000640888699 
95.99981688888454 89.000640888699 
96.99987792590288 90.00042725913266 
96.99987792590288 90.00042725913266 
96.99987792590288 90.00042725913266 
96.99987792590288 90.00042725913266 
96.99987792590288 89.000640888699 
96.99987792590288 88.0 
96.99987792590288 88.0 
97.99993896292122 86.00042725913266 
96.99987792590288 86.00042725913266 
97.99993896292122 85.000640888699 
96.99987792590288 85.000640888699 
96.99987792590288 85.000640888699 
96.99987792590288 85.000640888699 
96.99987792590288 85.000640888699 
96.99987792590288 84.0 
95.99981688888454 84.0 
95.99981688888454 85.000640888699 
95.99981688888454 85.000640888699 
95.99981688888454 85.000640888699 
95.99981688888454 85.000640888699 
95.99981688888454 85.000640888699 
97.99993896292122 82.00042725913266 
97.99993896292122 81.000640888699 
96.99987792590288 80.0 
96.99987792590288 80.0 
96.99987792590288 79.00021362956633 
95.99981688888454 80.0 
95.99981688888454 79.00021362956633 
95.99981688888454 78.00042725913266 
95.99981688888454 78.00042725913266 
95.99981688888454 79.00021362956633 
95.99981688888454 78.00042725913266 
95.99981688888454 79.00021362956633 
95.99981688888454 79.00021362956633 
95.99981688888454 79.00021362956633 
95.99981688888454 80.0 
95.99981688888454 81.000640888699 
94.9997558518662 81.000640888699 
94.9997558518662 82.00042725913266 
94.9997558518662 83.00021362956633 
94.9997558518662 82.00042725913266 
94.9997558518662 83.00021362956633 
94.9997558518662 81.000640888699 
94.9997558518662 81.000640888699 
94.9997558518662 81.000640888699 
94.9997558518662 81.000640888699 
95.99981688888454 84.0 
95.99981688888454 86.00042725913266 
94.9997558518662 86.00042725913266 
94.9997558518662 86.00042725913266 
94.9997558518662 86.00042725913266 
94.9997558518662 86.00042725913266 
94.9997558518662 85.000640888699 
94.9997558518662 85.000640888699 
94.9997558518662 85.000640888699 
94.9997558518662 85.000640888699 
94.9997558518662 86.00042725913266 
94.9997558518662 86.00042725913266 
94.9997558518662 85.000640888699 
94.9997558518662 86.00042725913266 
94.9997558518662 86.00042725913266 
94.9997558518662 85.000640888699 
94.9997558518662 85.000640888699 
94.9997558518662 85.000640888699 
94.9997558518662 85.000640888699 
94.9997558518662 83.00021362956633 
94.9997558518662 82.00042725913266 
94.9997558518662 81.000640888699 
94.9997558518662 81.000640888699 
95.99981688888454 80.0 
95.99981688888454 80.0 
95.99981688888454 80.0 
95.99981688888454 79.00021362956633 
95.99981688888454 80.0 
95.99981688888454 80.0 
95.99981688888454 79.00021362956633 
94.9997558518662 80.0 
94.9997558518662 80.0 
94.9997558518662 79.00021362956633 
94.9997558518662 79.00021362956633 
94.9997558518662 80.0 
94.9997558518662 81.000640888699 
94.9997558518662 81.000640888699 
94.9997558518662 82.00042725913266 
94.9997558518662 82.00042725913266 
94.9997558518662 81.000640888699 
94.9997558518662 81.000640888699 
94.9997558518662 81.000640888699 
94.9997558518662 81.000640888699 
94.9997558518662 83.00021362956633 
94.9997558518662 84.0 
94.9997558518662 85.000640888699 
94.9997558518662 86.00042725913266 
94.9997558518662 87.00021362956633 
94.9997558518662 87.00021362956633 
94.9997558518662 87.00021362956633 
94.9997558518662 85.000640888699 
94.9997558518662 85.000640888699 
94.9997558518662 84.0 
94.9997558518662 86.00042725913266 
94.9997558518662 86.00042725913266 
94.9997558518662 87.00021362956633 
94.9997558518662 87.00021362956633 
94.9997558518662 87.00021362956633 
94.9997558518662 85.000640888699 
94.9997558518662 84.0 
94.9997558518662 85.000640888699 
94.9997558518662 85.000640888699 
94.9997558518662 85.000640888699 
94.9997558518662 85.000640888699 
94.9997558518662 84.0 
94.9997558518662 84.0 
94.9997558518662 83.00021362956633 
94.9997558518662 82.00042725913266 
94.9997558518662 82.00042725913266 
94.9997558518662 84.0 
94.9997558518662 86.00042725913266 
94.9997558518662 86.00042725913266 
94.9997558518662 86.00042725913266 
94.9997558518662 87.00021362956633 
94.9997558518662 87.00021362956633 
94.9997558518662 86.00042725913266 
94.9997558518662 86.00042725913266 
95.99981688888454 86.00042725913266 
95.99981688888454 86.00042725913266 
95.99981688888454 86.00042725913266 
95.99981688888454 87.00021362956633 
94.9997558518662 87.00021362956633 
94.9997558518662 86.00042725913266 
94.9997558518662 86.00042725913266 
94.9997558518662 86.00042725913266 
94.9997558518662 86.00042725913266 
94.9997558518662 85.000640888699 
94.9997558518662 85.000640888699 
94.9997558518662 85.000640888699 
94.9997558518662 84.0 
94.9997558518662 82.00042725913266 
94.9997558518662 81.000640888699 
94.9997558518662 81.000640888699 
94.9997558518662 81.000640888699 
94.9997558518662 81.000640888699 
94.9997558518662 83.00021362956633 
94.9997558518662 82.00042725913266 
94.9997558518662 83.00021362956633 
94.9997558518662 82.00042725913266 
94.9997558518662 81.000640888699 
94.9997558518662 80.0 
94.9997558518662 80.0 
94.9997558518662 81.000640888699 
94.9997558518662 81.000640888699 
94.9997558518662 84.0 
94.9997558518662 84.0 
94.9997558518662 88.0 
94.9997558518662 88.0 
94.9997558518662 89.000640888699 
94.9997558518662 88.0 
94.9997558518662 88.0 
94.9997558518662 87.00021362956633 
94.9997558518662 87.00021362956633 
94.9997558518662 89.000640888699 
94.9997558518662 88.0 
93.99996948143314 89.000640888699 
93.99996948143314 89.000640888699 
94.9997558518662 88.0 
94.9997558518662 88.0 
94.9997558518662 88.0 
94.9997558518662 87.00021362956633 
94.9997558518662 87.00021362956633 
94.9997558518662 88.0 
94.9997558518662 87.00021362956633 
94.9997558518662 88.0 
94.9997558518662 88.0 
94.9997558518662 88.0 
94.9997558518662 88.0 
94.9997558518662 89.000640888699 
94.9997558518662 89.000640888699 
94.9997558518662 88.0 
94.9997558518662 87.00021362956633 
94.9997558518662 85.000640888699 
94.9997558518662 85.000640888699 
94.9997558518662 85.000640888699 
94.9997558518662 85.000640888699 
94.9997558518662 85.000640888699 
94.9997558518662 86.00042725913266 
94.9997558518662 86.00042725913266 
94.9997558518662 85.000640888699 
94.9997558518662 86.00042725913266 
94.9997558518662 86.00042725913266 
94.9997558518662 86.00042725913266 
94.9997558518662 86.00042725913266 
94.9997558518662 87.00021362956633 
94.9997558518662 86.00042725913266 
94.9997558518662 86.00042725913266 
94.9997558518662 87.00021362956633 
93.99996948143314 94.00042725913266 
93.99996948143314 93.000640888699 
96.99987792590288 91.00021362956633 
95.99981688888454 91.00021362956633 
95.99981688888454 92.0 
95.99981688888454 92.0 
95.99981688888454 95.00021362956633 
95.99981688888454 95.00021362956633 
95.99981688888454 96.0 
95.99981688888454 97.000640888699 
95.99981688888454 97.99957274086734 
95.99981688888454 97.000640888699 
95.99981688888454 96.0 
95.99981688888454 94.00042725913266 
95.99981688888454 94.00042725913266 
95.99981688888454 93.000640888699 
95.99981688888454 92.0 
95.99981688888454 92.0 
95.99981688888454 92.0 
95.99981688888454 91.00021362956633 
94.9997558518662 88.0 
94.9997558518662 87.00021362956633 
94.9997558518662 83.00021362956633 
93.99996948143314 83.00021362956633 
93.99996948143314 82.00042725913266 
93.99996948143314 83.00021362956633 
93.99996948143314 82.00042725913266 
93.99996948143314 82.00042725913266 
93.99996948143314 80.0 
93.99996948143314 80.0 
93.99996948143314 80.0 
93.99996948143314 79.00021362956633 
93.99996948143314 81.000640888699 
93.99996948143314 82.00042725913266 
93.99996948143314 83.00021362956633 
93.99996948143314 84.0 
93.99996948143314 83.00021362956633 
93.99996948143314 84.0 
93.99996948143314 84.0 
93.99996948143314 84.0 
93.99996948143314 84.0 
93.99996948143314 84.0 
93.99996948143314 85.000640888699 
93.99996948143314 84.0 
93.99996948143314 84.0 
93.99996948143314 85.000640888699 
93.99996948143314 86.00042725913266 
93.99996948143314 86.00042725913266 
93.99996948143314 87.00021362956633 
93.99996948143314 87.00021362956633 
93.99996948143314 87.00021362956633 
93.99996948143314 86.00042725913266 
93.99996948143314 87.00021362956633 
93.99996948143314 87.00021362956633 
94.9997558518662 87.00021362956633 
94.9997558518662 87.00021362956633 
94.9997558518662 88.0 
94.9997558518662 88.0 
94.9997558518662 88.0 
94.9997558518662 85.000640888699 
94.9997558518662 83.00021362956633 
94.9997558518662 80.0 
94.9997558518662 79.00021362956633 
94.9997558518662 79.00021362956633 
94.9997558518662 80.0 
94.9997558518662 80.0 
94.9997558518662 81.000640888699 
94.9997558518662 81.000640888699 
94.9997558518662 85.000640888699 
94.9997558518662 85.000640888699 
94.9997558518662 86.00042725913266 
94.9997558518662 86.00042725913266 
94.9997558518662 86.00042725913266 
93.99996948143314 87.00021362956633 
94.9997558518662 88.0 
93.99996948143314 89.000640888699 
93.99996948143314 88.0 
93.99996948143314 88.0 
93.99996948143314 88.0 
93.99996948143314 87.00021362956633 
93.99996948143314 87.00021362956633 
93.99996948143314 87.00021362956633 
93.99996948143314 85.000640888699 
93.99996948143314 85.000640888699 
93.99996948143314 85.000640888699 
93.99996948143314 85.000640888699 
93.99996948143314 85.000640888699 
93.99996948143314 85.000640888699 
93.99996948143314 86.00042725913266 
93.99996948143314 86.00042725913266 
93.99996948143314 86.00042725913266 
93.99996948143314 86.00042725913266 
93.99996948143314 86.00042725913266 
93.99996948143314 87.00021362956633 
93.99996948143314 87.00021362956633 
93.99996948143314 87.00021362956633 
93.99996948143314 88.0 
93.99996948143314 88.0 
93.99996948143314 88.0 
93.99996948143314 88.0 
93.99996948143314 88.0 
93.99996948143314 88.0 
93.99996948143314 89.000640888699 
93.99996948143314 89.000640888699 
93.99996948143314 89.000640888699 
93.99996948143314 87.00021362956633 
93.99996948143314 85.000640888699 
93.99996948143314 87.00021362956633 
93.99996948143314 87.00021362956633 
93.99996948143314 89.000640888699 
93.99996948143314 89.000640888699 
94.9997558518662 90.00042725913266 
94.9997558518662 90.00042725913266 
94.9997558518662 90.00042725913266 
94.9997558518662 90.00042725913266 
94.9997558518662 90.00042725913266 
94.9997558518662 90.00042725913266 
94.9997558518662 89.000640888699 
94.9997558518662 90.00042725913266 
94.9997558518662 89.000640888699 
94.9997558518662 89.000640888699 
94.9997558518662 90.00042725913266 
94.9997558518662 90.00042725913266 
94.9997558518662 90.00042725913266 
94.9997558518662 90.00042725913266 
94.9997558518662 89.000640888699 
93.99996948143314 88.0 
93.99996948143314 88.0 
93.99996948143314 88.0 
94.9997558518662 88.0 
94.9997558518662 90.00042725913266 
94.9997558518662 91.00021362956633 
94.9997558518662 92.0 
94.9997558518662 92.0 
94.9997558518662 91.00021362956633 
94.9997558518662 90.00042725913266 
94.9997558518662 89.000640888699 
94.9997558518662 86.00042725913266 
94.9997558518662 85.000640888699 
94.9997558518662 84.0 
94.9997558518662 85.000640888699 
94.9997558518662 88.0 
94.9997558518662 89.000640888699 
94.9997558518662 89.000640888699 
94.9997558518662 88.0 
94.9997558518662 88.0 
94.9997558518662 87.00021362956633 
94.9997558518662 87.00021362956633 
94.9997558518662 88.0 
94.9997558518662 87.00021362956633 
94.9997558518662 87.00021362956633 
94.9997558518662 88.0 
94.9997558518662 88.0 
94.9997558518662 88.0 
94.9997558518662 88.0 
94.9997558518662 88.0 
94.9997558518662 88.0 
94.9997558518662 88.0 
94.9997558518662 88.0 
94.9997558518662 87.00021362956633 
94.9997558518662 86.00042725913266 
94.9997558518662 86.00042725913266 
94.9997558518662 86.00042725913266 
94.9997558518662 86.00042725913266 
94.9997558518662 86.00042725913266 
94.9997558518662 87.00021362956633 
94.9997558518662 87.00021362956633 
94.9997558518662 88.0 
94.9997558518662 87.00021362956633 
94.9997558518662 87.00021362956633 
94.9997558518662 88.0 
94.9997558518662 88.0 
94.9997558518662 87.00021362956633 
94.9997558518662 87.00021362956633 
94.9997558518662 87.00021362956633 
94.9997558518662 89.000640888699 
94.9997558518662 91.00021362956633 
93.99996948143314 93.000640888699 
93.99996948143314 94.00042725913266 
93.99996948143314 94.00042725913266 
93.99996948143314 93.000640888699 
93.99996948143314 93.000640888699 
93.99996948143314 93.000640888699 
93.99996948143314 92.0 
93.99996948143314 91.00021362956633 
93.99996948143314 91.00021362956633 
93.99996948143314 90.00042725913266 
93.99996948143314 89.000640888699 
93.99996948143314 89.000640888699 
93.99996948143314 89.000640888699 
93.99996948143314 89.000640888699 
93.99996948143314 88.0 
93.99996948143314 87.00021362956633 
93.99996948143314 88.0 
93.99996948143314 87.00021362956633 
93.99996948143314 87.00021362956633 
93.99996948143314 87.00021362956633 
93.99996948143314 87.00021362956633 
93.99996948143314 87.00021362956633 
93.99996948143314 87.00021362956633 
93.99996948143314 87.00021362956633 
93.99996948143314 86.00042725913266 
93.99996948143314 86.00042725913266 
93.99996948143314 86.00042725913266 
93.99996948143314 86.00042725913266 
93.99996948143314 87.00021362956633 
93.99996948143314 86.00042725913266 
93.99996948143314 87.00021362956633 
93.99996948143314 87.00021362956633 
93.99996948143314 87.00021362956633 
94.9997558518662 87.00021362956633 
94.9997558518662 88.0 
94.9997558518662 89.000640888699 
94.9997558518662 89.000640888699 
94.9997558518662 89.000640888699 
93.99996948143314 90.00042725913266 
93.99996948143314 90.00042725913266 
93.99996948143314 89.000640888699 
93.99996948143314 88.0 
93.99996948143314 88.0 
94.9997558518662 88.0 
94.9997558518662 88.0 
93.99996948143314 88.0 
93.99996948143314 88.0 
93.99996948143314 90.00042725913266 
93.99996948143314 90.00042725913266 
93.99996948143314 90.00042725913266 
93.99996948143314 90.00042725913266 
93.99996948143314 87.00021362956633 
93.99996948143314 85.000640888699 
93.99996948143314 84.0 
93.99996948143314 83.00021362956633 
93.99996948143314 83.00021362956633 
93.99996948143314 83.00021362956633 
93.99996948143314 84.0 
93.99996948143314 84.0 
93.99996948143314 85.000640888699 
93.99996948143314 86.00042725913266 
94.9997558518662 86.00042725913266 
94.9997558518662 87.00021362956633 
94.9997558518662 87.00021362956633 
94.9997558518662 85.000640888699 
93.99996948143314 85.000640888699 
93.99996948143314 84.0 
93.99996948143314 84.0 
93.99996948143314 84.0 
93.99996948143314 84.0 
93.99996948143314 83.00021362956633 
93.99996948143314 82.00042725913266 
93.99996948143314 81.000640888699 
93.99996948143314 78.00042725913266 
93.99996948143314 77.000640888699 
93.99996948143314 76.0 
93.99996948143314 76.0 
93.99996948143314 75.00021362956633 
93.99996948143314 75.00021362956633 
93.99996948143314 75.00021362956633 
93.99996948143314 77.000640888699 
93.99996948143314 76.0 
93.99996948143314 77.000640888699 
93.99996948143314 78.00042725913266 
93.99996948143314 77.000640888699 
93.99996948143314 77.000640888699 
93.99996948143314 77.000640888699 
93.99996948143314 76.0 
93.99996948143314 75.00021362956633 
93.99996948143314 75.00021362956633 
93.99996948143314 75.00021362956633 
93.99996948143314 77.000640888699 
93.99996948143314 77.000640888699 
93.99996948143314 78.00042725913266 
93.99996948143314 80.0 
93.99996948143314 79.00021362956633 
93.99996948143314 80.0 
93.99996948143314 80.0 
93.99996948143314 79.00021362956633 
93.99996948143314 78.00042725913266 
93.99996948143314 79.00021362956633 
93.99996948143314 79.00021362956633 
93.99996948143314 78.00042725913266 
93.99996948143314 78.00042725913266 
93.99996948143314 79.00021362956633 
93.99996948143314 80.0 
94.9997558518662 81.000640888699 
94.9997558518662 82.00042725913266 
94.9997558518662 82.00042725913266 
94.9997558518662 83.00021362956633 
93.99996948143314 83.00021362956633 
93.99996948143314 83.00021362956633 
93.99996948143314 84.0 
93.99996948143314 83.00021362956633 
93.99996948143314 83.00021362956633 
93.99996948143314 83.00021362956633 
93.99996948143314 83.00021362956633 
93.99996948143314 83.00021362956633 
93.99996948143314 83.00021362956633 
93.99996948143314 83.00021362956633 
93.99996948143314 83.00021362956633 
93.99996948143314 82.00042725913266 
