97.99993896292122 90.0010986663631 
97.99993896292122 90.0010986663631 
97.99993896292122 90.0010986663631 
97.99993896292122 90.0010986663631 
97.99993896292122 90.0010986663631 
97.99993896292122 90.0010986663631 
97.99993896292122 90.0010986663631 
97.99993896292122 90.0010986663631 
97.99993896292122 90.0010986663631 
97.99993896292122 90.0010986663631 
97.99993896292122 89.00027466660701 
97.99993896292122 88.000610370211 
97.99993896292122 85.0004577776629 
97.99993896292122 82.00030518511478 
97.99993896292122 80.00097659232277 
97.99993896292122 80.00097659232277 
96.99987792590288 80.00097659232277 
96.99987792590288 79.00015259256666 
96.99987792590288 78.00048829617066 
96.99987792590288 78.00048829617066 
96.99987792590288 77.00082399977465 
96.99987792590288 76.00000000001856 
97.99993896292122 74.00067140722655 
97.99993896292122 74.00067140722655 
97.99993896292122 73.00100711083053 
97.99993896292122 74.00067140722655 
97.99993896292122 74.00067140722655 
97.99993896292122 74.00067140722655 
97.99993896292122 74.00067140722655 
97.99993896292122 73.00100711083053 
96.99987792590288 72.00018311107443 
96.99987792590288 72.00018311107443 
96.99987792590288 71.00051881467843 
96.99987792590288 72.00018311107443 
95.99995422217718 73.00100711083053 
95.99995422217718 73.00100711083053 
95.99995422217718 72.00018311107443 
95.99995422217718 72.00018311107443 
95.99995422217718 70.00085451828242 
95.99995422217718 68.00036622213031 
95.99995422217718 67.0007019257343 
95.99995422217718 67.0007019257343 
95.99995422217718 69.00003051852633 
95.99995422217718 73.00100711083053 
95.99995422217718 73.00100711083053 
95.99995422217718 75.00033570362255 
95.99995422217718 73.00100711083053 
95.99995422217718 71.00051881467843 
95.99995422217718 67.0007019257343 
95.99995422217718 66.0010376293383 
95.99995422217718 68.00036622213031 
94.99989318515884 67.0007019257343 
94.99989318515884 68.00036622213031 
94.99989318515884 67.0007019257343 
94.99989318515884 67.0007019257343 
94.99989318515884 67.0007019257343 
95.99995422217718 66.0010376293383 
95.99995422217718 66.0010376293383 
95.99995422217718 65.0002136295822 
95.99995422217718 65.0002136295822 
95.99995422217718 65.0002136295822 
95.99995422217718 64.0005493331862 
96.99987792590288 64.0005493331862 
96.99987792590288 64.0005493331862 
96.99987792590288 65.0002136295822 
96.99987792590288 69.00003051852633 
96.99987792590288 71.00051881467843 
96.99987792590288 71.00051881467843 
96.99987792590288 70.00085451828242 
96.99987792590288 67.0007019257343 
96.99987792590288 65.0002136295822 
96.99987792590288 64.0005493331862 
96.99987792590288 63.00088503679019 
96.99987792590288 63.00088503679019 
96.99987792590288 63.00088503679019 
96.99987792590288 63.00088503679019 
96.99987792590288 63.00088503679019 
95.99995422217718 65.0002136295822 
95.99995422217718 64.0005493331862 
95.99995422217718 64.0005493331862 
95.99995422217718 64.0005493331862 
95.99995422217718 63.00088503679019 
95.99995422217718 62.000061037034094 
95.99995422217718 61.00039674063808 
95.99995422217718 60.000732444242075 
95.99995422217718 60.000732444242075 
95.99995422217718 60.000732444242075 
95.99995422217718 61.00039674063808 
95.99995422217718 67.0007019257343 
95.99995422217718 67.0007019257343 
95.99995422217718 68.00036622213031 
95.99995422217718 71.00051881467843 
95.99995422217718 71.00051881467843 
95.99995422217718 69.00003051852633 
95.99995422217718 67.0007019257343 
95.99995422217718 68.00036622213031 
95.99995422217718 67.0007019257343 
95.99995422217718 66.0010376293383 
95.99995422217718 65.0002136295822 
95.99995422217718 64.0005493331862 
95.99995422217718 63.00088503679019 
95.99995422217718 63.00088503679019 
95.99995422217718 63.00088503679019 
95.99995422217718 63.00088503679019 
95.99995422217718 63.00088503679019 
95.99995422217718 65.0002136295822 
95.99995422217718 66.0010376293383 
95.99995422217718 65.0002136295822 
95.99995422217718 67.0007019257343 
95.99995422217718 67.0007019257343 
94.99989318515884 67.0007019257343 
94.99989318515884 67.0007019257343 
95.99995422217718 68.00036622213031 
95.99995422217718 68.00036622213031 
95.99995422217718 68.00036622213031 
95.99995422217718 68.00036622213031 
94.99989318515884 68.00036622213031 
95.99995422217718 69.00003051852633 
95.99995422217718 69.00003051852633 
95.99995422217718 69.00003051852633 
95.99995422217718 69.00003051852633 
95.99995422217718 69.00003051852633 
94.99989318515884 69.00003051852633 
94.99989318515884 69.00003051852633 
94.99989318515884 70.00085451828242 
94.99989318515884 71.00051881467843 
94.99989318515884 71.00051881467843 
94.99989318515884 74.00067140722655 
94.99989318515884 74.00067140722655 
94.99989318515884 74.00067140722655 
94.99989318515884 74.00067140722655 
94.99989318515884 74.00067140722655 
94.99989318515884 74.00067140722655 
94.99989318515884 73.00100711083053 
94.99989318515884 70.00085451828242 
94.99989318515884 69.00003051852633 
94.99989318515884 68.00036622213031 
94.99989318515884 68.00036622213031 
94.99989318515884 70.00085451828242 
94.99989318515884 72.00018311107443 
94.99989318515884 72.00018311107443 
94.99989318515884 73.00100711083053 
94.99989318515884 73.00100711083053 
94.99989318515884 71.00051881467843 
94.99989318515884 69.00003051852633 
94.99989318515884 67.0007019257343 
94.99989318515884 66.0010376293383 
94.99989318515884 65.0002136295822 
94.99989318515884 65.0002136295822 
94.99989318515884 66.0010376293383 
94.99989318515884 67.0007019257343 
94.99989318515884 70.00085451828242 
94.99989318515884 70.00085451828242 
94.99989318515884 68.00036622213031 
94.99989318515884 67.0007019257343 
94.99989318515884 66.0010376293383 
94.99989318515884 65.0002136295822 
94.99989318515884 63.00088503679019 
94.99989318515884 64.0005493331862 
94.99989318515884 63.00088503679019 
94.99989318515884 63.00088503679019 
94.99989318515884 63.00088503679019 
94.99989318515884 63.00088503679019 
94.99989318515884 63.00088503679019 
94.99989318515884 63.00088503679019 
94.99989318515884 62.000061037034094 
95.99995422217718 61.00039674063808 
95.99995422217718 60.000732444242075 
95.99995422217718 60.000732444242075 
95.99995422217718 60.000732444242075 
95.99995422217718 60.000732444242075 
95.99995422217718 61.00039674063808 
95.99995422217718 61.00039674063808 
95.99995422217718 61.00039674063808 
95.99995422217718 61.00039674063808 
95.99995422217718 61.00039674063808 
95.99995422217718 61.00039674063808 
94.99989318515884 70.00085451828242 
94.99989318515884 70.00085451828242 
94.99989318515884 72.00018311107443 
94.99989318515884 75.00033570362255 
94.99989318515884 74.00067140722655 
94.99989318515884 73.00100711083053 
94.99989318515884 73.00100711083053 
94.99989318515884 73.00100711083053 
94.99989318515884 71.00051881467843 
94.99989318515884 70.00085451828242 
94.99989318515884 69.00003051852633 
95.99995422217718 69.00003051852633 
95.99995422217718 68.00036622213031 
95.99995422217718 66.0010376293383 
95.99995422217718 66.0010376293383 
96.99987792590288 67.0007019257343 
96.99987792590288 66.0010376293383 
96.99987792590288 66.0010376293383 
96.99987792590288 66.0010376293383 
96.99987792590288 68.00036622213031 
96.99987792590288 68.00036622213031 
96.99987792590288 68.00036622213031 
96.99987792590288 69.00003051852633 
95.99995422217718 69.00003051852633 
95.99995422217718 69.00003051852633 
95.99995422217718 69.00003051852633 
95.99995422217718 69.00003051852633 
95.99995422217718 69.00003051852633 
95.99995422217718 68.00036622213031 
95.99995422217718 67.0007019257343 
95.99995422217718 66.0010376293383 
95.99995422217718 66.0010376293383 
95.99995422217718 66.0010376293383 
95.99995422217718 67.0007019257343 
95.99995422217718 67.0007019257343 
95.99995422217718 68.00036622213031 
95.99995422217718 67.0007019257343 
95.99995422217718 66.0010376293383 
94.99989318515884 66.0010376293383 
94.99989318515884 65.0002136295822 
94.99989318515884 65.0002136295822 
95.99995422217718 66.0010376293383 
95.99995422217718 66.0010376293383 
95.99995422217718 66.0010376293383 
95.99995422217718 67.0007019257343 
95.99995422217718 66.0010376293383 
95.99995422217718 66.0010376293383 
95.99995422217718 66.0010376293383 
94.99989318515884 66.0010376293383 
95.99995422217718 67.0007019257343 
95.99995422217718 68.00036622213031 
95.99995422217718 69.00003051852633 
94.99989318515884 70.00085451828242 
94.99989318515884 71.00051881467843 
94.99989318515884 71.00051881467843 
94.99989318515884 72.00018311107443 
94.99989318515884 74.00067140722655 
94.99989318515884 77.00082399977465 
94.00010681472578 82.00030518511478 
94.00010681472578 85.0004577776629 
94.00010681472578 87.000946073815 
94.00010681472578 87.000946073815 
94.00010681472578 87.000946073815 
94.00010681472578 88.000610370211 
94.00010681472578 89.00027466660701 
94.00010681472578 88.000610370211 
94.00010681472578 88.000610370211 
94.00010681472578 88.000610370211 
94.00010681472578 90.0010986663631 
94.00010681472578 90.0010986663631 
94.00010681472578 91.99926755579504 
94.00010681472578 89.00027466660701 
94.00010681472578 79.00015259256666 
94.00010681472578 74.00067140722655 
94.00010681472578 70.00085451828242 
94.00010681472578 68.00036622213031 
94.99989318515884 67.0007019257343 
94.99989318515884 67.0007019257343 
94.99989318515884 66.0010376293383 
94.99989318515884 66.0010376293383 
94.99989318515884 67.0007019257343 
94.99989318515884 66.0010376293383 
95.99995422217718 66.0010376293383 
95.99995422217718 65.0002136295822 
95.99995422217718 66.0010376293383 
95.99995422217718 66.0010376293383 
95.99995422217718 66.0010376293383 
95.99995422217718 66.0010376293383 
96.99987792590288 66.0010376293383 
96.99987792590288 66.0010376293383 
96.99987792590288 66.0010376293383 
95.99995422217718 67.0007019257343 
95.99995422217718 67.0007019257343 
95.99995422217718 68.00036622213031 
95.99995422217718 67.0007019257343 
95.99995422217718 66.0010376293383 
95.99995422217718 65.0002136295822 
95.99995422217718 65.0002136295822 
95.99995422217718 65.0002136295822 
95.99995422217718 65.0002136295822 
95.99995422217718 65.0002136295822 
95.99995422217718 65.0002136295822 
95.99995422217718 66.0010376293383 
95.99995422217718 66.0010376293383 
95.99995422217718 66.0010376293383 
95.99995422217718 66.0010376293383 
94.99989318515884 66.0010376293383 
94.99989318515884 66.0010376293383 
94.99989318515884 66.0010376293383 
94.99989318515884 65.0002136295822 
94.00010681472578 65.0002136295822 
94.00010681472578 66.0010376293383 
94.00010681472578 67.0007019257343 
94.00010681472578 65.0002136295822 
94.00010681472578 69.00003051852633 
94.99989318515884 69.00003051852633 
94.99989318515884 70.00085451828242 
94.99989318515884 71.00051881467843 
94.99989318515884 72.00018311107443 
94.00010681472578 75.00033570362255 
94.00010681472578 74.00067140722655 
94.00010681472578 72.00018311107443 
94.99989318515884 67.0007019257343 
94.99989318515884 67.0007019257343 
94.99989318515884 71.00051881467843 
94.99989318515884 71.00051881467843 
94.99989318515884 71.00051881467843 
94.99989318515884 71.00051881467843 
94.99989318515884 71.00051881467843 
94.99989318515884 71.00051881467843 
94.99989318515884 71.00051881467843 
94.99989318515884 71.00051881467843 
94.99989318515884 71.00051881467843 
94.99989318515884 71.00051881467843 
94.99989318515884 71.00051881467843 
94.99989318515884 71.00051881467843 
94.99989318515884 71.00051881467843 
94.99989318515884 71.00051881467843 
94.99989318515884 71.00051881467843 
94.99989318515884 71.00051881467843 
94.99989318515884 71.00051881467843 
94.99989318515884 71.00051881467843 
94.99989318515884 71.00051881467843 
94.99989318515884 71.00051881467843 
94.99989318515884 71.00051881467843 
94.99989318515884 71.00051881467843 
94.99989318515884 71.00051881467843 
94.99989318515884 71.00051881467843 
94.99989318515884 71.00051881467843 
94.99989318515884 71.00051881467843 
94.99989318515884 71.00051881467843 
94.99989318515884 71.00051881467843 
94.99989318515884 71.00051881467843 
94.99989318515884 71.00051881467843 
95.99995422217718 76.00000000001856 
95.99995422217718 78.00048829617066 
95.99995422217718 78.00048829617066 
95.99995422217718 83.00112918487088 
95.99995422217718 84.00079348126688 
96.99987792590288 90.0010986663631 
95.99995422217718 93.99975585194714 
95.99995422217718 94.99942014834315 
95.99995422217718 94.99942014834315 
95.99995422217718 94.99942014834315 
95.99995422217718 94.99942014834315 
95.99995422217718 94.99942014834315 
95.99995422217718 94.99942014834315 
95.99995422217718 94.99942014834315 
94.99989318515884 95.99908444473917 
94.99989318515884 95.99908444473917 
94.99989318515884 95.99908444473917 
94.99989318515884 94.99942014834315 
95.99995422217718 94.99942014834315 
95.99995422217718 91.99926755579504 
95.99995422217718 89.00027466660701 
96.99987792590288 87.000946073815 
96.99987792590288 87.000946073815 
96.99987792590288 89.00027466660701 
96.99987792590288 89.00027466660701 
96.99987792590288 92.99893185219105 
96.99987792590288 94.99942014834315 
96.99987792590288 94.99942014834315 
96.99987792590288 95.99908444473917 
96.99987792590288 97.99957274089127 
96.99987792590288 97.99957274089127 
96.99987792590288 95.99908444473917 
96.99987792590288 95.99908444473917 
96.99987792590288 95.99908444473917 
96.99987792590288 95.99908444473917 
96.99987792590288 96.99990844449526 
96.99987792590288 96.99990844449526 
96.99987792590288 96.99990844449526 
95.99995422217718 95.99908444473917 
95.99995422217718 96.99990844449526 
95.99995422217718 96.99990844449526 
95.99995422217718 96.99990844449526 
95.99995422217718 96.99990844449526 
95.99995422217718 96.99990844449526 
95.99995422217718 96.99990844449526 
95.99995422217718 97.99957274089127 
95.99995422217718 97.99957274089127 
95.99995422217718 97.99957274089127 
95.99995422217718 97.99957274089127 
95.99995422217718 96.99990844449526 
96.99987792590288 96.99990844449526 
95.99995422217718 96.99990844449526 
94.99989318515884 96.99990844449526 
94.99989318515884 95.99908444473917 
94.99989318515884 95.99908444473917 
94.99989318515884 95.99908444473917 
94.99989318515884 95.99908444473917 
94.99989318515884 95.99908444473917 
94.99989318515884 95.99908444473917 
94.99989318515884 95.99908444473917 
94.99989318515884 95.99908444473917 
94.00010681472578 94.99942014834315 
94.00010681472578 94.99942014834315 
94.00010681472578 94.99942014834315 
94.00010681472578 94.99942014834315 
94.00010681472578 94.99942014834315 
94.99989318515884 94.99942014834315 
95.99995422217718 93.99975585194714 
97.99993896292122 94.99942014834315 
97.99993896292122 94.99942014834315 
97.99993896292122 94.99942014834315 
96.99987792590288 94.99942014834315 
96.99987792590288 94.99942014834315 
96.99987792590288 95.99908444473917 
97.99993896292122 95.99908444473917 
97.99993896292122 95.99908444473917 
97.99993896292122 95.99908444473917 
97.99993896292122 95.99908444473917 
97.99993896292122 95.99908444473917 
97.99993896292122 96.99990844449526 
97.99993896292122 96.99990844449526 
97.99993896292122 96.99990844449526 
97.99993896292122 96.99990844449526 
97.99993896292122 96.99990844449526 
97.99993896292122 96.99990844449526 
96.99987792590288 96.99990844449526 
96.99987792590288 96.99990844449526 
96.99987792590288 95.99908444473917 
96.99987792590288 95.99908444473917 
96.99987792590288 95.99908444473917 
95.99995422217718 96.99990844449526 
95.99995422217718 96.99990844449526 
94.99989318515884 96.99990844449526 
94.99989318515884 97.99957274089127 
94.99989318515884 97.99957274089127 
94.99989318515884 96.99990844449526 
95.99995422217718 96.99990844449526 
95.99995422217718 96.99990844449526 
95.99995422217718 96.99990844449526 
95.99995422217718 96.99990844449526 
95.99995422217718 96.99990844449526 
95.99995422217718 96.99990844449526 
95.99995422217718 96.99990844449526 
95.99995422217718 96.99990844449526 
94.99989318515884 96.99990844449526 
94.00010681472578 96.99990844449526 
94.00010681472578 96.99990844449526 
94.00010681472578 97.99957274089127 
94.00010681472578 96.99990844449526 
94.00010681472578 96.99990844449526 
95.99995422217718 97.99957274089127 
95.99995422217718 99.99890133368328 
96.99987792590288 101.99938962983539 
97.99993896292122 102.9990539262314 
97.99993896292122 102.9990539262314 
97.99993896292122 102.9990539262314 
97.99993896292122 102.9990539262314 
97.99993896292122 102.9990539262314 
97.99993896292122 102.9990539262314 
97.99993896292122 102.9990539262314 
97.99993896292122 102.9990539262314 
97.99993896292122 102.9990539262314 
97.99993896292122 102.9990539262314 
97.99993896292122 102.9990539262314 
97.99993896292122 102.9990539262314 
97.99993896292122 102.9990539262314 
97.99993896292122 102.9990539262314 
97.99993896292122 102.9990539262314 
97.99993896292122 102.9990539262314 
97.99993896292122 102.9990539262314 
97.99993896292122 102.9990539262314 
97.99993896292122 102.9990539262314 
97.99993896292122 102.9990539262314 
97.99993896292122 102.9990539262314 
97.99993896292122 102.9990539262314 
97.99993896292122 102.9990539262314 
97.99993896292122 102.9990539262314 
97.99993896292122 102.9990539262314 
97.99993896292122 102.9990539262314 
97.99993896292122 102.9990539262314 
97.99993896292122 102.9990539262314 
97.99993896292122 102.9990539262314 
97.99993896292122 102.9990539262314 
97.99993896292122 102.9990539262314 
97.99993896292122 102.9990539262314 
97.99993896292122 102.9990539262314 
97.99993896292122 102.9990539262314 
97.99993896292122 102.9990539262314 
97.99993896292122 102.9990539262314 
97.99993896292122 102.9990539262314 
97.99993896292122 102.9990539262314 
97.99993896292122 102.9990539262314 
97.99993896292122 102.9990539262314 
97.99993896292122 103.99987792598749 
97.99993896292122 103.99987792598749 
97.99993896292122 103.99987792598749 
97.99993896292122 103.99987792598749 
97.99993896292122 103.99987792598749 
97.99993896292122 103.99987792598749 
97.99993896292122 103.99987792598749 
96.99987792590288 103.99987792598749 
95.99995422217718 103.99987792598749 
95.99995422217718 104.9995422223835 
95.99995422217718 104.9995422223835 
96.99987792590288 105.9992065187795 
96.99987792590288 106.99887081517552 
97.99993896292122 105.9992065187795 
97.99993896292122 105.9992065187795 
97.99993896292122 105.9992065187795 
97.99993896292122 105.9992065187795 
97.99993896292122 105.9992065187795 
97.99993896292122 106.99887081517552 
96.99987792590288 106.99887081517552 
95.99995422217718 106.99887081517552 
96.99987792590288 106.99887081517552 
97.99993896292122 106.99887081517552 
97.99993896292122 107.99969481493162 
97.99993896292122 107.99969481493162 
97.99993896292122 106.99887081517552 
97.99993896292122 106.99887081517552 
97.99993896292122 105.9992065187795 
97.99993896292122 105.9992065187795 
97.99993896292122 105.9992065187795 
97.99993896292122 105.9992065187795 
97.99993896292122 105.9992065187795 
97.99993896292122 105.9992065187795 
97.99993896292122 105.9992065187795 
97.99993896292122 105.9992065187795 
97.99993896292122 105.9992065187795 
97.99993896292122 105.9992065187795 
97.99993896292122 105.9992065187795 
96.99987792590288 105.9992065187795 
95.99995422217718 105.9992065187795 
95.99995422217718 105.9992065187795 
95.99995422217718 105.9992065187795 
95.99995422217718 105.9992065187795 
95.99995422217718 105.9992065187795 
95.99995422217718 105.9992065187795 
95.99995422217718 105.9992065187795 
95.99995422217718 105.9992065187795 
95.99995422217718 105.9992065187795 
95.99995422217718 105.9992065187795 
95.99995422217718 105.9992065187795 
95.99995422217718 105.9992065187795 
95.99995422217718 105.9992065187795 
95.99995422217718 105.9992065187795 
94.99989318515884 105.9992065187795 
94.99989318515884 105.9992065187795 
94.99989318515884 105.9992065187795 
94.99989318515884 105.9992065187795 
94.99989318515884 105.9992065187795 
94.99989318515884 105.9992065187795 
94.99989318515884 105.9992065187795 
94.99989318515884 107.99969481493162 
94.99989318515884 107.99969481493162 
94.99989318515884 107.99969481493162 
94.99989318515884 107.99969481493162 
94.99989318515884 107.99969481493162 
94.99989318515884 107.99969481493162 
94.99989318515884 107.99969481493162 
94.99989318515884 107.99969481493162 
94.99989318515884 107.99969481493162 
94.99989318515884 107.99969481493162 
94.99989318515884 107.99969481493162 
94.99989318515884 107.99969481493162 
94.99989318515884 107.99969481493162 
94.99989318515884 107.99969481493162 
94.99989318515884 107.99969481493162 
94.99989318515884 107.99969481493162 
94.99989318515884 107.99969481493162 
94.99989318515884 107.99969481493162 
94.99989318515884 107.99969481493162 
94.99989318515884 107.99969481493162 
94.99989318515884 107.99969481493162 
94.99989318515884 107.99969481493162 
94.99989318515884 107.99969481493162 
94.99989318515884 107.99969481493162 
94.00010681472578 107.99969481493162 
93.00004577770744 107.99969481493162 
94.00010681472578 107.99969481493162 
94.00010681472578 107.99969481493162 
94.00010681472578 107.99969481493162 
94.00010681472578 107.99969481493162 
94.00010681472578 107.99969481493162 
94.00010681472578 107.99969481493162 
94.00010681472578 107.99969481493162 
94.00010681472578 107.99969481493162 
94.00010681472578 107.99969481493162 
94.00010681472578 107.99969481493162 
94.00010681472578 108.99935911132762 
94.00010681472578 108.99935911132762 
94.00010681472578 109.99902340772363 
94.00010681472578 109.99902340772363 
94.00010681472578 109.99902340772363 
94.00010681472578 109.99902340772363 
94.00010681472578 111.99951170387573 
94.00010681472578 111.99951170387573 
94.00010681472578 111.99951170387573 
94.00010681472578 112.99917600027175 
94.00010681472578 112.99917600027175 
94.00010681472578 112.99917600027175 
93.00004577770744 114.00000000002784 
93.00004577770744 114.00000000002784 
93.00004577770744 114.00000000002784 
93.00004577770744 114.99966429642384 
93.00004577770744 114.99966429642384 
93.00004577770744 114.99966429642384 
93.00004577770744 114.99966429642384 
93.00004577770744 114.99966429642384 
93.00004577770744 114.99966429642384 
93.00004577770744 114.99966429642384 
93.00004577770744 114.99966429642384 
93.00004577770744 114.99966429642384 
92.00012207398174 114.99966429642384 
92.00012207398174 114.99966429642384 
92.00012207398174 114.99966429642384 
93.00004577770744 115.99932859281985 
93.00004577770744 115.99932859281985 
94.00010681472578 116.99899288921586 
94.00010681472578 116.99899288921586 
94.00010681472578 116.99899288921586 
94.99989318515884 118.99948118536797 
94.00010681472578 118.99948118536797 
94.00010681472578 118.99948118536797 
94.99989318515884 119.99914548176397 
94.99989318515884 121.99963377791607 
96.99987792590288 123.9989623707081 
96.99987792590288 125.9994506668602 
97.99993896292122 127.9999389630123 
97.99993896292122 126.9991149632562 
97.99993896292122 126.9991149632562 
97.99993896292122 126.9991149632562 
98.99999999993958 126.9991149632562 
98.99999999993958 126.9991149632562 
98.99999999993958 125.9994506668602 
97.99993896292122 125.9994506668602 
95.99995422217718 110.99984740747972 
96.99987792590288 106.99887081517552 
96.99987792590288 106.99887081517552 
96.99987792590288 106.99887081517552 
96.99987792590288 106.99887081517552 
96.99987792590288 106.99887081517552 
96.99987792590288 106.99887081517552 
96.99987792590288 102.9990539262314 
95.99995422217718 100.99972533343937 
95.99995422217718 97.99957274089127 
95.99995422217718 94.99942014834315 
95.99995422217718 89.00027466660701 
94.99989318515884 85.0004577776629 
94.99989318515884 80.00097659232277 
94.99989318515884 79.00015259256666 
94.99989318515884 76.00000000001856 
94.99989318515884 75.00033570362255 
94.99989318515884 71.00051881467843 
94.99989318515884 68.00036622213031 
94.99989318515884 67.0007019257343 
94.99989318515884 67.0007019257343 
94.99989318515884 66.0010376293383 
95.99995422217718 65.0002136295822 
95.99995422217718 64.0005493331862 
95.99995422217718 64.0005493331862 
96.99987792590288 63.00088503679019 
96.99987792590288 63.00088503679019 
96.99987792590288 63.00088503679019 
96.99987792590288 63.00088503679019 
95.99995422217718 64.0005493331862 
95.99995422217718 63.00088503679019 
95.99995422217718 63.00088503679019 
95.99995422217718 63.00088503679019 
95.99995422217718 64.0005493331862 
95.99995422217718 65.0002136295822 
95.99995422217718 66.0010376293383 
95.99995422217718 66.0010376293383 
95.99995422217718 68.00036622213031 
95.99995422217718 68.00036622213031 
95.99995422217718 68.00036622213031 
95.99995422217718 68.00036622213031 
95.99995422217718 67.0007019257343 
95.99995422217718 66.0010376293383 
95.99995422217718 66.0010376293383 
94.99989318515884 66.0010376293383 
94.99989318515884 63.00088503679019 
94.99989318515884 63.00088503679019 
94.99989318515884 63.00088503679019 
94.99989318515884 64.0005493331862 
94.99989318515884 64.0005493331862 
94.99989318515884 65.0002136295822 
94.99989318515884 68.00036622213031 
94.99989318515884 68.00036622213031 
94.99989318515884 68.00036622213031 
94.99989318515884 64.0005493331862 
94.99989318515884 64.0005493331862 
94.99989318515884 61.00039674063808 
94.00010681472578 60.000732444242075 
94.00010681472578 59.00106814784607 
94.00010681472578 58.00024414808997 
94.00010681472578 56.00091555529795 
94.00010681472578 56.00091555529795 
94.99989318515884 56.00091555529795 
94.99989318515884 55.00009155554186 
94.99989318515884 55.00009155554186 
95.99995422217718 56.00091555529795 
95.99995422217718 56.00091555529795 
95.99995422217718 56.00091555529795 
95.99995422217718 57.00057985169396 
95.99995422217718 57.00057985169396 
95.99995422217718 57.00057985169396 
95.99995422217718 58.00024414808997 
95.99995422217718 58.00024414808997 
95.99995422217718 58.00024414808997 
95.99995422217718 58.00024414808997 
95.99995422217718 58.00024414808997 
95.99995422217718 58.00024414808997 
95.99995422217718 59.00106814784607 
95.99995422217718 59.00106814784607 
95.99995422217718 60.000732444242075 
94.99989318515884 60.000732444242075 
94.99989318515884 60.000732444242075 
94.99989318515884 60.000732444242075 
94.99989318515884 61.00039674063808 
94.99989318515884 61.00039674063808 
94.99989318515884 61.00039674063808 
94.99989318515884 61.00039674063808 
94.99989318515884 61.00039674063808 
94.99989318515884 61.00039674063808 
94.99989318515884 61.00039674063808 
94.99989318515884 61.00039674063808 
94.99989318515884 61.00039674063808 
94.99989318515884 61.00039674063808 
94.99989318515884 61.00039674063808 
94.99989318515884 61.00039674063808 
94.99989318515884 61.00039674063808 
94.99989318515884 61.00039674063808 
94.99989318515884 61.00039674063808 
94.99989318515884 61.00039674063808 
94.99989318515884 61.00039674063808 
94.99989318515884 62.000061037034094 
94.99989318515884 62.000061037034094 
94.99989318515884 62.000061037034094 
94.99989318515884 63.00088503679019 
94.99989318515884 63.00088503679019 
94.99989318515884 65.0002136295822 
94.00010681472578 69.00003051852633 
94.00010681472578 69.00003051852633 
94.00010681472578 69.00003051852633 
94.00010681472578 70.00085451828242 
94.00010681472578 68.00036622213031 
94.00010681472578 66.0010376293383 
94.00010681472578 64.0005493331862 
94.00010681472578 63.00088503679019 
94.00010681472578 63.00088503679019 
94.99989318515884 63.00088503679019 
94.99989318515884 65.0002136295822 
94.99989318515884 63.00088503679019 
94.99989318515884 65.0002136295822 
94.99989318515884 63.00088503679019 
94.99989318515884 61.00039674063808 
94.00010681472578 60.000732444242075 
94.00010681472578 59.00106814784607 
94.00010681472578 58.00024414808997 
94.00010681472578 57.00057985169396 
94.00010681472578 57.00057985169396 
94.99989318515884 56.00091555529795 
94.99989318515884 58.00024414808997 
94.99989318515884 57.00057985169396 
94.99989318515884 57.00057985169396 
94.99989318515884 62.000061037034094 
94.99989318515884 64.0005493331862 
94.99989318515884 62.000061037034094 
94.99989318515884 60.000732444242075 
94.99989318515884 59.00106814784607 
94.99989318515884 59.00106814784607 
94.99989318515884 58.00024414808997 
94.99989318515884 57.00057985169396 
94.99989318515884 56.00091555529795 
94.99989318515884 56.00091555529795 
94.99989318515884 56.00091555529795 
94.99989318515884 57.00057985169396 
94.99989318515884 58.00024414808997 
94.99989318515884 58.00024414808997 
95.99995422217718 58.00024414808997 
95.99995422217718 59.00106814784607 
96.99987792590288 60.000732444242075 
96.99987792590288 60.000732444242075 
96.99987792590288 61.00039674063808 
96.99987792590288 62.000061037034094 
97.99993896292122 62.000061037034094 
97.99993896292122 62.000061037034094 
97.99993896292122 62.000061037034094 
97.99993896292122 62.000061037034094 
97.99993896292122 62.000061037034094 
96.99987792590288 62.000061037034094 
96.99987792590288 61.00039674063808 
96.99987792590288 61.00039674063808 
96.99987792590288 61.00039674063808 
95.99995422217718 62.000061037034094 
96.99987792590288 61.00039674063808 
96.99987792590288 62.000061037034094 
96.99987792590288 62.000061037034094 
96.99987792590288 63.00088503679019 
95.99995422217718 63.00088503679019 
95.99995422217718 63.00088503679019 
95.99995422217718 62.000061037034094 
95.99995422217718 62.000061037034094 
95.99995422217718 62.000061037034094 
95.99995422217718 62.000061037034094 
95.99995422217718 62.000061037034094 
95.99995422217718 62.000061037034094 
95.99995422217718 62.000061037034094 
95.99995422217718 62.000061037034094 
95.99995422217718 62.000061037034094 
95.99995422217718 62.000061037034094 
96.99987792590288 62.000061037034094 
96.99987792590288 62.000061037034094 
96.99987792590288 61.00039674063808 
95.99995422217718 61.00039674063808 
95.99995422217718 61.00039674063808 
95.99995422217718 61.00039674063808 
95.99995422217718 61.00039674063808 
95.99995422217718 61.00039674063808 
95.99995422217718 61.00039674063808 
95.99995422217718 61.00039674063808 
95.99995422217718 60.000732444242075 
95.99995422217718 60.000732444242075 
95.99995422217718 60.000732444242075 
95.99995422217718 60.000732444242075 
95.99995422217718 60.000732444242075 
95.99995422217718 60.000732444242075 
95.99995422217718 60.000732444242075 
95.99995422217718 60.000732444242075 
95.99995422217718 60.000732444242075 
95.99995422217718 59.00106814784607 
95.99995422217718 59.00106814784607 
95.99995422217718 59.00106814784607 
95.99995422217718 59.00106814784607 
95.99995422217718 59.00106814784607 
95.99995422217718 59.00106814784607 
95.99995422217718 59.00106814784607 
95.99995422217718 59.00106814784607 
95.99995422217718 59.00106814784607 
95.99995422217718 59.00106814784607 
95.99995422217718 59.00106814784607 
94.99989318515884 62.000061037034094 
94.99989318515884 63.00088503679019 
94.99989318515884 61.00039674063808 
94.00010681472578 63.00088503679019 
94.00010681472578 64.0005493331862 
94.00010681472578 64.0005493331862 
94.00010681472578 63.00088503679019 
94.00010681472578 62.000061037034094 
94.00010681472578 61.00039674063808 
94.00010681472578 61.00039674063808 
93.00004577770744 61.00039674063808 
94.00010681472578 60.000732444242075 
94.99989318515884 60.000732444242075 
94.99989318515884 61.00039674063808 
94.99989318515884 61.00039674063808 
95.99995422217718 61.00039674063808 
95.99995422217718 61.00039674063808 
95.99995422217718 62.000061037034094 
95.99995422217718 65.0002136295822 
95.99995422217718 69.00003051852633 
95.99995422217718 69.00003051852633 
96.99987792590288 69.00003051852633 
96.99987792590288 70.00085451828242 
96.99987792590288 68.00036622213031 
95.99995422217718 64.0005493331862 
95.99995422217718 63.00088503679019 
95.99995422217718 65.0002136295822 
95.99995422217718 65.0002136295822 
95.99995422217718 66.0010376293383 
95.99995422217718 66.0010376293383 
95.99995422217718 66.0010376293383 
95.99995422217718 66.0010376293383 
95.99995422217718 66.0010376293383 
95.99995422217718 66.0010376293383 
95.99995422217718 66.0010376293383 
95.99995422217718 66.0010376293383 
95.99995422217718 65.0002136295822 
95.99995422217718 65.0002136295822 
95.99995422217718 64.0005493331862 
95.99995422217718 64.0005493331862 
95.99995422217718 63.00088503679019 
95.99995422217718 63.00088503679019 
95.99995422217718 63.00088503679019 
95.99995422217718 64.0005493331862 
95.99995422217718 66.0010376293383 
95.99995422217718 66.0010376293383 
95.99995422217718 67.0007019257343 
95.99995422217718 66.0010376293383 
95.99995422217718 66.0010376293383 
94.99989318515884 65.0002136295822 
94.99989318515884 65.0002136295822 
94.99989318515884 68.00036622213031 
94.99989318515884 68.00036622213031 
94.99989318515884 69.00003051852633 
94.99989318515884 68.00036622213031 
94.99989318515884 68.00036622213031 
94.99989318515884 68.00036622213031 
94.99989318515884 71.00051881467843 
94.99989318515884 71.00051881467843 
94.00010681472578 73.00100711083053 
94.00010681472578 74.00067140722655 
94.00010681472578 76.00000000001856 
94.00010681472578 77.00082399977465 
94.00010681472578 77.00082399977465 
94.00010681472578 76.00000000001856 
94.00010681472578 75.00033570362255 
94.00010681472578 73.00100711083053 
94.00010681472578 71.00051881467843 
93.00004577770744 70.00085451828242 
93.00004577770744 69.00003051852633 
93.00004577770744 69.00003051852633 
93.00004577770744 68.00036622213031 
92.00012207398174 68.00036622213031 
92.00012207398174 68.00036622213031 
93.00004577770744 67.0007019257343 
93.00004577770744 67.0007019257343 
93.00004577770744 66.0010376293383 
93.00004577770744 66.0010376293383 
94.00010681472578 65.0002136295822 
94.00010681472578 65.0002136295822 
94.00010681472578 65.0002136295822 
94.99989318515884 64.0005493331862 
94.99989318515884 64.0005493331862 
94.99989318515884 64.0005493331862 
95.99995422217718 63.00088503679019 
94.99989318515884 63.00088503679019 
94.99989318515884 64.0005493331862 
95.99995422217718 70.00085451828242 
95.99995422217718 74.00067140722655 
95.99995422217718 74.00067140722655 
94.99989318515884 74.00067140722655 
94.99989318515884 72.00018311107443 
94.99989318515884 67.0007019257343 
94.99989318515884 66.0010376293383 
92.00012207398174 64.0005493331862 
92.00012207398174 64.0005493331862 
92.00012207398174 64.0005493331862 
92.00012207398174 64.0005493331862 
92.00012207398174 64.0005493331862 
92.00012207398174 64.0005493331862 
92.00012207398174 64.0005493331862 
92.00012207398174 64.0005493331862 
92.00012207398174 65.0002136295822 
93.00004577770744 69.00003051852633 
93.00004577770744 69.00003051852633 
93.00004577770744 69.00003051852633 
93.00004577770744 69.00003051852633 
93.00004577770744 69.00003051852633 
93.00004577770744 69.00003051852633 
93.00004577770744 71.00051881467843 
93.00004577770744 71.00051881467843 
94.99989318515884 76.00000000001856 
92.00012207398174 76.00000000001856 
92.00012207398174 76.00000000001856 
89.99999999994506 76.00000000001856 
89.99999999994506 79.00015259256666 
91.0000610369634 86.00012207405891 
91.0000610369634 86.00012207405891 
91.0000610369634 86.00012207405891 
91.0000610369634 86.00012207405891 
93.00004577770744 88.000610370211 
94.99989318515884 90.99960325939904 
94.99989318515884 90.99960325939904 
94.99989318515884 90.99960325939904 
94.99989318515884 90.99960325939904 
94.99989318515884 90.99960325939904 
94.99989318515884 90.99960325939904 
94.99989318515884 90.99960325939904 
94.99989318515884 90.99960325939904 
94.99989318515884 90.99960325939904 
94.99989318515884 90.99960325939904 
94.99989318515884 90.99960325939904 
94.99989318515884 90.99960325939904 
94.99989318515884 90.99960325939904 
94.99989318515884 90.99960325939904 
94.99989318515884 90.99960325939904 
94.99989318515884 91.99926755579504 
95.99995422217718 93.99975585194714 
94.99989318515884 98.99923703728727 
94.99989318515884 103.99987792598749 
94.99989318515884 105.9992065187795 
94.99989318515884 107.99969481493162 
95.99995422217718 109.99902340772363 
95.99995422217718 110.99984740747972 
95.99995422217718 112.99917600027175 
95.99995422217718 112.99917600027175 
95.99995422217718 115.99932859281985 
95.99995422217718 115.99932859281985 
95.99995422217718 115.99932859281985 
95.99995422217718 114.99966429642384 
95.99995422217718 114.99966429642384 
95.99995422217718 114.00000000002784 
95.99995422217718 114.99966429642384 
95.99995422217718 114.00000000002784 
95.99995422217718 114.99966429642384 
95.99995422217718 115.99932859281985 
95.99995422217718 116.99899288921586 
95.99995422217718 116.99899288921586 
95.99995422217718 117.99981688897196 
95.99995422217718 119.99914548176397 
95.99995422217718 119.99914548176397 
95.99995422217718 120.99996948152007 
95.99995422217718 122.99929807431208 
95.99995422217718 122.99929807431208 
94.99989318515884 121.99963377791607 
94.99989318515884 121.99963377791607 
94.99989318515884 121.99963377791607 
94.99989318515884 122.99929807431208 
94.99989318515884 123.9989623707081 
94.99989318515884 124.9997863704642 
94.99989318515884 124.9997863704642 
94.99989318515884 125.9994506668602 
95.99995422217718 127.9999389630123 
95.99995422217718 128.9996032594083 
94.99989318515884 127.9999389630123 
94.99989318515884 127.9999389630123 
94.99989318515884 127.9999389630123 
94.99989318515884 126.9991149632562 
94.99989318515884 126.9991149632562 
95.99995422217718 126.9991149632562 
95.99995422217718 125.9994506668602 
95.99995422217718 126.9991149632562 
95.99995422217718 126.9991149632562 
95.99995422217718 126.9991149632562 
95.99995422217718 126.9991149632562 
95.99995422217718 125.9994506668602 
95.99995422217718 125.9994506668602 
95.99995422217718 124.9997863704642 
95.99995422217718 123.9989623707081 
95.99995422217718 123.9989623707081 
95.99995422217718 123.9989623707081 
95.99995422217718 123.9989623707081 
95.99995422217718 123.9989623707081 
95.99995422217718 125.9994506668602 
95.99995422217718 124.9997863704642 
96.99987792590288 122.99929807431208 
96.99987792590288 120.99996948152007 
96.99987792590288 119.99914548176397 
97.99993896292122 119.99914548176397 
96.99987792590288 119.99914548176397 
96.99987792590288 119.99914548176397 
96.99987792590288 119.99914548176397 
96.99987792590288 120.99996948152007 
96.99987792590288 120.99996948152007 
96.99987792590288 121.99963377791607 
96.99987792590288 121.99963377791607 
96.99987792590288 120.99996948152007 
96.99987792590288 120.99996948152007 
96.99987792590288 120.99996948152007 
96.99987792590288 121.99963377791607 
96.99987792590288 122.99929807431208 
96.99987792590288 124.9997863704642 
96.99987792590288 124.9997863704642 
96.99987792590288 124.9997863704642 
96.99987792590288 123.9989623707081 
96.99987792590288 123.9989623707081 
96.99987792590288 123.9989623707081 
96.99987792590288 123.9989623707081 
96.99987792590288 122.99929807431208 
96.99987792590288 122.99929807431208 
97.99993896292122 121.99963377791607 
97.99993896292122 122.99929807431208 
97.99993896292122 122.99929807431208 
97.99993896292122 123.9989623707081 
97.99993896292122 123.9989623707081 
97.99993896292122 123.9989623707081 
97.99993896292122 123.9989623707081 
97.99993896292122 123.9989623707081 
97.99993896292122 123.9989623707081 
97.99993896292122 123.9989623707081 
97.99993896292122 123.9989623707081 
97.99993896292122 123.9989623707081 
97.99993896292122 121.99963377791607 
97.99993896292122 120.99996948152007 
97.99993896292122 118.99948118536797 
97.99993896292122 118.99948118536797 
97.99993896292122 118.99948118536797 
97.99993896292122 118.99948118536797 
97.99993896292122 116.99899288921586 
97.99993896292122 114.99966429642384 
97.99993896292122 114.00000000002784 
97.99993896292122 109.99902340772363 
97.99993896292122 109.99902340772363 
97.99993896292122 107.99969481493162 
97.99993896292122 107.99969481493162 
97.99993896292122 109.99902340772363 
97.99993896292122 110.99984740747972 
97.99993896292122 112.99917600027175 
97.99993896292122 111.99951170387573 
97.99993896292122 111.99951170387573 
97.99993896292122 109.99902340772363 
97.99993896292122 108.99935911132762 
98.99999999993958 107.99969481493162 
97.99993896292122 108.99935911132762 
97.99993896292122 107.99969481493162 
97.99993896292122 108.99935911132762 
97.99993896292122 109.99902340772363 
97.99993896292122 109.99902340772363 
97.99993896292122 108.99935911132762 
98.99999999993958 102.9990539262314 
97.99993896292122 100.99972533343937 
97.99993896292122 100.99972533343937 
97.99993896292122 99.99890133368328 
97.99993896292122 100.99972533343937 
97.99993896292122 100.99972533343937 
97.99993896292122 99.99890133368328 
97.99993896292122 98.99923703728727 
97.99993896292122 98.99923703728727 
97.99993896292122 102.9990539262314 
97.99993896292122 102.9990539262314 
97.99993896292122 102.9990539262314 
97.99993896292122 106.99887081517552 
97.99993896292122 106.99887081517552 
97.99993896292122 106.99887081517552 
97.99993896292122 106.99887081517552 
97.99993896292122 106.99887081517552 
97.99993896292122 107.99969481493162 
96.99987792590288 106.99887081517552 
96.99987792590288 105.9992065187795 
96.99987792590288 103.99987792598749 
96.99987792590288 103.99987792598749 
96.99987792590288 107.99969481493162 
96.99987792590288 106.99887081517552 
96.99987792590288 106.99887081517552 
97.99993896292122 105.9992065187795 
97.99993896292122 105.9992065187795 
96.99987792590288 105.9992065187795 
96.99987792590288 104.9995422223835 
96.99987792590288 104.9995422223835 
96.99987792590288 104.9995422223835 
97.99993896292122 106.99887081517552 
97.99993896292122 109.99902340772363 
97.99993896292122 110.99984740747972 
97.99993896292122 109.99902340772363 
97.99993896292122 107.99969481493162 
97.99993896292122 106.99887081517552 
97.99993896292122 108.99935911132762 
97.99993896292122 108.99935911132762 
97.99993896292122 108.99935911132762 
97.99993896292122 108.99935911132762 
97.99993896292122 108.99935911132762 
97.99993896292122 108.99935911132762 
97.99993896292122 109.99902340772363 
97.99993896292122 109.99902340772363 
97.99993896292122 108.99935911132762 
97.99993896292122 109.99902340772363 
97.99993896292122 108.99935911132762 
97.99993896292122 107.99969481493162 
97.99993896292122 106.99887081517552 
96.99987792590288 105.9992065187795 
96.99987792590288 105.9992065187795 
96.99987792590288 104.9995422223835 
96.99987792590288 104.9995422223835 
97.99993896292122 103.99987792598749 
96.99987792590288 103.99987792598749 
96.99987792590288 103.99987792598749 
96.99987792590288 104.9995422223835 
97.99993896292122 105.9992065187795 
97.99993896292122 105.9992065187795 
97.99993896292122 105.9992065187795 
97.99993896292122 105.9992065187795 
97.99993896292122 104.9995422223835 
97.99993896292122 104.9995422223835 
97.99993896292122 104.9995422223835 
97.99993896292122 104.9995422223835 
97.99993896292122 104.9995422223835 
97.99993896292122 104.9995422223835 
97.99993896292122 104.9995422223835 
97.99993896292122 104.9995422223835 
97.99993896292122 104.9995422223835 
97.99993896292122 104.9995422223835 
97.99993896292122 104.9995422223835 
97.99993896292122 104.9995422223835 
97.99993896292122 104.9995422223835 
97.99993896292122 104.9995422223835 
97.99993896292122 104.9995422223835 
97.99993896292122 104.9995422223835 
97.99993896292122 104.9995422223835 
97.99993896292122 104.9995422223835 
97.99993896292122 104.9995422223835 
97.99993896292122 104.9995422223835 
97.99993896292122 104.9995422223835 
97.99993896292122 104.9995422223835 
97.99993896292122 104.9995422223835 
96.99987792590288 104.9995422223835 
95.99995422217718 104.9995422223835 
95.99995422217718 104.9995422223835 
95.99995422217718 104.9995422223835 
95.99995422217718 104.9995422223835 
95.99995422217718 104.9995422223835 
95.99995422217718 104.9995422223835 
95.99995422217718 104.9995422223835 
96.99987792590288 102.9990539262314 
96.99987792590288 102.9990539262314 
96.99987792590288 102.9990539262314 
96.99987792590288 102.9990539262314 
96.99987792590288 99.99890133368328 
96.99987792590288 99.99890133368328 
96.99987792590288 98.99923703728727 
96.99987792590288 97.99957274089127 
96.99987792590288 97.99957274089127 
96.99987792590288 97.99957274089127 
96.99987792590288 93.99975585194714 
96.99987792590288 92.99893185219105 
96.99987792590288 90.99960325939904 
96.99987792590288 90.99960325939904 
96.99987792590288 90.99960325939904 
96.99987792590288 90.99960325939904 
95.99995422217718 91.99926755579504 
95.99995422217718 94.99942014834315 
95.99995422217718 95.99908444473917 
95.99995422217718 95.99908444473917 
95.99995422217718 96.99990844449526 
96.99987792590288 97.99957274089127 
96.99987792590288 97.99957274089127 
96.99987792590288 97.99957274089127 
95.99995422217718 97.99957274089127 
95.99995422217718 97.99957274089127 
95.99995422217718 96.99990844449526 
95.99995422217718 96.99990844449526 
95.99995422217718 96.99990844449526 
95.99995422217718 96.99990844449526 
95.99995422217718 96.99990844449526 
95.99995422217718 96.99990844449526 
95.99995422217718 96.99990844449526 
95.99995422217718 96.99990844449526 
95.99995422217718 96.99990844449526 
95.99995422217718 97.99957274089127 
96.99987792590288 97.99957274089127 
96.99987792590288 97.99957274089127 
96.99987792590288 97.99957274089127 
96.99987792590288 97.99957274089127 
96.99987792590288 97.99957274089127 
96.99987792590288 97.99957274089127 
96.99987792590288 97.99957274089127 
96.99987792590288 97.99957274089127 
96.99987792590288 97.99957274089127 
94.99989318515884 97.99957274089127 
94.99989318515884 97.99957274089127 
94.99989318515884 97.99957274089127 
94.99989318515884 97.99957274089127 
94.99989318515884 97.99957274089127 
94.99989318515884 97.99957274089127 
94.99989318515884 97.99957274089127 
94.99989318515884 97.99957274089127 
94.99989318515884 97.99957274089127 
94.99989318515884 97.99957274089127 
94.99989318515884 97.99957274089127 
94.99989318515884 97.99957274089127 
94.99989318515884 97.99957274089127 
94.99989318515884 97.99957274089127 
94.99989318515884 97.99957274089127 
94.99989318515884 97.99957274089127 
94.99989318515884 97.99957274089127 
94.99989318515884 97.99957274089127 
94.99989318515884 97.99957274089127 
94.99989318515884 97.99957274089127 
94.99989318515884 97.99957274089127 
94.99989318515884 97.99957274089127 
94.99989318515884 97.99957274089127 
94.99989318515884 97.99957274089127 
94.99989318515884 97.99957274089127 
94.99989318515884 97.99957274089127 
94.99989318515884 98.99923703728727 
94.99989318515884 98.99923703728727 
94.99989318515884 98.99923703728727 
94.99989318515884 98.99923703728727 
94.99989318515884 99.99890133368328 
95.99995422217718 100.99972533343937 
95.99995422217718 100.99972533343937 
95.99995422217718 100.99972533343937 
95.99995422217718 100.99972533343937 
95.99995422217718 100.99972533343937 
95.99995422217718 100.99972533343937 
95.99995422217718 100.99972533343937 
95.99995422217718 100.99972533343937 
95.99995422217718 102.9990539262314 
95.99995422217718 102.9990539262314 
95.99995422217718 102.9990539262314 
95.99995422217718 104.9995422223835 
95.99995422217718 104.9995422223835 
95.99995422217718 104.9995422223835 
95.99995422217718 104.9995422223835 
95.99995422217718 104.9995422223835 
95.99995422217718 105.9992065187795 
95.99995422217718 105.9992065187795 
95.99995422217718 105.9992065187795 
95.99995422217718 105.9992065187795 
94.99989318515884 105.9992065187795 
94.99989318515884 105.9992065187795 
94.99989318515884 105.9992065187795 
94.99989318515884 105.9992065187795 
94.99989318515884 105.9992065187795 
94.99989318515884 107.99969481493162 
94.99989318515884 107.99969481493162 
95.99995422217718 108.99935911132762 
95.99995422217718 108.99935911132762 
95.99995422217718 107.99969481493162 
96.99987792590288 108.99935911132762 
96.99987792590288 108.99935911132762 
95.99995422217718 108.99935911132762 
95.99995422217718 107.99969481493162 
95.99995422217718 106.99887081517552 
95.99995422217718 106.99887081517552 
95.99995422217718 106.99887081517552 
95.99995422217718 106.99887081517552 
95.99995422217718 106.99887081517552 
95.99995422217718 106.99887081517552 
95.99995422217718 106.99887081517552 
95.99995422217718 106.99887081517552 
95.99995422217718 106.99887081517552 
94.99989318515884 106.99887081517552 
94.99989318515884 106.99887081517552 
94.99989318515884 106.99887081517552 
95.99995422217718 105.9992065187795 
95.99995422217718 104.9995422223835 
95.99995422217718 102.9990539262314 
95.99995422217718 102.9990539262314 
95.99995422217718 103.99987792598749 
95.99995422217718 103.99987792598749 
95.99995422217718 103.99987792598749 
95.99995422217718 103.99987792598749 
95.99995422217718 102.9990539262314 
95.99995422217718 103.99987792598749 
95.99995422217718 103.99987792598749 
95.99995422217718 103.99987792598749 
95.99995422217718 103.99987792598749 
95.99995422217718 103.99987792598749 
95.99995422217718 103.99987792598749 
96.99987792590288 103.99987792598749 
96.99987792590288 103.99987792598749 
96.99987792590288 99.99890133368328 
96.99987792590288 99.99890133368328 
96.99987792590288 99.99890133368328 
96.99987792590288 99.99890133368328 
96.99987792590288 99.99890133368328 
96.99987792590288 99.99890133368328 
96.99987792590288 99.99890133368328 
96.99987792590288 98.99923703728727 
96.99987792590288 96.99990844449526 
96.99987792590288 93.99975585194714 
96.99987792590288 90.0010986663631 
97.99993896292122 86.00012207405891 
97.99993896292122 82.00030518511478 
97.99993896292122 79.00015259256666 
97.99993896292122 75.00033570362255 
97.99993896292122 72.00018311107443 
97.99993896292122 70.00085451828242 
97.99993896292122 68.00036622213031 
97.99993896292122 66.0010376293383 
97.99993896292122 65.0002136295822 
97.99993896292122 64.0005493331862 
97.99993896292122 63.00088503679019 
97.99993896292122 63.00088503679019 
97.99993896292122 63.00088503679019 
97.99993896292122 63.00088503679019 
97.99993896292122 63.00088503679019 
97.99993896292122 63.00088503679019 
97.99993896292122 63.00088503679019 
97.99993896292122 63.00088503679019 
97.99993896292122 63.00088503679019 
97.99993896292122 63.00088503679019 
97.99993896292122 63.00088503679019 
97.99993896292122 63.00088503679019 
97.99993896292122 63.00088503679019 
97.99993896292122 63.00088503679019 
97.99993896292122 63.00088503679019 
97.99993896292122 62.000061037034094 
97.99993896292122 62.000061037034094 
97.99993896292122 64.0005493331862 
97.99993896292122 64.0005493331862 
97.99993896292122 67.0007019257343 
97.99993896292122 68.00036622213031 
97.99993896292122 68.00036622213031 
97.99993896292122 68.00036622213031 
97.99993896292122 68.00036622213031 
97.99993896292122 67.0007019257343 
97.99993896292122 68.00036622213031 
96.99987792590288 70.00085451828242 
96.99987792590288 73.00100711083053 
96.99987792590288 73.00100711083053 
96.99987792590288 74.00067140722655 
96.99987792590288 75.00033570362255 
96.99987792590288 72.00018311107443 
96.99987792590288 68.00036622213031 
96.99987792590288 64.0005493331862 
96.99987792590288 63.00088503679019 
96.99987792590288 61.00039674063808 
96.99987792590288 61.00039674063808 
96.99987792590288 61.00039674063808 
96.99987792590288 60.000732444242075 
96.99987792590288 59.00106814784607 
96.99987792590288 59.00106814784607 
96.99987792590288 58.00024414808997 
96.99987792590288 58.00024414808997 
96.99987792590288 58.00024414808997 
96.99987792590288 58.00024414808997 
96.99987792590288 59.00106814784607 
96.99987792590288 59.00106814784607 
96.99987792590288 59.00106814784607 
97.99993896292122 60.000732444242075 
97.99993896292122 60.000732444242075 
97.99993896292122 61.00039674063808 
97.99993896292122 62.000061037034094 
97.99993896292122 62.000061037034094 
97.99993896292122 65.0002136295822 
97.99993896292122 66.0010376293383 
97.99993896292122 65.0002136295822 
97.99993896292122 65.0002136295822 
97.99993896292122 65.0002136295822 
97.99993896292122 65.0002136295822 
97.99993896292122 65.0002136295822 
97.99993896292122 65.0002136295822 
97.99993896292122 66.0010376293383 
97.99993896292122 66.0010376293383 
97.99993896292122 66.0010376293383 
96.99987792590288 65.0002136295822 
96.99987792590288 65.0002136295822 
96.99987792590288 65.0002136295822 
96.99987792590288 64.0005493331862 
96.99987792590288 63.00088503679019 
96.99987792590288 63.00088503679019 
97.99993896292122 63.00088503679019 
97.99993896292122 63.00088503679019 
97.99993896292122 63.00088503679019 
97.99993896292122 63.00088503679019 
97.99993896292122 63.00088503679019 
97.99993896292122 64.0005493331862 
97.99993896292122 64.0005493331862 
97.99993896292122 64.0005493331862 
97.99993896292122 64.0005493331862 
97.99993896292122 64.0005493331862 
97.99993896292122 64.0005493331862 
97.99993896292122 65.0002136295822 
96.99987792590288 65.0002136295822 
96.99987792590288 66.0010376293383 
96.99987792590288 65.0002136295822 
96.99987792590288 66.0010376293383 
96.99987792590288 65.0002136295822 
96.99987792590288 64.0005493331862 
96.99987792590288 64.0005493331862 
96.99987792590288 64.0005493331862 
96.99987792590288 64.0005493331862 
96.99987792590288 63.00088503679019 
96.99987792590288 63.00088503679019 
96.99987792590288 63.00088503679019 
96.99987792590288 63.00088503679019 
96.99987792590288 63.00088503679019 
96.99987792590288 63.00088503679019 
96.99987792590288 63.00088503679019 
96.99987792590288 63.00088503679019 
96.99987792590288 63.00088503679019 
96.99987792590288 63.00088503679019 
96.99987792590288 64.0005493331862 
96.99987792590288 65.0002136295822 
96.99987792590288 65.0002136295822 
96.99987792590288 65.0002136295822 
96.99987792590288 64.0005493331862 
96.99987792590288 64.0005493331862 
97.99993896292122 64.0005493331862 
97.99993896292122 64.0005493331862 
97.99993896292122 64.0005493331862 
97.99993896292122 63.00088503679019 
97.99993896292122 63.00088503679019 
97.99993896292122 63.00088503679019 
97.99993896292122 65.0002136295822 
97.99993896292122 65.0002136295822 
97.99993896292122 67.0007019257343 
97.99993896292122 66.0010376293383 
97.99993896292122 65.0002136295822 
97.99993896292122 64.0005493331862 
97.99993896292122 64.0005493331862 
97.99993896292122 65.0002136295822 
97.99993896292122 65.0002136295822 
96.99987792590288 66.0010376293383 
96.99987792590288 66.0010376293383 
96.99987792590288 65.0002136295822 
96.99987792590288 65.0002136295822 
96.99987792590288 64.0005493331862 
96.99987792590288 65.0002136295822 
96.99987792590288 64.0005493331862 
96.99987792590288 65.0002136295822 
96.99987792590288 68.00036622213031 
96.99987792590288 69.00003051852633 
97.99993896292122 69.00003051852633 
96.99987792590288 69.00003051852633 
96.99987792590288 68.00036622213031 
96.99987792590288 67.0007019257343 
96.99987792590288 66.0010376293383 
96.99987792590288 67.0007019257343 
95.99995422217718 70.00085451828242 
95.99995422217718 70.00085451828242 
96.99987792590288 72.00018311107443 
96.99987792590288 72.00018311107443 
96.99987792590288 71.00051881467843 
96.99987792590288 71.00051881467843 
96.99987792590288 70.00085451828242 
96.99987792590288 70.00085451828242 
96.99987792590288 69.00003051852633 
95.99995422217718 69.00003051852633 
95.99995422217718 68.00036622213031 
95.99995422217718 67.0007019257343 
96.99987792590288 67.0007019257343 
96.99987792590288 65.0002136295822 
96.99987792590288 64.0005493331862 
96.99987792590288 64.0005493331862 
96.99987792590288 64.0005493331862 
96.99987792590288 63.00088503679019 
96.99987792590288 63.00088503679019 
96.99987792590288 62.000061037034094 
96.99987792590288 62.000061037034094 
96.99987792590288 61.00039674063808 
96.99987792590288 60.000732444242075 
96.99987792590288 59.00106814784607 
97.99993896292122 59.00106814784607 
97.99993896292122 58.00024414808997 
97.99993896292122 57.00057985169396 
97.99993896292122 57.00057985169396 
97.99993896292122 57.00057985169396 
97.99993896292122 57.00057985169396 
97.99993896292122 56.00091555529795 
97.99993896292122 56.00091555529795 
97.99993896292122 56.00091555529795 
97.99993896292122 56.00091555529795 
97.99993896292122 56.00091555529795 
97.99993896292122 56.00091555529795 
97.99993896292122 56.00091555529795 
97.99993896292122 55.00009155554186 
97.99993896292122 55.00009155554186 
97.99993896292122 55.00009155554186 
97.99993896292122 55.00009155554186 
97.99993896292122 55.00009155554186 
97.99993896292122 56.00091555529795 
97.99993896292122 56.00091555529795 
97.99993896292122 56.00091555529795 
97.99993896292122 56.00091555529795 
97.99993896292122 56.00091555529795 
97.99993896292122 56.00091555529795 
97.99993896292122 56.00091555529795 
97.99993896292122 57.00057985169396 
97.99993896292122 56.00091555529795 
97.99993896292122 58.00024414808997 
97.99993896292122 56.00091555529795 
97.99993896292122 55.00009155554186 
97.99993896292122 54.00042725914585 
97.99993896292122 53.00076296274984 
97.99993896292122 53.00076296274984 
97.99993896292122 53.00076296274984 
97.99993896292122 54.00042725914585 
97.99993896292122 54.00042725914585 
96.99987792590288 54.00042725914585 
96.99987792590288 55.00009155554186 
96.99987792590288 55.00009155554186 
96.99987792590288 55.00009155554186 
96.99987792590288 55.00009155554186 
96.99987792590288 55.00009155554186 
96.99987792590288 55.00009155554186 
96.99987792590288 56.00091555529795 
96.99987792590288 57.00057985169396 
96.99987792590288 57.00057985169396 
96.99987792590288 57.00057985169396 
96.99987792590288 57.00057985169396 
96.99987792590288 58.00024414808997 
96.99987792590288 58.00024414808997 
96.99987792590288 58.00024414808997 
96.99987792590288 58.00024414808997 
96.99987792590288 59.00106814784607 
96.99987792590288 60.000732444242075 
96.99987792590288 62.000061037034094 
96.99987792590288 62.000061037034094 
95.99995422217718 63.00088503679019 
96.99987792590288 63.00088503679019 
95.99995422217718 65.0002136295822 
95.99995422217718 66.0010376293383 
95.99995422217718 67.0007019257343 
95.99995422217718 68.00036622213031 
95.99995422217718 68.00036622213031 
95.99995422217718 67.0007019257343 
95.99995422217718 66.0010376293383 
95.99995422217718 65.0002136295822 
95.99995422217718 65.0002136295822 
95.99995422217718 65.0002136295822 
95.99995422217718 65.0002136295822 
95.99995422217718 65.0002136295822 
95.99995422217718 65.0002136295822 
95.99995422217718 64.0005493331862 
95.99995422217718 64.0005493331862 
95.99995422217718 64.0005493331862 
95.99995422217718 63.00088503679019 
95.99995422217718 62.000061037034094 
95.99995422217718 62.000061037034094 
95.99995422217718 62.000061037034094 
94.99989318515884 61.00039674063808 
94.99989318515884 61.00039674063808 
94.99989318515884 60.000732444242075 
94.99989318515884 60.000732444242075 
94.99989318515884 61.00039674063808 
94.99989318515884 61.00039674063808 
94.99989318515884 61.00039674063808 
94.99989318515884 61.00039674063808 
94.99989318515884 61.00039674063808 
94.99989318515884 61.00039674063808 
94.99989318515884 61.00039674063808 
94.99989318515884 61.00039674063808 
94.99989318515884 60.000732444242075 
95.99995422217718 61.00039674063808 
95.99995422217718 63.00088503679019 
95.99995422217718 63.00088503679019 
94.99989318515884 63.00088503679019 
94.99989318515884 64.0005493331862 
94.99989318515884 66.0010376293383 
94.99989318515884 68.00036622213031 
94.99989318515884 70.00085451828242 
94.99989318515884 70.00085451828242 
94.99989318515884 70.00085451828242 
94.99989318515884 69.00003051852633 
94.00010681472578 67.0007019257343 
94.00010681472578 66.0010376293383 
94.00010681472578 65.0002136295822 
94.00010681472578 64.0005493331862 
94.00010681472578 63.00088503679019 
94.00010681472578 63.00088503679019 
94.00010681472578 62.000061037034094 
94.00010681472578 60.000732444242075 
94.00010681472578 60.000732444242075 
94.00010681472578 59.00106814784607 
94.00010681472578 61.00039674063808 
94.00010681472578 60.000732444242075 
94.00010681472578 62.000061037034094 
94.00010681472578 60.000732444242075 
94.00010681472578 60.000732444242075 
94.00010681472578 58.00024414808997 
94.00010681472578 61.00039674063808 
94.00010681472578 61.00039674063808 
94.00010681472578 61.00039674063808 
94.00010681472578 61.00039674063808 
94.00010681472578 61.00039674063808 
93.00004577770744 61.00039674063808 
93.00004577770744 61.00039674063808 
91.0000610369634 61.00039674063808 
91.0000610369634 63.00088503679019 
91.0000610369634 63.00088503679019 
91.0000610369634 63.00088503679019 
91.0000610369634 63.00088503679019 
91.0000610369634 63.00088503679019 
91.0000610369634 63.00088503679019 
91.0000610369634 63.00088503679019 
91.0000610369634 63.00088503679019 
91.0000610369634 63.00088503679019 
91.0000610369634 63.00088503679019 
91.0000610369634 63.00088503679019 
91.0000610369634 63.00088503679019 
91.0000610369634 63.00088503679019 
91.0000610369634 63.00088503679019 
91.0000610369634 63.00088503679019 
91.0000610369634 63.00088503679019 
91.0000610369634 63.00088503679019 
91.0000610369634 63.00088503679019 
91.0000610369634 63.00088503679019 
91.0000610369634 63.00088503679019 
91.0000610369634 63.00088503679019 
91.0000610369634 63.00088503679019 
91.0000610369634 63.00088503679019 
91.0000610369634 63.00088503679019 
91.0000610369634 66.0010376293383 
91.0000610369634 66.0010376293383 
91.0000610369634 66.0010376293383 
91.0000610369634 66.0010376293383 
91.0000610369634 66.0010376293383 
91.0000610369634 66.0010376293383 
91.0000610369634 66.0010376293383 
91.0000610369634 66.0010376293383 
91.0000610369634 66.0010376293383 
91.0000610369634 66.0010376293383 
91.0000610369634 66.0010376293383 
91.0000610369634 66.0010376293383 
91.0000610369634 66.0010376293383 
91.0000610369634 66.0010376293383 
91.0000610369634 66.0010376293383 
91.0000610369634 66.0010376293383 
91.0000610369634 66.0010376293383 
91.0000610369634 66.0010376293383 
91.0000610369634 66.0010376293383 
91.0000610369634 66.0010376293383 
91.0000610369634 66.0010376293383 
91.0000610369634 66.0010376293383 
91.0000610369634 66.0010376293383 
91.0000610369634 66.0010376293383 
91.0000610369634 66.0010376293383 
91.0000610369634 66.0010376293383 
91.0000610369634 66.0010376293383 
91.0000610369634 68.00036622213031 
94.00010681472578 69.00003051852633 
94.00010681472578 68.00036622213031 
94.99989318515884 68.00036622213031 
95.99995422217718 70.00085451828242 
95.99995422217718 70.00085451828242 
95.99995422217718 71.00051881467843 
95.99995422217718 71.00051881467843 
96.99987792590288 71.00051881467843 
96.99987792590288 71.00051881467843 
96.99987792590288 71.00051881467843 
96.99987792590288 71.00051881467843 
96.99987792590288 71.00051881467843 
96.99987792590288 71.00051881467843 
96.99987792590288 71.00051881467843 
96.99987792590288 71.00051881467843 
96.99987792590288 71.00051881467843 
97.99993896292122 70.00085451828242 
97.99993896292122 69.00003051852633 
97.99993896292122 69.00003051852633 
97.99993896292122 70.00085451828242 
96.99987792590288 70.00085451828242 
96.99987792590288 69.00003051852633 
96.99987792590288 69.00003051852633 
96.99987792590288 69.00003051852633 
96.99987792590288 69.00003051852633 
96.99987792590288 69.00003051852633 
96.99987792590288 73.00100711083053 
96.99987792590288 76.00000000001856 
96.99987792590288 77.00082399977465 
96.99987792590288 77.00082399977465 
96.99987792590288 77.00082399977465 
96.99987792590288 81.00064088871878 
96.99987792590288 81.00064088871878 
96.99987792590288 81.00064088871878 
96.99987792590288 80.00097659232277 
96.99987792590288 81.00064088871878 
96.99987792590288 79.00015259256666 
96.99987792590288 79.00015259256666 
96.99987792590288 80.00097659232277 
96.99987792590288 78.00048829617066 
96.99987792590288 77.00082399977465 
96.99987792590288 76.00000000001856 
96.99987792590288 75.00033570362255 
95.99995422217718 74.00067140722655 
95.99995422217718 74.00067140722655 
95.99995422217718 74.00067140722655 
95.99995422217718 74.00067140722655 
95.99995422217718 74.00067140722655 
95.99995422217718 74.00067140722655 
95.99995422217718 74.00067140722655 
95.99995422217718 74.00067140722655 
95.99995422217718 74.00067140722655 
95.99995422217718 74.00067140722655 
95.99995422217718 74.00067140722655 
95.99995422217718 74.00067140722655 
95.99995422217718 76.00000000001856 
95.99995422217718 76.00000000001856 
95.99995422217718 75.00033570362255 
96.99987792590288 75.00033570362255 
95.99995422217718 71.00051881467843 
95.99995422217718 64.0005493331862 
95.99995422217718 62.000061037034094 
95.99995422217718 62.000061037034094 
95.99995422217718 66.0010376293383 
95.99995422217718 67.0007019257343 
95.99995422217718 70.00085451828242 
95.99995422217718 70.00085451828242 
95.99995422217718 73.00100711083053 
95.99995422217718 73.00100711083053 
95.99995422217718 73.00100711083053 
95.99995422217718 73.00100711083053 
95.99995422217718 73.00100711083053 
95.99995422217718 73.00100711083053 
95.99995422217718 73.00100711083053 
95.99995422217718 73.00100711083053 
95.99995422217718 73.00100711083053 
95.99995422217718 73.00100711083053 
95.99995422217718 73.00100711083053 
96.99987792590288 73.00100711083053 
95.99995422217718 72.00018311107443 
95.99995422217718 71.00051881467843 
95.99995422217718 69.00003051852633 
95.99995422217718 66.0010376293383 
95.99995422217718 66.0010376293383 
95.99995422217718 66.0010376293383 
95.99995422217718 66.0010376293383 
95.99995422217718 65.0002136295822 
95.99995422217718 65.0002136295822 
96.99987792590288 69.00003051852633 
96.99987792590288 69.00003051852633 
96.99987792590288 69.00003051852633 
96.99987792590288 69.00003051852633 
96.99987792590288 69.00003051852633 
96.99987792590288 72.00018311107443 
96.99987792590288 72.00018311107443 
96.99987792590288 72.00018311107443 
96.99987792590288 72.00018311107443 
96.99987792590288 72.00018311107443 
96.99987792590288 73.00100711083053 
96.99987792590288 73.00100711083053 
96.99987792590288 73.00100711083053 
96.99987792590288 73.00100711083053 
96.99987792590288 73.00100711083053 
96.99987792590288 73.00100711083053 
96.99987792590288 73.00100711083053 
96.99987792590288 73.00100711083053 
96.99987792590288 73.00100711083053 
96.99987792590288 73.00100711083053 
97.99993896292122 73.00100711083053 
97.99993896292122 73.00100711083053 
97.99993896292122 73.00100711083053 
97.99993896292122 74.00067140722655 
97.99993896292122 74.00067140722655 
96.99987792590288 73.00100711083053 
96.99987792590288 73.00100711083053 
96.99987792590288 73.00100711083053 
96.99987792590288 73.00100711083053 
96.99987792590288 73.00100711083053 
96.99987792590288 72.00018311107443 
96.99987792590288 72.00018311107443 
96.99987792590288 73.00100711083053 
96.99987792590288 72.00018311107443 
96.99987792590288 72.00018311107443 
96.99987792590288 73.00100711083053 
97.99993896292122 74.00067140722655 
97.99993896292122 73.00100711083053 
97.99993896292122 70.00085451828242 
97.99993896292122 67.0007019257343 
97.99993896292122 65.0002136295822 
97.99993896292122 65.0002136295822 
97.99993896292122 65.0002136295822 
97.99993896292122 64.0005493331862 
96.99987792590288 64.0005493331862 
96.99987792590288 64.0005493331862 
96.99987792590288 66.0010376293383 
96.99987792590288 66.0010376293383 
96.99987792590288 67.0007019257343 
96.99987792590288 64.0005493331862 
96.99987792590288 63.00088503679019 
95.99995422217718 62.000061037034094 
95.99995422217718 61.00039674063808 
95.99995422217718 62.000061037034094 
96.99987792590288 63.00088503679019 
96.99987792590288 63.00088503679019 
96.99987792590288 64.0005493331862 
96.99987792590288 62.000061037034094 
96.99987792590288 61.00039674063808 
97.99993896292122 60.000732444242075 
97.99993896292122 60.000732444242075 
97.99993896292122 62.000061037034094 
97.99993896292122 62.000061037034094 
97.99993896292122 67.0007019257343 
97.99993896292122 70.00085451828242 
97.99993896292122 73.00100711083053 
97.99993896292122 73.00100711083053 
97.99993896292122 75.00033570362255 
96.99987792590288 78.00048829617066 
96.99987792590288 78.00048829617066 
96.99987792590288 79.00015259256666 
96.99987792590288 80.00097659232277 
95.99995422217718 78.00048829617066 
95.99995422217718 77.00082399977465 
96.99987792590288 77.00082399977465 
96.99987792590288 75.00033570362255 
95.99995422217718 73.00100711083053 
95.99995422217718 71.00051881467843 
95.99995422217718 69.00003051852633 
94.99989318515884 68.00036622213031 
94.99989318515884 66.0010376293383 
94.99989318515884 65.0002136295822 
94.99989318515884 65.0002136295822 
94.99989318515884 64.0005493331862 
94.99989318515884 64.0005493331862 
94.99989318515884 63.00088503679019 
94.99989318515884 63.00088503679019 
94.99989318515884 64.0005493331862 
94.99989318515884 65.0002136295822 
95.99995422217718 67.0007019257343 
95.99995422217718 67.0007019257343 
95.99995422217718 67.0007019257343 
95.99995422217718 67.0007019257343 
95.99995422217718 66.0010376293383 
94.99989318515884 66.0010376293383 
94.99989318515884 65.0002136295822 
94.99989318515884 66.0010376293383 
94.99989318515884 66.0010376293383 
94.99989318515884 66.0010376293383 
94.99989318515884 67.0007019257343 
95.99995422217718 66.0010376293383 
95.99995422217718 64.0005493331862 
95.99995422217718 64.0005493331862 
95.99995422217718 63.00088503679019 
96.99987792590288 63.00088503679019 
95.99995422217718 64.0005493331862 
95.99995422217718 70.00085451828242 
95.99995422217718 70.00085451828242 
95.99995422217718 72.00018311107443 
95.99995422217718 72.00018311107443 
95.99995422217718 73.00100711083053 
95.99995422217718 75.00033570362255 
95.99995422217718 75.00033570362255 
95.99995422217718 77.00082399977465 
95.99995422217718 77.00082399977465 
95.99995422217718 78.00048829617066 
96.99987792590288 75.00033570362255 
95.99995422217718 72.00018311107443 
95.99995422217718 68.00036622213031 
95.99995422217718 67.0007019257343 
94.99989318515884 66.0010376293383 
94.99989318515884 66.0010376293383 
95.99995422217718 67.0007019257343 
95.99995422217718 69.00003051852633 
95.99995422217718 71.00051881467843 
95.99995422217718 73.00100711083053 
95.99995422217718 72.00018311107443 
95.99995422217718 70.00085451828242 
95.99995422217718 68.00036622213031 
95.99995422217718 67.0007019257343 
95.99995422217718 69.00003051852633 
95.99995422217718 69.00003051852633 
95.99995422217718 71.00051881467843 
95.99995422217718 71.00051881467843 
95.99995422217718 71.00051881467843 
95.99995422217718 71.00051881467843 
95.99995422217718 70.00085451828242 
95.99995422217718 69.00003051852633 
96.99987792590288 70.00085451828242 
96.99987792590288 70.00085451828242 
95.99995422217718 71.00051881467843 
95.99995422217718 70.00085451828242 
95.99995422217718 69.00003051852633 
95.99995422217718 69.00003051852633 
95.99995422217718 69.00003051852633 
95.99995422217718 69.00003051852633 
95.99995422217718 69.00003051852633 
95.99995422217718 69.00003051852633 
95.99995422217718 69.00003051852633 
95.99995422217718 69.00003051852633 
95.99995422217718 69.00003051852633 
95.99995422217718 69.00003051852633 
95.99995422217718 69.00003051852633 
95.99995422217718 69.00003051852633 
95.99995422217718 69.00003051852633 
96.99987792590288 73.00100711083053 
96.99987792590288 73.00100711083053 
96.99987792590288 72.00018311107443 
96.99987792590288 72.00018311107443 
96.99987792590288 72.00018311107443 
96.99987792590288 72.00018311107443 
96.99987792590288 72.00018311107443 
96.99987792590288 72.00018311107443 
96.99987792590288 72.00018311107443 
96.99987792590288 72.00018311107443 
96.99987792590288 72.00018311107443 
96.99987792590288 72.00018311107443 
96.99987792590288 72.00018311107443 
96.99987792590288 72.00018311107443 
96.99987792590288 73.00100711083053 
96.99987792590288 77.00082399977465 
96.99987792590288 77.00082399977465 
96.99987792590288 79.00015259256666 
96.99987792590288 79.00015259256666 
96.99987792590288 79.00015259256666 
96.99987792590288 81.00064088871878 
96.99987792590288 81.00064088871878 
96.99987792590288 79.00015259256666 
96.99987792590288 78.00048829617066 
96.99987792590288 76.00000000001856 
96.99987792590288 75.00033570362255 
96.99987792590288 75.00033570362255 
96.99987792590288 75.00033570362255 
96.99987792590288 76.00000000001856 
96.99987792590288 76.00000000001856 
96.99987792590288 76.00000000001856 
96.99987792590288 77.00082399977465 
96.99987792590288 77.00082399977465 
96.99987792590288 77.00082399977465 
96.99987792590288 77.00082399977465 
96.99987792590288 77.00082399977465 
96.99987792590288 77.00082399977465 
96.99987792590288 77.00082399977465 
96.99987792590288 77.00082399977465 
96.99987792590288 77.00082399977465 
96.99987792590288 77.00082399977465 
96.99987792590288 78.00048829617066 
96.99987792590288 78.00048829617066 
96.99987792590288 78.00048829617066 
96.99987792590288 78.00048829617066 
96.99987792590288 77.00082399977465 
96.99987792590288 76.00000000001856 
96.99987792590288 76.00000000001856 
96.99987792590288 75.00033570362255 
95.99995422217718 75.00033570362255 
95.99995422217718 75.00033570362255 
96.99987792590288 75.00033570362255 
96.99987792590288 77.00082399977465 
96.99987792590288 77.00082399977465 
96.99987792590288 79.00015259256666 
96.99987792590288 79.00015259256666 
95.99995422217718 80.00097659232277 
96.99987792590288 81.00064088871878 
96.99987792590288 81.00064088871878 
96.99987792590288 79.00015259256666 
96.99987792590288 78.00048829617066 
96.99987792590288 77.00082399977465 
96.99987792590288 77.00082399977465 
96.99987792590288 78.00048829617066 
96.99987792590288 78.00048829617066 
96.99987792590288 78.00048829617066 
96.99987792590288 78.00048829617066 
96.99987792590288 79.00015259256666 
96.99987792590288 77.00082399977465 
96.99987792590288 75.00033570362255 
96.99987792590288 74.00067140722655 
96.99987792590288 72.00018311107443 
96.99987792590288 74.00067140722655 
96.99987792590288 74.00067140722655 
96.99987792590288 77.00082399977465 
96.99987792590288 79.00015259256666 
96.99987792590288 79.00015259256666 
96.99987792590288 79.00015259256666 
96.99987792590288 78.00048829617066 
96.99987792590288 78.00048829617066 
96.99987792590288 78.00048829617066 
96.99987792590288 78.00048829617066 
96.99987792590288 77.00082399977465 
96.99987792590288 77.00082399977465 
96.99987792590288 77.00082399977465 
96.99987792590288 78.00048829617066 
96.99987792590288 78.00048829617066 
97.99993896292122 79.00015259256666 
97.99993896292122 80.00097659232277 
97.99993896292122 80.00097659232277 
97.99993896292122 79.00015259256666 
97.99993896292122 79.00015259256666 
97.99993896292122 78.00048829617066 
97.99993896292122 80.00097659232277 
97.99993896292122 83.00112918487088 
97.99993896292122 83.00112918487088 
96.99987792590288 84.00079348126688 
96.99987792590288 85.0004577776629 
96.99987792590288 84.00079348126688 
96.99987792590288 84.00079348126688 
96.99987792590288 80.00097659232277 
96.99987792590288 78.00048829617066 
96.99987792590288 77.00082399977465 
96.99987792590288 77.00082399977465 
96.99987792590288 76.00000000001856 
96.99987792590288 77.00082399977465 
96.99987792590288 78.00048829617066 
96.99987792590288 78.00048829617066 
96.99987792590288 77.00082399977465 
96.99987792590288 76.00000000001856 
96.99987792590288 75.00033570362255 
96.99987792590288 74.00067140722655 
96.99987792590288 75.00033570362255 
96.99987792590288 74.00067140722655 
96.99987792590288 75.00033570362255 
96.99987792590288 75.00033570362255 
96.99987792590288 74.00067140722655 
96.99987792590288 74.00067140722655 
95.99995422217718 72.00018311107443 
95.99995422217718 72.00018311107443 
95.99995422217718 71.00051881467843 
95.99995422217718 71.00051881467843 
95.99995422217718 72.00018311107443 
95.99995422217718 72.00018311107443 
95.99995422217718 73.00100711083053 
95.99995422217718 71.00051881467843 
96.99987792590288 71.00051881467843 
96.99987792590288 71.00051881467843 
96.99987792590288 71.00051881467843 
96.99987792590288 74.00067140722655 
96.99987792590288 77.00082399977465 
96.99987792590288 75.00033570362255 
96.99987792590288 73.00100711083053 
96.99987792590288 70.00085451828242 
96.99987792590288 68.00036622213031 
96.99987792590288 67.0007019257343 
96.99987792590288 66.0010376293383 
96.99987792590288 66.0010376293383 
96.99987792590288 68.00036622213031 
96.99987792590288 71.00051881467843 
96.99987792590288 71.00051881467843 
96.99987792590288 72.00018311107443 
96.99987792590288 72.00018311107443 
96.99987792590288 70.00085451828242 
96.99987792590288 66.0010376293383 
96.99987792590288 65.0002136295822 
96.99987792590288 67.0007019257343 
96.99987792590288 66.0010376293383 
96.99987792590288 68.00036622213031 
96.99987792590288 69.00003051852633 
96.99987792590288 69.00003051852633 
96.99987792590288 67.0007019257343 
97.99993896292122 67.0007019257343 
97.99993896292122 67.0007019257343 
97.99993896292122 69.00003051852633 
97.99993896292122 72.00018311107443 
97.99993896292122 72.00018311107443 
97.99993896292122 73.00100711083053 
96.99987792590288 74.00067140722655 
97.99993896292122 75.00033570362255 
97.99993896292122 74.00067140722655 
97.99993896292122 75.00033570362255 
97.99993896292122 74.00067140722655 
96.99987792590288 74.00067140722655 
96.99987792590288 73.00100711083053 
96.99987792590288 71.00051881467843 
96.99987792590288 69.00003051852633 
96.99987792590288 67.0007019257343 
96.99987792590288 67.0007019257343 
96.99987792590288 66.0010376293383 
96.99987792590288 66.0010376293383 
96.99987792590288 66.0010376293383 
96.99987792590288 66.0010376293383 
96.99987792590288 66.0010376293383 
96.99987792590288 64.0005493331862 
96.99987792590288 64.0005493331862 
96.99987792590288 63.00088503679019 
97.99993896292122 62.000061037034094 
97.99993896292122 61.00039674063808 
97.99993896292122 61.00039674063808 
97.99993896292122 61.00039674063808 
97.99993896292122 63.00088503679019 
97.99993896292122 63.00088503679019 
97.99993896292122 65.0002136295822 
97.99993896292122 63.00088503679019 
97.99993896292122 65.0002136295822 
97.99993896292122 63.00088503679019 
97.99993896292122 67.0007019257343 
97.99993896292122 67.0007019257343 
97.99993896292122 67.0007019257343 
97.99993896292122 67.0007019257343 
97.99993896292122 64.0005493331862 
97.99993896292122 62.000061037034094 
97.99993896292122 61.00039674063808 
96.99987792590288 60.000732444242075 
96.99987792590288 60.000732444242075 
96.99987792590288 62.000061037034094 
96.99987792590288 65.0002136295822 
97.99993896292122 65.0002136295822 
97.99993896292122 66.0010376293383 
97.99993896292122 66.0010376293383 
97.99993896292122 64.0005493331862 
97.99993896292122 64.0005493331862 
97.99993896292122 62.000061037034094 
97.99993896292122 62.000061037034094 
97.99993896292122 64.0005493331862 
97.99993896292122 64.0005493331862 
97.99993896292122 68.00036622213031 
96.99987792590288 70.00085451828242 
96.99987792590288 70.00085451828242 
96.99987792590288 70.00085451828242 
96.99987792590288 70.00085451828242 
96.99987792590288 68.00036622213031 
96.99987792590288 66.0010376293383 
96.99987792590288 65.0002136295822 
96.99987792590288 65.0002136295822 
96.99987792590288 67.0007019257343 
96.99987792590288 67.0007019257343 
96.99987792590288 68.00036622213031 
96.99987792590288 68.00036622213031 
97.99993896292122 68.00036622213031 
97.99993896292122 68.00036622213031 
97.99993896292122 68.00036622213031 
97.99993896292122 68.00036622213031 
97.99993896292122 68.00036622213031 
96.99987792590288 69.00003051852633 
96.99987792590288 69.00003051852633 
96.99987792590288 69.00003051852633 
96.99987792590288 70.00085451828242 
95.99995422217718 71.00051881467843 
95.99995422217718 71.00051881467843 
95.99995422217718 72.00018311107443 
96.99987792590288 72.00018311107443 
96.99987792590288 72.00018311107443 
96.99987792590288 72.00018311107443 
96.99987792590288 72.00018311107443 
96.99987792590288 72.00018311107443 
96.99987792590288 72.00018311107443 
96.99987792590288 72.00018311107443 
96.99987792590288 72.00018311107443 
96.99987792590288 74.00067140722655 
97.99993896292122 74.00067140722655 
97.99993896292122 74.00067140722655 
97.99993896292122 74.00067140722655 
97.99993896292122 74.00067140722655 
97.99993896292122 74.00067140722655 
97.99993896292122 74.00067140722655 
97.99993896292122 74.00067140722655 
97.99993896292122 74.00067140722655 
97.99993896292122 75.00033570362255 
97.99993896292122 76.00000000001856 
97.99993896292122 76.00000000001856 
97.99993896292122 76.00000000001856 
97.99993896292122 76.00000000001856 
97.99993896292122 77.00082399977465 
97.99993896292122 76.00000000001856 
96.99987792590288 76.00000000001856 
97.99993896292122 74.00067140722655 
97.99993896292122 71.00051881467843 
97.99993896292122 71.00051881467843 
97.99993896292122 71.00051881467843 
97.99993896292122 69.00003051852633 
97.99993896292122 69.00003051852633 
97.99993896292122 69.00003051852633 
97.99993896292122 69.00003051852633 
97.99993896292122 67.0007019257343 
97.99993896292122 67.0007019257343 
97.99993896292122 67.0007019257343 
97.99993896292122 67.0007019257343 
97.99993896292122 67.0007019257343 
97.99993896292122 67.0007019257343 
97.99993896292122 67.0007019257343 
97.99993896292122 67.0007019257343 
97.99993896292122 67.0007019257343 
97.99993896292122 67.0007019257343 
97.99993896292122 67.0007019257343 
97.99993896292122 66.0010376293383 
97.99993896292122 66.0010376293383 
97.99993896292122 66.0010376293383 
97.99993896292122 66.0010376293383 
97.99993896292122 66.0010376293383 
97.99993896292122 66.0010376293383 
97.99993896292122 67.0007019257343 
97.99993896292122 67.0007019257343 
97.99993896292122 69.00003051852633 
97.99993896292122 70.00085451828242 
97.99993896292122 70.00085451828242 
97.99993896292122 70.00085451828242 
97.99993896292122 70.00085451828242 
97.99993896292122 70.00085451828242 
97.99993896292122 71.00051881467843 
97.99993896292122 71.00051881467843 
97.99993896292122 71.00051881467843 
97.99993896292122 71.00051881467843 
97.99993896292122 71.00051881467843 
96.99987792590288 72.00018311107443 
96.99987792590288 71.00051881467843 
96.99987792590288 71.00051881467843 
96.99987792590288 71.00051881467843 
94.99989318515884 72.00018311107443 
94.99989318515884 72.00018311107443 
94.00010681472578 72.00018311107443 
94.00010681472578 72.00018311107443 
94.00010681472578 72.00018311107443 
94.00010681472578 72.00018311107443 
94.00010681472578 72.00018311107443 
94.00010681472578 72.00018311107443 
94.00010681472578 72.00018311107443 
94.00010681472578 72.00018311107443 
94.00010681472578 72.00018311107443 
94.00010681472578 72.00018311107443 
94.00010681472578 72.00018311107443 
94.00010681472578 72.00018311107443 
94.00010681472578 72.00018311107443 
94.00010681472578 72.00018311107443 
94.00010681472578 72.00018311107443 
94.00010681472578 72.00018311107443 
94.00010681472578 72.00018311107443 
94.00010681472578 72.00018311107443 
94.00010681472578 72.00018311107443 
94.00010681472578 72.00018311107443 
94.00010681472578 72.00018311107443 
93.00004577770744 72.00018311107443 
93.00004577770744 72.00018311107443 
93.00004577770744 72.00018311107443 
93.00004577770744 72.00018311107443 
93.00004577770744 73.00100711083053 
94.99989318515884 73.00100711083053 
94.99989318515884 73.00100711083053 
95.99995422217718 72.00018311107443 
96.99987792590288 69.00003051852633 
96.99987792590288 67.0007019257343 
96.99987792590288 65.0002136295822 
97.99993896292122 64.0005493331862 
97.99993896292122 65.0002136295822 
97.99993896292122 65.0002136295822 
97.99993896292122 66.0010376293383 
97.99993896292122 67.0007019257343 
97.99993896292122 66.0010376293383 
97.99993896292122 64.0005493331862 
97.99993896292122 63.00088503679019 
98.99999999993958 62.000061037034094 
97.99993896292122 61.00039674063808 
97.99993896292122 61.00039674063808 
97.99993896292122 61.00039674063808 
97.99993896292122 61.00039674063808 
97.99993896292122 60.000732444242075 
97.99993896292122 60.000732444242075 
96.99987792590288 61.00039674063808 
96.99987792590288 64.0005493331862 
96.99987792590288 65.0002136295822 
96.99987792590288 67.0007019257343 
96.99987792590288 66.0010376293383 
96.99987792590288 63.00088503679019 
96.99987792590288 63.00088503679019 
96.99987792590288 63.00088503679019 
96.99987792590288 63.00088503679019 
96.99987792590288 64.0005493331862 
96.99987792590288 64.0005493331862 
96.99987792590288 64.0005493331862 
96.99987792590288 63.00088503679019 
96.99987792590288 63.00088503679019 
97.99993896292122 63.00088503679019 
97.99993896292122 63.00088503679019 
97.99993896292122 63.00088503679019 
97.99993896292122 64.0005493331862 
97.99993896292122 64.0005493331862 
97.99993896292122 64.0005493331862 
97.99993896292122 69.00003051852633 
97.99993896292122 69.00003051852633 
97.99993896292122 70.00085451828242 
97.99993896292122 71.00051881467843 
97.99993896292122 69.00003051852633 
97.99993896292122 68.00036622213031 
96.99987792590288 66.0010376293383 
96.99987792590288 64.0005493331862 
96.99987792590288 63.00088503679019 
96.99987792590288 63.00088503679019 
96.99987792590288 63.00088503679019 
96.99987792590288 63.00088503679019 
96.99987792590288 62.000061037034094 
96.99987792590288 62.000061037034094 
96.99987792590288 62.000061037034094 
96.99987792590288 62.000061037034094 
97.99993896292122 61.00039674063808 
97.99993896292122 61.00039674063808 
97.99993896292122 61.00039674063808 
97.99993896292122 60.000732444242075 
97.99993896292122 60.000732444242075 
97.99993896292122 60.000732444242075 
97.99993896292122 60.000732444242075 
97.99993896292122 60.000732444242075 
97.99993896292122 60.000732444242075 
97.99993896292122 61.00039674063808 
97.99993896292122 63.00088503679019 
97.99993896292122 63.00088503679019 
97.99993896292122 64.0005493331862 
97.99993896292122 64.0005493331862 
97.99993896292122 65.0002136295822 
97.99993896292122 65.0002136295822 
97.99993896292122 64.0005493331862 
97.99993896292122 63.00088503679019 
97.99993896292122 63.00088503679019 
97.99993896292122 63.00088503679019 
97.99993896292122 63.00088503679019 
97.99993896292122 63.00088503679019 
97.99993896292122 63.00088503679019 
97.99993896292122 62.000061037034094 
97.99993896292122 61.00039674063808 
97.99993896292122 61.00039674063808 
97.99993896292122 60.000732444242075 
97.99993896292122 60.000732444242075 
97.99993896292122 62.000061037034094 
97.99993896292122 62.000061037034094 
97.99993896292122 63.00088503679019 
96.99987792590288 63.00088503679019 
96.99987792590288 62.000061037034094 
96.99987792590288 62.000061037034094 
96.99987792590288 61.00039674063808 
96.99987792590288 61.00039674063808 
96.99987792590288 61.00039674063808 
96.99987792590288 61.00039674063808 
95.99995422217718 60.000732444242075 
95.99995422217718 60.000732444242075 
95.99995422217718 60.000732444242075 
96.99987792590288 60.000732444242075 
96.99987792590288 60.000732444242075 
96.99987792590288 60.000732444242075 
96.99987792590288 61.00039674063808 
96.99987792590288 61.00039674063808 
96.99987792590288 62.000061037034094 
96.99987792590288 62.000061037034094 
96.99987792590288 63.00088503679019 
96.99987792590288 62.000061037034094 
96.99987792590288 62.000061037034094 
96.99987792590288 62.000061037034094 
96.99987792590288 61.00039674063808 
96.99987792590288 61.00039674063808 
96.99987792590288 61.00039674063808 
96.99987792590288 62.000061037034094 
96.99987792590288 65.0002136295822 
96.99987792590288 65.0002136295822 
96.99987792590288 68.00036622213031 
96.99987792590288 68.00036622213031 
96.99987792590288 68.00036622213031 
96.99987792590288 68.00036622213031 
96.99987792590288 68.00036622213031 
96.99987792590288 68.00036622213031 
96.99987792590288 68.00036622213031 
96.99987792590288 68.00036622213031 
97.99993896292122 70.00085451828242 
97.99993896292122 70.00085451828242 
97.99993896292122 71.00051881467843 
97.99993896292122 71.00051881467843 
97.99993896292122 70.00085451828242 
97.99993896292122 68.00036622213031 
97.99993896292122 65.0002136295822 
97.99993896292122 64.0005493331862 
96.99987792590288 63.00088503679019 
96.99987792590288 65.0002136295822 
96.99987792590288 67.0007019257343 
96.99987792590288 68.00036622213031 
97.99993896292122 67.0007019257343 
97.99993896292122 68.00036622213031 
96.99987792590288 66.0010376293383 
96.99987792590288 64.0005493331862 
96.99987792590288 63.00088503679019 
96.99987792590288 62.000061037034094 
96.99987792590288 60.000732444242075 
96.99987792590288 59.00106814784607 
96.99987792590288 58.00024414808997 
96.99987792590288 57.00057985169396 
96.99987792590288 56.00091555529795 
96.99987792590288 56.00091555529795 
96.99987792590288 56.00091555529795 
96.99987792590288 56.00091555529795 
96.99987792590288 57.00057985169396 
96.99987792590288 57.00057985169396 
96.99987792590288 57.00057985169396 
96.99987792590288 58.00024414808997 
96.99987792590288 58.00024414808997 
96.99987792590288 58.00024414808997 
96.99987792590288 57.00057985169396 
96.99987792590288 57.00057985169396 
96.99987792590288 57.00057985169396 
96.99987792590288 56.00091555529795 
96.99987792590288 57.00057985169396 
96.99987792590288 59.00106814784607 
96.99987792590288 59.00106814784607 
96.99987792590288 60.000732444242075 
96.99987792590288 62.000061037034094 
97.99993896292122 66.0010376293383 
97.99993896292122 66.0010376293383 
97.99993896292122 73.00100711083053 
97.99993896292122 75.00033570362255 
97.99993896292122 77.00082399977465 
97.99993896292122 76.00000000001856 
96.99987792590288 73.00100711083053 
96.99987792590288 72.00018311107443 
96.99987792590288 70.00085451828242 
96.99987792590288 70.00085451828242 
96.99987792590288 68.00036622213031 
96.99987792590288 67.0007019257343 
96.99987792590288 66.0010376293383 
96.99987792590288 65.0002136295822 
96.99987792590288 63.00088503679019 
96.99987792590288 61.00039674063808 
96.99987792590288 60.000732444242075 
96.99987792590288 60.000732444242075 
96.99987792590288 60.000732444242075 
97.99993896292122 61.00039674063808 
97.99993896292122 60.000732444242075 
97.99993896292122 60.000732444242075 
97.99993896292122 63.00088503679019 
96.99987792590288 63.00088503679019 
96.99987792590288 66.0010376293383 
96.99987792590288 66.0010376293383 
95.99995422217718 67.0007019257343 
95.99995422217718 67.0007019257343 
96.99987792590288 67.0007019257343 
96.99987792590288 66.0010376293383 
96.99987792590288 66.0010376293383 
95.99995422217718 67.0007019257343 
96.99987792590288 69.00003051852633 
96.99987792590288 69.00003051852633 
96.99987792590288 75.00033570362255 
96.99987792590288 75.00033570362255 
96.99987792590288 78.00048829617066 
95.99995422217718 79.00015259256666 
95.99995422217718 79.00015259256666 
95.99995422217718 79.00015259256666 
95.99995422217718 79.00015259256666 
95.99995422217718 79.00015259256666 
95.99995422217718 79.00015259256666 
95.99995422217718 76.00000000001856 
95.99995422217718 71.00051881467843 
95.99995422217718 69.00003051852633 
95.99995422217718 71.00051881467843 
95.99995422217718 73.00100711083053 
95.99995422217718 73.00100711083053 
95.99995422217718 75.00033570362255 
95.99995422217718 75.00033570362255 
95.99995422217718 75.00033570362255 
95.99995422217718 75.00033570362255 
95.99995422217718 75.00033570362255 
95.99995422217718 71.00051881467843 
95.99995422217718 70.00085451828242 
95.99995422217718 71.00051881467843 
95.99995422217718 74.00067140722655 
95.99995422217718 74.00067140722655 
95.99995422217718 76.00000000001856 
96.99987792590288 81.00064088871878 
96.99987792590288 83.00112918487088 
96.99987792590288 85.0004577776629 
96.99987792590288 85.0004577776629 
96.99987792590288 84.00079348126688 
96.99987792590288 80.00097659232277 
96.99987792590288 80.00097659232277 
95.99995422217718 72.00018311107443 
95.99995422217718 68.00036622213031 
95.99995422217718 68.00036622213031 
95.99995422217718 65.0002136295822 
95.99995422217718 65.0002136295822 
95.99995422217718 63.00088503679019 
95.99995422217718 63.00088503679019 
95.99995422217718 61.00039674063808 
96.99987792590288 61.00039674063808 
96.99987792590288 61.00039674063808 
96.99987792590288 62.000061037034094 
96.99987792590288 63.00088503679019 
96.99987792590288 66.0010376293383 
97.99993896292122 66.0010376293383 
97.99993896292122 68.00036622213031 
97.99993896292122 66.0010376293383 
97.99993896292122 65.0002136295822 
97.99993896292122 63.00088503679019 
97.99993896292122 63.00088503679019 
97.99993896292122 63.00088503679019 
97.99993896292122 64.0005493331862 
97.99993896292122 67.0007019257343 
97.99993896292122 67.0007019257343 
97.99993896292122 69.00003051852633 
97.99993896292122 67.0007019257343 
97.99993896292122 65.0002136295822 
97.99993896292122 63.00088503679019 
97.99993896292122 62.000061037034094 
97.99993896292122 62.000061037034094 
97.99993896292122 63.00088503679019 
97.99993896292122 65.0002136295822 
97.99993896292122 67.0007019257343 
97.99993896292122 68.00036622213031 
97.99993896292122 71.00051881467843 
97.99993896292122 71.00051881467843 
97.99993896292122 73.00100711083053 
97.99993896292122 75.00033570362255 
97.99993896292122 75.00033570362255 
97.99993896292122 79.00015259256666 
97.99993896292122 79.00015259256666 
97.99993896292122 80.00097659232277 
