98.99996948149052 66.00070192582874 
98.99996948149052 66.00070192582874 
98.99996948149052 65.00047303700599 
98.99996948149052 65.00047303700599 
98.99996948149052 65.00047303700599 
98.99996948149052 62.000686666567276 
98.0 60.00022888892178 
98.0 58.00067140730582 
98.0 58.00067140730582 
98.0 57.00044251848308 
98.0 56.00021362966033 
98.0 55.000885036867125 
98.0 55.000885036867125 
98.0 54.00065614804438 
98.0 54.00065614804438 
98.0 54.00065614804438 
98.0 54.00065614804438 
98.0 54.00065614804438 
98.0 56.00021362966033 
98.0 58.00067140730582 
98.0 59.00090029612858 
98.0 63.00001525936048 
97.00003051850948 63.00001525936048 
97.00003051850948 68.00025940744469 
97.00003051850948 70.00071718509018 
98.0 72.00027466670613 
98.0 72.00027466670613 
98.0 73.00050355552888 
98.0 71.00004577788339 
98.0 69.00048829626743 
98.0 68.00025940744469 
97.00003051850948 67.00003051862194 
97.00003051850948 66.00070192582874 
97.00003051850948 63.00001525936048 
97.00003051850948 63.00001525936048 
97.00003051850948 60.00022888892178 
97.00003051850948 57.00044251848308 
97.00003051850948 55.000885036867125 
97.00003051850948 54.00065614804438 
98.0 54.00065614804438 
98.0 54.00065614804438 
98.0 55.000885036867125 
98.0 55.000885036867125 
98.0 55.000885036867125 
98.0 55.000885036867125 
98.0 55.000885036867125 
98.0 55.000885036867125 
98.0 54.00065614804438 
97.00003051850948 54.00065614804438 
97.00003051850948 54.00065614804438 
97.00003051850948 54.00065614804438 
97.00003051850948 54.00065614804438 
97.00003051850948 55.000885036867125 
97.00003051850948 55.000885036867125 
97.00003051850948 55.000885036867125 
97.00003051850948 55.000885036867125 
97.00003051850948 55.000885036867125 
97.00003051850948 55.000885036867125 
97.00003051850948 55.000885036867125 
97.00003051850948 54.00065614804438 
97.00003051850948 54.00065614804438 
96.0 54.00065614804438 
96.0 54.00065614804438 
96.0 55.000885036867125 
96.0 54.00065614804438 
96.0 54.00065614804438 
96.0 53.000427259221624 
96.0 53.000427259221624 
96.0 53.000427259221624 
96.0 53.000427259221624 
97.00003051850948 53.000427259221624 
97.00003051850948 52.00019837039888 
97.00003051850948 53.000427259221624 
97.00003051850948 53.000427259221624 
97.00003051850948 52.00019837039888 
97.00003051850948 52.00019837039888 
97.00003051850948 52.00019837039888 
97.00003051850948 53.000427259221624 
97.00003051850948 53.000427259221624 
97.00003051850948 53.000427259221624 
97.00003051850948 53.000427259221624 
97.00003051850948 54.00065614804438 
97.00003051850948 54.00065614804438 
97.00003051850948 54.00065614804438 
97.00003051850948 53.000427259221624 
97.00003051850948 53.000427259221624 
97.00003051850948 54.00065614804438 
97.00003051850948 53.000427259221624 
97.00003051850948 53.000427259221624 
97.00003051850948 52.00019837039888 
97.00003051850948 52.00019837039888 
97.00003051850948 52.00019837039888 
97.00003051850948 52.00019837039888 
97.00003051850948 52.00019837039888 
97.00003051850948 52.00019837039888 
97.00003051850948 53.000427259221624 
97.00003051850948 53.000427259221624 
97.00003051850948 53.000427259221624 
97.00003051850948 52.00019837039888 
96.0 52.00019837039888 
96.0 53.000427259221624 
96.0 53.000427259221624 
96.0 53.000427259221624 
96.0 53.000427259221624 
96.0 52.00019837039888 
96.0 54.00065614804438 
96.0 53.000427259221624 
96.0 53.000427259221624 
96.0 53.000427259221624 
96.0 53.000427259221624 
96.0 54.00065614804438 
96.0 53.000427259221624 
96.0 53.000427259221624 
96.0 53.000427259221624 
96.0 53.000427259221624 
96.0 53.000427259221624 
96.0 52.00019837039888 
96.0 52.00019837039888 
96.0 51.00086977760567 
96.0 51.00086977760567 
96.0 53.000427259221624 
96.0 52.00019837039888 
96.0 52.00019837039888 
96.0 52.00019837039888 
96.0 53.000427259221624 
96.0 53.000427259221624 
96.0 53.000427259221624 
96.0 53.000427259221624 
96.0 53.000427259221624 
96.0 54.00065614804438 
96.0 53.000427259221624 
96.0 53.000427259221624 
96.0 52.00019837039888 
96.0 52.00019837039888 
96.0 53.000427259221624 
96.0 52.00019837039888 
96.0 52.00019837039888 
96.0 52.00019837039888 
96.0 53.000427259221624 
96.0 53.000427259221624 
96.0 53.000427259221624 
96.0 53.000427259221624 
96.0 54.00065614804438 
96.0 54.00065614804438 
96.0 54.00065614804438 
96.0 54.00065614804438 
96.0 55.000885036867125 
96.0 55.000885036867125 
96.0 55.000885036867125 
96.0 55.000885036867125 
96.0 56.00021362966033 
96.0 56.00021362966033 
96.0 56.00021362966033 
96.0 56.00021362966033 
96.0 57.00044251848308 
96.0 57.00044251848308 
96.0 56.00021362966033 
96.0 56.00021362966033 
96.0 57.00044251848308 
96.0 57.00044251848308 
96.0 57.00044251848308 
96.0 56.00021362966033 
96.0 56.00021362966033 
96.0 57.00044251848308 
96.0 57.00044251848308 
96.0 56.00021362966033 
96.0 56.00021362966033 
96.0 57.00044251848308 
96.0 56.00021362966033 
96.0 56.00021362966033 
96.0 56.00021362966033 
96.0 55.000885036867125 
96.0 56.00021362966033 
96.0 55.000885036867125 
96.0 55.000885036867125 
96.0 55.000885036867125 
96.0 55.000885036867125 
96.0 55.000885036867125 
96.0 55.000885036867125 
96.0 55.000885036867125 
96.0 55.000885036867125 
96.0 55.000885036867125 
96.0 55.000885036867125 
96.0 54.00065614804438 
96.0 54.00065614804438 
96.0 54.00065614804438 
96.0 54.00065614804438 
96.0 54.00065614804438 
96.0 56.00021362966033 
96.0 56.00021362966033 
96.0 56.00021362966033 
96.0 56.00021362966033 
96.0 56.00021362966033 
96.0 57.00044251848308 
96.0 57.00044251848308 
96.0 57.00044251848308 
96.0 57.00044251848308 
96.0 58.00067140730582 
96.0 56.00021362966033 
96.0 56.00021362966033 
96.0 56.00021362966033 
96.0 58.00067140730582 
96.0 57.00044251848308 
96.0 57.00044251848308 
96.0 56.00021362966033 
96.0 57.00044251848308 
96.0 57.00044251848308 
96.0 57.00044251848308 
96.0 56.00021362966033 
96.0 56.00021362966033 
96.0 56.00021362966033 
96.0 56.00021362966033 
97.00003051850948 56.00021362966033 
97.00003051850948 56.00021362966033 
96.0 56.00021362966033 
96.0 57.00044251848308 
96.0 57.00044251848308 
96.0 57.00044251848308 
96.0 57.00044251848308 
96.0 59.00090029612858 
97.00003051850948 59.00090029612858 
97.00003051850948 59.00090029612858 
97.00003051850948 59.00090029612858 
97.00003051850948 60.00022888892178 
97.00003051850948 60.00022888892178 
97.00003051850948 60.00022888892178 
97.00003051850948 60.00022888892178 
97.00003051850948 61.00045777774453 
97.00003051850948 60.00022888892178 
97.00003051850948 60.00022888892178 
97.00003051850948 60.00022888892178 
97.00003051850948 60.00022888892178 
97.00003051850948 60.00022888892178 
97.00003051850948 60.00022888892178 
97.00003051850948 60.00022888892178 
97.00003051850948 60.00022888892178 
97.00003051850948 60.00022888892178 
97.00003051850948 59.00090029612858 
97.00003051850948 59.00090029612858 
97.00003051850948 59.00090029612858 
97.00003051850948 60.00022888892178 
97.00003051850948 59.00090029612858 
97.00003051850948 59.00090029612858 
97.00003051850948 59.00090029612858 
97.00003051850948 59.00090029612858 
97.00003051850948 58.00067140730582 
97.00003051850948 58.00067140730582 
97.00003051850948 58.00067140730582 
97.00003051850948 59.00090029612858 
97.00003051850948 58.00067140730582 
97.00003051850948 57.00044251848308 
97.00003051850948 56.00021362966033 
97.00003051850948 55.000885036867125 
96.0 55.000885036867125 
96.0 55.000885036867125 
96.0 54.00065614804438 
96.0 54.00065614804438 
96.0 53.000427259221624 
96.0 54.00065614804438 
96.0 54.00065614804438 
96.0 53.000427259221624 
96.0 53.000427259221624 
96.0 53.000427259221624 
96.0 55.000885036867125 
96.0 54.00065614804438 
96.0 54.00065614804438 
96.0 54.00065614804438 
96.0 55.000885036867125 
96.0 54.00065614804438 
96.0 54.00065614804438 
96.0 55.000885036867125 
96.0 55.000885036867125 
96.0 54.00065614804438 
96.0 54.00065614804438 
96.0 54.00065614804438 
96.0 54.00065614804438 
96.0 54.00065614804438 
96.0 54.00065614804438 
96.0 54.00065614804438 
96.0 53.000427259221624 
96.0 54.00065614804438 
96.0 53.000427259221624 
96.0 52.00019837039888 
96.0 52.00019837039888 
96.0 52.00019837039888 
96.0 53.000427259221624 
96.0 53.000427259221624 
96.0 52.00019837039888 
96.0 52.00019837039888 
96.0 52.00019837039888 
96.0 52.00019837039888 
96.0 51.00086977760567 
96.0 51.00086977760567 
96.0 51.00086977760567 
96.0 51.00086977760567 
96.0 51.00086977760567 
96.0 52.00019837039888 
96.0 52.00019837039888 
96.0 52.00019837039888 
96.0 51.00086977760567 
96.0 51.00086977760567 
97.00003051850948 67.00003051862194 
97.00003051850948 67.00003051862194 
97.00003051850948 67.00003051862194 
98.0 67.00003051862194 
98.99996948149052 67.00003051862194 
98.99996948149052 67.00003051862194 
98.99996948149052 69.00048829626743 
98.0 72.00027466670613 
98.0 72.00027466670613 
98.0 76.00028992596759 
98.0 78.99917600037675 
98.0 80.99963377802224 
98.0 84.9996490372837 
98.0 87.9994354077224 
98.0 87.9994354077224 
98.0 89.9998931853679 
98.0 89.9998931853679 
98.0 89.9998931853679 
98.0 85.99987792610645 
98.0 80.99963377802224 
98.0 76.00028992596759 
98.0 71.00004577788339 
98.0 68.00025940744469 
98.0 66.00070192582874 
98.0 64.00024414818323 
97.00003051850948 64.00024414818323 
97.00003051850948 64.00024414818323 
97.00003051850948 64.00024414818323 
97.00003051850948 65.00047303700599 
97.00003051850948 65.00047303700599 
97.00003051850948 65.00047303700599 
97.00003051850948 68.00025940744469 
96.0 68.00025940744469 
96.0 70.00071718509018 
96.0 70.00071718509018 
96.0 69.00048829626743 
96.0 66.00070192582874 
96.0 63.00001525936048 
96.0 63.00001525936048 
96.0 61.00045777774453 
96.0 61.00045777774453 
96.0 61.00045777774453 
96.0 60.00022888892178 
96.0 60.00022888892178 
96.0 59.00090029612858 
96.0 59.00090029612858 
96.0 58.00067140730582 
96.0 58.00067140730582 
97.00003051850948 58.00067140730582 
97.00003051850948 58.00067140730582 
97.00003051850948 58.00067140730582 
97.00003051850948 59.00090029612858 
97.00003051850948 58.00067140730582 
97.00003051850948 58.00067140730582 
97.00003051850948 59.00090029612858 
97.00003051850948 61.00045777774453 
97.00003051850948 61.00045777774453 
97.00003051850948 63.00001525936048 
97.00003051850948 63.00001525936048 
97.00003051850948 64.00024414818323 
97.00003051850948 64.00024414818323 
97.00003051850948 63.00001525936048 
97.00003051850948 63.00001525936048 
97.00003051850948 64.00024414818323 
97.00003051850948 64.00024414818323 
97.00003051850948 65.00047303700599 
97.00003051850948 66.00070192582874 
97.00003051850948 66.00070192582874 
97.00003051850948 66.00070192582874 
97.00003051850948 66.00070192582874 
97.00003051850948 66.00070192582874 
97.00003051850948 66.00070192582874 
97.00003051850948 66.00070192582874 
97.00003051850948 66.00070192582874 
97.00003051850948 67.00003051862194 
97.00003051850948 67.00003051862194 
97.00003051850948 67.00003051862194 
97.00003051850948 68.00025940744469 
97.00003051850948 69.00048829626743 
96.0 69.00048829626743 
96.0 70.00071718509018 
96.0 71.00004577788339 
97.00003051850948 71.00004577788339 
97.00003051850948 71.00004577788339 
97.00003051850948 74.00073244435164 
97.00003051850948 74.00073244435164 
97.00003051850948 74.00073244435164 
97.00003051850948 74.00073244435164 
97.00003051850948 74.00073244435164 
97.00003051850948 74.00073244435164 
97.00003051850948 74.00073244435164 
97.00003051850948 75.00006103714485 
97.00003051850948 75.00006103714485 
97.00003051850948 75.00006103714485 
97.00003051850948 77.00051881479034 
97.00003051850948 77.00051881479034 
97.00003051850948 76.00028992596759 
97.00003051850948 75.00006103714485 
97.00003051850948 75.00006103714485 
97.00003051850948 75.00006103714485 
97.00003051850948 73.00050355552888 
97.00003051850948 72.00027466670613 
97.00003051850948 71.00004577788339 
97.00003051850948 70.00071718509018 
97.00003051850948 70.00071718509018 
97.00003051850948 69.00048829626743 
96.0 68.00025940744469 
96.0 68.00025940744469 
96.0 68.00025940744469 
96.0 68.00025940744469 
96.0 67.00003051862194 
96.0 67.00003051862194 
96.0 67.00003051862194 
96.0 67.00003051862194 
96.0 67.00003051862194 
96.0 67.00003051862194 
96.0 66.00070192582874 
97.00003051850948 66.00070192582874 
97.00003051850948 66.00070192582874 
97.00003051850948 67.00003051862194 
97.00003051850948 68.00025940744469 
97.00003051850948 68.00025940744469 
97.00003051850948 68.00025940744469 
97.00003051850948 68.00025940744469 
97.00003051850948 71.00004577788339 
97.00003051850948 75.00006103714485 
97.00003051850948 77.00051881479034 
97.00003051850948 77.00051881479034 
97.00003051850948 77.00051881479034 
97.00003051850948 77.00051881479034 
97.00003051850948 77.00051881479034 
97.00003051850948 77.00051881479034 
97.00003051850948 79.9994048891995 
97.00003051850948 79.9994048891995 
97.00003051850948 78.99917600037675 
97.00003051850948 77.99984740758354 
96.0 74.00073244435164 
96.0 73.00050355552888 
96.0 71.00004577788339 
96.0 71.00004577788339 
96.0 71.00004577788339 
96.0 70.00071718509018 
96.0 69.00048829626743 
96.0 69.00048829626743 
96.0 68.00025940744469 
96.0 68.00025940744469 
96.0 68.00025940744469 
96.0 68.00025940744469 
96.0 68.00025940744469 
96.0 68.00025940744469 
96.0 69.00048829626743 
96.0 69.00048829626743 
96.0 69.00048829626743 
96.0 69.00048829626743 
96.0 69.00048829626743 
96.0 71.00004577788339 
96.0 72.00027466670613 
96.0 74.00073244435164 
96.0 74.00073244435164 
96.0 74.00073244435164 
96.0 75.00006103714485 
96.0 75.00006103714485 
96.0 76.00028992596759 
96.0 76.00028992596759 
96.0 76.00028992596759 
96.0 75.00006103714485 
96.0 75.00006103714485 
96.0 75.00006103714485 
96.0 74.00073244435164 
96.0 73.00050355552888 
96.0 73.00050355552888 
96.0 72.00027466670613 
96.0 72.00027466670613 
96.0 72.00027466670613 
96.0 72.00027466670613 
96.0 73.00050355552888 
96.0 72.00027466670613 
96.0 71.00004577788339 
96.0 71.00004577788339 
96.0 72.00027466670613 
96.0 72.00027466670613 
96.0 72.00027466670613 
96.0 72.00027466670613 
96.0 72.00027466670613 
96.0 72.00027466670613 
96.0 73.00050355552888 
96.0 73.00050355552888 
96.0 73.00050355552888 
96.0 74.00073244435164 
96.0 75.00006103714485 
96.0 75.00006103714485 
96.0 77.99984740758354 
96.0 77.99984740758354 
96.0 81.99986266684499 
96.0 80.99963377802224 
96.0 80.99963377802224 
96.0 80.99963377802224 
96.0 79.9994048891995 
96.0 79.9994048891995 
96.0 79.9994048891995 
96.0 80.99963377802224 
96.0 81.99986266684499 
96.0 82.9991912596382 
96.0 81.99986266684499 
96.0 80.99963377802224 
96.0 81.99986266684499 
96.0 79.9994048891995 
96.0 80.99963377802224 
96.0 80.99963377802224 
96.0 80.99963377802224 
96.0 81.99986266684499 
96.0 84.9996490372837 
96.0 84.9996490372837 
96.0 84.9996490372837 
96.0 84.9996490372837 
96.0 86.99920651889965 
96.0 86.99920651889965 
96.0 88.99966429654515 
96.0 88.99966429654515 
96.0 89.9998931853679 
96.0 89.9998931853679 
96.0 89.9998931853679 
96.0 90.9992217781611 
96.0 90.9992217781611 
96.0 90.9992217781611 
96.0 90.9992217781611 
96.0 90.9992217781611 
96.0 90.9992217781611 
96.0 90.9992217781611 
96.0 90.9992217781611 
96.0 90.9992217781611 
96.0 90.9992217781611 
96.0 90.9992217781611 
96.0 90.9992217781611 
96.0 90.9992217781611 
96.0 90.9992217781611 
96.0 90.9992217781611 
96.0 90.9992217781611 
96.0 90.9992217781611 
96.0 90.9992217781611 
96.0 90.9992217781611 
96.0 90.9992217781611 
96.0 90.9992217781611 
96.0 90.9992217781611 
96.0 90.9992217781611 
96.0 90.9992217781611 
96.0 90.9992217781611 
96.0 90.9992217781611 
96.0 90.9992217781611 
96.0 90.9992217781611 
96.0 90.9992217781611 
96.0 90.9992217781611 
96.0 90.9992217781611 
96.0 91.99945066698385 
96.0 91.99945066698385 
96.0 95.9994659262453 
96.0 98.999252296684 
96.0 98.999252296684 
96.0 101.99993896315226 
96.0 102.99926755594547 
96.0 103.99949644476821 
96.0 103.99949644476821 
96.0 103.99949644476821 
96.0 103.99949644476821 
96.0 103.99949644476821 
96.0 101.99993896315226 
96.0 101.99993896315226 
96.0 101.99993896315226 
96.0 101.99993896315226 
96.0 103.99949644476821 
96.0 103.99949644476821 
96.0 104.99972533359096 
96.0 104.99972533359096 
96.0 104.99972533359096 
96.0 104.99972533359096 
96.0 104.99972533359096 
96.0 104.99972533359096 
96.0 104.99972533359096 
96.0 104.99972533359096 
96.0 104.99972533359096 
96.0 104.99972533359096 
96.0 104.99972533359096 
96.0 104.99972533359096 
96.0 104.99972533359096 
96.0 104.99972533359096 
96.0 104.99972533359096 
96.0 104.99972533359096 
96.0 104.99972533359096 
96.0 104.99972533359096 
96.0 104.99972533359096 
96.0 104.99972533359096 
96.0 104.99972533359096 
96.0 104.99972533359096 
96.0 104.99972533359096 
96.0 104.99972533359096 
96.0 104.99972533359096 
96.0 105.9999542224137 
96.0 105.9999542224137 
96.0 105.9999542224137 
96.0 105.9999542224137 
96.0 106.99928281520691 
96.0 106.99928281520691 
96.0 102.99926755594547 
96.0 106.99928281520691 
96.0 106.99928281520691 
96.0 106.99928281520691 
96.0 106.99928281520691 
96.0 106.99928281520691 
96.0 106.99928281520691 
96.0 105.9999542224137 
96.0 105.9999542224137 
96.0 105.9999542224137 
96.0 104.99972533359096 
96.0 104.99972533359096 
96.0 104.99972533359096 
96.0 104.99972533359096 
96.0 103.99949644476821 
96.0 103.99949644476821 
96.0 103.99949644476821 
96.0 103.99949644476821 
96.0 99.99948118550675 
96.0 99.99948118550675 
96.0 99.99948118550675 
96.0 97.9999237038908 
96.0 97.9999237038908 
96.0 95.9994659262453 
97.00003051850948 94.99923703742256 
97.00003051850948 94.99923703742256 
98.99996948149052 76.00028992596759 
98.99996948149052 75.00006103714485 
98.99996948149052 74.00073244435164 
98.99996948149052 73.00050355552888 
98.0 72.00027466670613 
98.0 74.00073244435164 
98.0 74.00073244435164 
98.0 77.00051881479034 
98.0 77.00051881479034 
98.0 76.00028992596759 
98.0 74.00073244435164 
98.0 72.00027466670613 
98.0 70.00071718509018 
98.0 70.00071718509018 
98.0 70.00071718509018 
98.0 68.00025940744469 
98.0 66.00070192582874 
98.0 63.00001525936048 
98.0 61.00045777774453 
98.0 59.00090029612858 
98.0 58.00067140730582 
98.0 56.00021362966033 
98.0 55.000885036867125 
98.0 55.000885036867125 
97.00003051850948 54.00065614804438 
97.00003051850948 54.00065614804438 
97.00003051850948 53.000427259221624 
97.00003051850948 53.000427259221624 
97.00003051850948 53.000427259221624 
97.00003051850948 52.00019837039888 
97.00003051850948 52.00019837039888 
97.00003051850948 53.000427259221624 
97.00003051850948 53.000427259221624 
97.00003051850948 53.000427259221624 
97.00003051850948 54.00065614804438 
97.00003051850948 54.00065614804438 
97.00003051850948 54.00065614804438 
97.00003051850948 55.000885036867125 
97.00003051850948 55.000885036867125 
97.00003051850948 55.000885036867125 
97.00003051850948 54.00065614804438 
97.00003051850948 54.00065614804438 
97.00003051850948 54.00065614804438 
97.00003051850948 54.00065614804438 
97.00003051850948 54.00065614804438 
97.00003051850948 55.000885036867125 
97.00003051850948 55.000885036867125 
97.00003051850948 54.00065614804438 
97.00003051850948 55.000885036867125 
97.00003051850948 55.000885036867125 
97.00003051850948 54.00065614804438 
97.00003051850948 54.00065614804438 
97.00003051850948 54.00065614804438 
97.00003051850948 53.000427259221624 
97.00003051850948 53.000427259221624 
97.00003051850948 53.000427259221624 
97.00003051850948 53.000427259221624 
97.00003051850948 53.000427259221624 
97.00003051850948 53.000427259221624 
97.00003051850948 53.000427259221624 
97.00003051850948 53.000427259221624 
97.00003051850948 54.00065614804438 
97.00003051850948 54.00065614804438 
97.00003051850948 54.00065614804438 
97.00003051850948 54.00065614804438 
97.00003051850948 54.00065614804438 
97.00003051850948 54.00065614804438 
97.00003051850948 54.00065614804438 
97.00003051850948 54.00065614804438 
97.00003051850948 54.00065614804438 
97.00003051850948 54.00065614804438 
97.00003051850948 53.000427259221624 
97.00003051850948 53.000427259221624 
97.00003051850948 53.000427259221624 
97.00003051850948 53.000427259221624 
97.00003051850948 53.000427259221624 
97.00003051850948 54.00065614804438 
97.00003051850948 54.00065614804438 
97.00003051850948 54.00065614804438 
97.00003051850948 54.00065614804438 
97.00003051850948 54.00065614804438 
97.00003051850948 54.00065614804438 
97.00003051850948 53.000427259221624 
97.00003051850948 53.000427259221624 
97.00003051850948 53.000427259221624 
97.00003051850948 53.000427259221624 
97.00003051850948 53.000427259221624 
97.00003051850948 53.000427259221624 
97.00003051850948 53.000427259221624 
97.00003051850948 53.000427259221624 
97.00003051850948 53.000427259221624 
97.00003051850948 53.000427259221624 
97.00003051850948 53.000427259221624 
97.00003051850948 53.000427259221624 
97.00003051850948 53.000427259221624 
96.0 53.000427259221624 
96.0 53.000427259221624 
96.0 53.000427259221624 
96.0 53.000427259221624 
96.0 53.000427259221624 
96.0 54.00065614804438 
96.0 54.00065614804438 
96.0 54.00065614804438 
96.0 54.00065614804438 
96.0 54.00065614804438 
96.0 55.000885036867125 
96.0 55.000885036867125 
96.0 56.00021362966033 
96.0 57.00044251848308 
96.0 57.00044251848308 
96.0 57.00044251848308 
96.0 58.00067140730582 
97.00003051850948 57.00044251848308 
97.00003051850948 57.00044251848308 
97.00003051850948 56.00021362966033 
97.00003051850948 56.00021362966033 
97.00003051850948 55.000885036867125 
96.0 54.00065614804438 
96.0 53.000427259221624 
97.00003051850948 53.000427259221624 
97.00003051850948 54.00065614804438 
97.00003051850948 53.000427259221624 
97.00003051850948 52.00019837039888 
97.00003051850948 51.00086977760567 
97.00003051850948 51.00086977760567 
97.00003051850948 52.00019837039888 
97.00003051850948 52.00019837039888 
97.00003051850948 51.00086977760567 
97.00003051850948 51.00086977760567 
97.00003051850948 52.00019837039888 
97.00003051850948 51.00086977760567 
97.00003051850948 51.00086977760567 
97.00003051850948 51.00086977760567 
96.0 51.00086977760567 
96.0 52.00019837039888 
96.0 51.00086977760567 
96.0 51.00086977760567 
96.0 51.00086977760567 
96.0 51.00086977760567 
96.0 52.00019837039888 
96.0 52.00019837039888 
96.0 52.00019837039888 
96.0 53.000427259221624 
96.0 53.000427259221624 
96.0 52.00019837039888 
96.0 52.00019837039888 
96.0 52.00019837039888 
96.0 53.000427259221624 
96.0 53.000427259221624 
96.0 53.000427259221624 
96.0 53.000427259221624 
96.0 54.00065614804438 
96.0 54.00065614804438 
96.0 53.000427259221624 
96.0 55.000885036867125 
96.0 55.000885036867125 
96.0 56.00021362966033 
96.0 57.00044251848308 
96.0 58.00067140730582 
96.0 58.00067140730582 
96.0 58.00067140730582 
96.0 58.00067140730582 
96.0 57.00044251848308 
96.0 55.000885036867125 
96.0 54.00065614804438 
97.00003051850948 54.00065614804438 
97.00003051850948 55.000885036867125 
97.00003051850948 55.000885036867125 
97.00003051850948 54.00065614804438 
97.00003051850948 54.00065614804438 
97.00003051850948 56.00021362966033 
97.00003051850948 56.00021362966033 
97.00003051850948 54.00065614804438 
97.00003051850948 54.00065614804438 
97.00003051850948 54.00065614804438 
97.00003051850948 54.00065614804438 
97.00003051850948 54.00065614804438 
97.00003051850948 53.000427259221624 
97.00003051850948 52.00019837039888 
97.00003051850948 54.00065614804438 
97.00003051850948 53.000427259221624 
97.00003051850948 53.000427259221624 
97.00003051850948 53.000427259221624 
97.00003051850948 53.000427259221624 
97.00003051850948 53.000427259221624 
97.00003051850948 53.000427259221624 
97.00003051850948 53.000427259221624 
97.00003051850948 53.000427259221624 
97.00003051850948 54.00065614804438 
97.00003051850948 54.00065614804438 
97.00003051850948 53.000427259221624 
97.00003051850948 53.000427259221624 
97.00003051850948 53.000427259221624 
97.00003051850948 53.000427259221624 
97.00003051850948 53.000427259221624 
96.0 53.000427259221624 
96.0 52.00019837039888 
96.0 52.00019837039888 
96.0 52.00019837039888 
96.0 52.00019837039888 
96.0 52.00019837039888 
96.0 52.00019837039888 
96.0 52.00019837039888 
96.0 52.00019837039888 
96.0 52.00019837039888 
96.0 52.00019837039888 
96.0 52.00019837039888 
96.0 52.00019837039888 
96.0 52.00019837039888 
96.0 52.00019837039888 
96.0 52.00019837039888 
96.0 52.00019837039888 
96.0 52.00019837039888 
96.0 53.000427259221624 
96.0 53.000427259221624 
96.0 53.000427259221624 
96.0 53.000427259221624 
96.0 54.00065614804438 
96.0 54.00065614804438 
96.0 53.000427259221624 
96.0 53.000427259221624 
96.0 54.00065614804438 
96.0 54.00065614804438 
96.0 53.000427259221624 
96.0 53.000427259221624 
96.0 53.000427259221624 
96.0 54.00065614804438 
96.0 53.000427259221624 
96.0 53.000427259221624 
96.0 54.00065614804438 
96.0 55.000885036867125 
96.0 54.00065614804438 
96.0 54.00065614804438 
96.0 54.00065614804438 
96.0 54.00065614804438 
96.0 54.00065614804438 
96.0 54.00065614804438 
96.0 54.00065614804438 
96.0 54.00065614804438 
97.00003051850948 54.00065614804438 
97.00003051850948 53.000427259221624 
97.00003051850948 54.00065614804438 
97.00003051850948 55.000885036867125 
97.00003051850948 54.00065614804438 
97.00003051850948 55.000885036867125 
97.00003051850948 56.00021362966033 
97.00003051850948 55.000885036867125 
97.00003051850948 55.000885036867125 
97.00003051850948 55.000885036867125 
97.00003051850948 55.000885036867125 
97.00003051850948 56.00021362966033 
97.00003051850948 56.00021362966033 
96.0 56.00021362966033 
96.0 56.00021362966033 
96.0 57.00044251848308 
96.0 56.00021362966033 
96.0 56.00021362966033 
97.00003051850948 56.00021362966033 
96.0 57.00044251848308 
97.00003051850948 57.00044251848308 
96.0 56.00021362966033 
97.00003051850948 55.000885036867125 
97.00003051850948 55.000885036867125 
97.00003051850948 55.000885036867125 
96.0 54.00065614804438 
96.0 53.000427259221624 
96.0 53.000427259221624 
96.0 53.000427259221624 
96.0 54.00065614804438 
96.0 53.000427259221624 
96.0 53.000427259221624 
96.0 53.000427259221624 
96.0 53.000427259221624 
96.0 53.000427259221624 
96.0 53.000427259221624 
96.0 53.000427259221624 
96.0 53.000427259221624 
96.0 55.000885036867125 
96.0 55.000885036867125 
96.0 54.00065614804438 
96.0 55.000885036867125 
96.0 55.000885036867125 
96.0 55.000885036867125 
96.0 55.000885036867125 
96.0 56.00021362966033 
96.0 56.00021362966033 
96.0 56.00021362966033 
96.0 56.00021362966033 
96.0 56.00021362966033 
96.0 56.00021362966033 
96.0 56.00021362966033 
96.0 56.00021362966033 
96.0 56.00021362966033 
96.0 56.00021362966033 
96.0 55.000885036867125 
96.0 56.00021362966033 
96.0 56.00021362966033 
96.0 56.00021362966033 
96.0 56.00021362966033 
97.00003051850948 56.00021362966033 
97.00003051850948 56.00021362966033 
97.00003051850948 83.99942014846096 
97.00003051850948 83.99942014846096 
97.00003051850948 84.9996490372837 
97.00003051850948 85.99987792610645 
96.0 83.99942014846096 
96.0 82.9991912596382 
96.0 81.99986266684499 
96.0 80.99963377802224 
96.0 80.99963377802224 
96.0 80.99963377802224 
96.0 82.9991912596382 
96.0 84.9996490372837 
96.0 85.99987792610645 
96.0 86.99920651889965 
96.0 87.9994354077224 
96.0 85.99987792610645 
96.0 85.99987792610645 
96.0 85.99987792610645 
96.0 85.99987792610645 
96.0 86.99920651889965 
96.0 87.9994354077224 
96.0 88.99966429654515 
96.0 86.99920651889965 
97.00003051850948 86.99920651889965 
97.00003051850948 85.99987792610645 
97.00003051850948 85.99987792610645 
97.00003051850948 86.99920651889965 
97.00003051850948 87.9994354077224 
96.0 85.99987792610645 
96.0 85.99987792610645 
96.0 84.9996490372837 
96.0 83.99942014846096 
96.0 83.99942014846096 
96.0 83.99942014846096 
96.0 83.99942014846096 
96.0 83.99942014846096 
96.0 83.99942014846096 
96.0 83.99942014846096 
96.0 82.9991912596382 
96.0 83.99942014846096 
96.0 83.99942014846096 
98.0 55.000885036867125 
98.0 55.000885036867125 
98.0 56.00021362966033 
98.0 56.00021362966033 
98.0 65.00047303700599 
98.0 65.00047303700599 
98.0 67.00003051862194 
98.0 69.00048829626743 
98.0 69.00048829626743 
98.0 69.00048829626743 
98.0 71.00004577788339 
98.0 71.00004577788339 
98.0 71.00004577788339 
98.0 71.00004577788339 
98.0 72.00027466670613 
98.0 72.00027466670613 
98.0 73.00050355552888 
98.0 74.00073244435164 
98.0 75.00006103714485 
98.0 75.00006103714485 
98.0 75.00006103714485 
98.99996948149052 75.00006103714485 
98.0 76.00028992596759 
98.0 76.00028992596759 
98.0 78.99917600037675 
98.0 78.99917600037675 
98.0 78.99917600037675 
98.0 77.99984740758354 
98.0 76.00028992596759 
98.0 76.00028992596759 
98.0 77.99984740758354 
98.99996948149052 77.99984740758354 
98.99996948149052 78.99917600037675 
98.99996948149052 78.99917600037675 
98.99996948149052 78.99917600037675 
98.99996948149052 78.99917600037675 
98.0 78.99917600037675 
98.99996948149052 79.9994048891995 
98.0 79.9994048891995 
98.0 78.99917600037675 
98.0 76.00028992596759 
98.0 76.00028992596759 
98.0 74.00073244435164 
98.0 74.00073244435164 
98.0 77.00051881479034 
98.0 77.00051881479034 
98.0 78.99917600037675 
98.0 78.99917600037675 
98.0 77.00051881479034 
98.0 77.00051881479034 
98.0 77.00051881479034 
98.0 77.00051881479034 
98.0 76.00028992596759 
97.00003051850948 76.00028992596759 
97.00003051850948 75.00006103714485 
97.00003051850948 75.00006103714485 
97.00003051850948 75.00006103714485 
97.00003051850948 75.00006103714485 
97.00003051850948 75.00006103714485 
97.00003051850948 75.00006103714485 
97.00003051850948 74.00073244435164 
98.0 73.00050355552888 
98.0 72.00027466670613 
98.0 72.00027466670613 
98.0 72.00027466670613 
98.99996948149052 72.00027466670613 
98.0 71.00004577788339 
98.0 71.00004577788339 
98.0 71.00004577788339 
98.0 71.00004577788339 
98.0 70.00071718509018 
98.0 69.00048829626743 
98.0 69.00048829626743 
98.0 69.00048829626743 
98.0 69.00048829626743 
98.0 69.00048829626743 
98.0 69.00048829626743 
98.0 69.00048829626743 
98.0 68.00025940744469 
98.0 69.00048829626743 
98.0 69.00048829626743 
98.0 68.00025940744469 
98.0 69.00048829626743 
98.0 69.00048829626743 
98.0 70.00071718509018 
98.0 69.00048829626743 
98.0 69.00048829626743 
98.0 69.00048829626743 
98.0 68.00025940744469 
98.0 68.00025940744469 
98.0 68.00025940744469 
98.0 68.00025940744469 
98.0 68.00025940744469 
98.0 68.00025940744469 
98.0 68.00025940744469 
98.0 72.00027466670613 
98.0 72.00027466670613 
98.99996948149052 72.00027466670613 
98.99996948149052 69.00048829626743 
98.99996948149052 66.00070192582874 
98.0 65.00047303700599 
98.0 64.00024414818323 
98.0 63.00001525936048 
98.0 63.00001525936048 
98.0 64.00024414818323 
98.0 64.00024414818323 
98.0 65.00047303700599 
98.0 64.00024414818323 
98.0 63.00001525936048 
98.0 62.000686666567276 
98.99996948149052 60.00022888892178 
98.99996948149052 61.00045777774453 
98.99996948149052 61.00045777774453 
98.99996948149052 65.00047303700599 
98.99996948149052 66.00070192582874 
98.0 68.00025940744469 
98.99996948149052 68.00025940744469 
98.0 67.00003051862194 
98.0 68.00025940744469 
98.0 68.00025940744469 
98.99996948149052 68.00025940744469 
98.99996948149052 67.00003051862194 
98.99996948149052 66.00070192582874 
98.99996948149052 66.00070192582874 
98.99996948149052 66.00070192582874 
98.99996948149052 67.00003051862194 
98.99996948149052 68.00025940744469 
98.0 68.00025940744469 
98.0 67.00003051862194 
98.99996948149052 70.00071718509018 
98.99996948149052 68.00025940744469 
98.99996948149052 69.00048829626743 
100.0 72.00027466670613 
100.0 73.00050355552888 
100.0 73.00050355552888 
100.0 73.00050355552888 
98.99996948149052 72.00027466670613 
98.99996948149052 70.00071718509018 
98.99996948149052 68.00025940744469 
98.99996948149052 67.00003051862194 
98.99996948149052 67.00003051862194 
98.99996948149052 66.00070192582874 
98.99996948149052 66.00070192582874 
98.99996948149052 66.00070192582874 
98.99996948149052 66.00070192582874 
98.99996948149052 67.00003051862194 
98.99996948149052 68.00025940744469 
98.99996948149052 69.00048829626743 
98.99996948149052 70.00071718509018 
98.99996948149052 70.00071718509018 
98.99996948149052 70.00071718509018 
98.99996948149052 70.00071718509018 
98.99996948149052 71.00004577788339 
98.99996948149052 73.00050355552888 
98.99996948149052 73.00050355552888 
98.99996948149052 73.00050355552888 
98.99996948149052 73.00050355552888 
98.99996948149052 73.00050355552888 
98.99996948149052 74.00073244435164 
98.99996948149052 73.00050355552888 
98.99996948149052 73.00050355552888 
98.99996948149052 73.00050355552888 
98.99996948149052 74.00073244435164 
98.99996948149052 74.00073244435164 
98.99996948149052 74.00073244435164 
98.99996948149052 74.00073244435164 
98.99996948149052 74.00073244435164 
98.99996948149052 75.00006103714485 
98.99996948149052 75.00006103714485 
98.99996948149052 74.00073244435164 
98.99996948149052 75.00006103714485 
98.99996948149052 75.00006103714485 
98.99996948149052 75.00006103714485 
98.99996948149052 76.00028992596759 
98.99996948149052 73.00050355552888 
98.99996948149052 71.00004577788339 
98.99996948149052 71.00004577788339 
98.99996948149052 73.00050355552888 
98.99996948149052 75.00006103714485 
98.99996948149052 75.00006103714485 
98.99996948149052 76.00028992596759 
98.99996948149052 74.00073244435164 
98.99996948149052 71.00004577788339 
98.99996948149052 68.00025940744469 
98.99996948149052 67.00003051862194 
98.99996948149052 65.00047303700599 
98.99996948149052 66.00070192582874 
98.99996948149052 67.00003051862194 
98.99996948149052 67.00003051862194 
98.99996948149052 65.00047303700599 
98.99996948149052 63.00001525936048 
98.99996948149052 61.00045777774453 
98.99996948149052 61.00045777774453 
98.99996948149052 59.00090029612858 
98.99996948149052 58.00067140730582 
98.99996948149052 58.00067140730582 
98.99996948149052 58.00067140730582 
98.99996948149052 61.00045777774453 
98.99996948149052 61.00045777774453 
98.99996948149052 61.00045777774453 
98.99996948149052 61.00045777774453 
98.99996948149052 61.00045777774453 
98.99996948149052 63.00001525936048 
98.99996948149052 62.000686666567276 
98.99996948149052 62.000686666567276 
98.99996948149052 64.00024414818323 
98.0 65.00047303700599 
98.0 64.00024414818323 
98.0 62.000686666567276 
98.0 62.000686666567276 
98.0 62.000686666567276 
98.0 61.00045777774453 
98.0 62.000686666567276 
98.0 62.000686666567276 
98.99996948149052 63.00001525936048 
98.99996948149052 63.00001525936048 
98.99996948149052 66.00070192582874 
98.99996948149052 66.00070192582874 
98.99996948149052 66.00070192582874 
98.99996948149052 66.00070192582874 
98.99996948149052 66.00070192582874 
98.99996948149052 66.00070192582874 
98.99996948149052 66.00070192582874 
98.99996948149052 66.00070192582874 
98.99996948149052 66.00070192582874 
98.99996948149052 67.00003051862194 
98.99996948149052 67.00003051862194 
98.99996948149052 66.00070192582874 
98.99996948149052 66.00070192582874 
98.99996948149052 66.00070192582874 
98.99996948149052 66.00070192582874 
98.99996948149052 66.00070192582874 
98.99996948149052 64.00024414818323 
98.99996948149052 64.00024414818323 
98.99996948149052 64.00024414818323 
98.99996948149052 64.00024414818323 
98.99996948149052 64.00024414818323 
98.99996948149052 64.00024414818323 
98.99996948149052 64.00024414818323 
98.0 64.00024414818323 
98.99996948149052 64.00024414818323 
98.0 63.00001525936048 
98.0 63.00001525936048 
98.99996948149052 71.00004577788339 
98.99996948149052 71.00004577788339 
98.99996948149052 77.99984740758354 
98.99996948149052 79.9994048891995 
98.0 80.99963377802224 
98.0 76.00028992596759 
98.99996948149052 74.00073244435164 
98.99996948149052 73.00050355552888 
98.99996948149052 72.00027466670613 
98.99996948149052 70.00071718509018 
98.0 72.00027466670613 
98.0 72.00027466670613 
98.99996948149052 74.00073244435164 
98.99996948149052 74.00073244435164 
98.99996948149052 75.00006103714485 
98.99996948149052 73.00050355552888 
98.99996948149052 70.00071718509018 
98.99996948149052 67.00003051862194 
98.99996948149052 66.00070192582874 
98.0 66.00070192582874 
98.0 66.00070192582874 
98.99996948149052 74.00073244435164 
98.99996948149052 74.00073244435164 
98.99996948149052 75.00006103714485 
98.99996948149052 75.00006103714485 
98.99996948149052 73.00050355552888 
98.0 69.00048829626743 
98.0 68.00025940744469 
98.0 68.00025940744469 
98.0 71.00004577788339 
98.0 71.00004577788339 
98.0 74.00073244435164 
98.0 75.00006103714485 
98.0 75.00006103714485 
98.0 76.00028992596759 
98.99996948149052 76.00028992596759 
98.99996948149052 76.00028992596759 
98.99996948149052 77.00051881479034 
98.99996948149052 77.00051881479034 
98.99996948149052 77.00051881479034 
98.99996948149052 75.00006103714485 
98.99996948149052 74.00073244435164 
98.99996948149052 74.00073244435164 
98.99996948149052 76.00028992596759 
98.99996948149052 77.00051881479034 
98.0 78.99917600037675 
98.0 77.99984740758354 
98.0 76.00028992596759 
98.99996948149052 74.00073244435164 
98.0 70.00071718509018 
98.0 69.00048829626743 
98.99996948149052 68.00025940744469 
98.99996948149052 69.00048829626743 
98.99996948149052 69.00048829626743 
98.99996948149052 69.00048829626743 
98.99996948149052 70.00071718509018 
98.99996948149052 70.00071718509018 
98.99996948149052 69.00048829626743 
98.99996948149052 69.00048829626743 
98.99996948149052 69.00048829626743 
98.99996948149052 69.00048829626743 
98.0 70.00071718509018 
98.0 73.00050355552888 
98.0 73.00050355552888 
98.99996948149052 75.00006103714485 
98.0 75.00006103714485 
98.0 74.00073244435164 
98.0 74.00073244435164 
98.0 76.00028992596759 
98.0 78.99917600037675 
98.0 78.99917600037675 
98.0 82.9991912596382 
98.0 82.9991912596382 
98.0 85.99987792610645 
98.99996948149052 85.99987792610645 
98.99996948149052 86.99920651889965 
98.99996948149052 86.99920651889965 
98.99996948149052 86.99920651889965 
100.0 86.99920651889965 
100.0 86.99920651889965 
100.0 86.99920651889965 
98.99996948149052 83.99942014846096 
98.99996948149052 81.99986266684499 
100.0 80.99963377802224 
100.0 80.99963377802224 
100.0 79.9994048891995 
98.99996948149052 79.9994048891995 
100.0 81.99986266684499 
100.0 83.99942014846096 
98.99996948149052 85.99987792610645 
98.99996948149052 85.99987792610645 
98.99996948149052 84.9996490372837 
98.99996948149052 82.9991912596382 
98.99996948149052 79.9994048891995 
98.99996948149052 79.9994048891995 
98.99996948149052 78.99917600037675 
98.99996948149052 78.99917600037675 
98.99996948149052 77.99984740758354 
98.99996948149052 77.99984740758354 
98.99996948149052 77.99984740758354 
98.99996948149052 77.00051881479034 
98.99996948149052 76.00028992596759 
98.99996948149052 76.00028992596759 
98.99996948149052 76.00028992596759 
98.99996948149052 75.00006103714485 
98.99996948149052 75.00006103714485 
98.99996948149052 75.00006103714485 
98.99996948149052 75.00006103714485 
98.0 74.00073244435164 
98.0 73.00050355552888 
98.0 75.00006103714485 
98.0 72.00027466670613 
98.0 72.00027466670613 
98.0 72.00027466670613 
98.0 72.00027466670613 
98.0 72.00027466670613 
98.0 73.00050355552888 
98.0 73.00050355552888 
98.99996948149052 73.00050355552888 
98.99996948149052 71.00004577788339 
98.99996948149052 68.00025940744469 
98.99996948149052 65.00047303700599 
98.99996948149052 62.000686666567276 
98.99996948149052 62.000686666567276 
98.99996948149052 61.00045777774453 
98.99996948149052 60.00022888892178 
98.99996948149052 59.00090029612858 
98.99996948149052 58.00067140730582 
98.99996948149052 57.00044251848308 
98.99996948149052 56.00021362966033 
98.99996948149052 56.00021362966033 
98.99996948149052 55.000885036867125 
98.0 55.000885036867125 
98.0 54.00065614804438 
98.0 54.00065614804438 
98.0 54.00065614804438 
98.0 54.00065614804438 
98.0 54.00065614804438 
98.0 54.00065614804438 
98.0 55.000885036867125 
98.0 55.000885036867125 
98.0 55.000885036867125 
98.0 55.000885036867125 
98.0 55.000885036867125 
98.0 55.000885036867125 
97.00003051850948 55.000885036867125 
97.00003051850948 55.000885036867125 
97.00003051850948 55.000885036867125 
97.00003051850948 55.000885036867125 
97.00003051850948 55.000885036867125 
97.00003051850948 55.000885036867125 
97.00003051850948 55.000885036867125 
97.00003051850948 55.000885036867125 
97.00003051850948 55.000885036867125 
97.00003051850948 56.00021362966033 
97.00003051850948 57.00044251848308 
97.00003051850948 58.00067140730582 
97.00003051850948 60.00022888892178 
97.00003051850948 60.00022888892178 
97.00003051850948 61.00045777774453 
97.00003051850948 62.000686666567276 
97.00003051850948 62.000686666567276 
97.00003051850948 60.00022888892178 
97.00003051850948 58.00067140730582 
97.00003051850948 57.00044251848308 
97.00003051850948 57.00044251848308 
97.00003051850948 56.00021362966033 
97.00003051850948 56.00021362966033 
98.0 56.00021362966033 
98.0 56.00021362966033 
98.0 56.00021362966033 
98.0 56.00021362966033 
98.0 55.000885036867125 
98.0 55.000885036867125 
98.0 54.00065614804438 
98.0 54.00065614804438 
98.0 54.00065614804438 
98.0 54.00065614804438 
98.0 54.00065614804438 
98.0 55.000885036867125 
98.0 54.00065614804438 
98.0 54.00065614804438 
97.00003051850948 54.00065614804438 
97.00003051850948 55.000885036867125 
97.00003051850948 54.00065614804438 
97.00003051850948 54.00065614804438 
97.00003051850948 53.000427259221624 
98.0 53.000427259221624 
98.0 53.000427259221624 
98.0 53.000427259221624 
98.0 53.000427259221624 
98.0 53.000427259221624 
98.0 53.000427259221624 
98.0 53.000427259221624 
98.0 52.00019837039888 
98.0 52.00019837039888 
98.0 52.00019837039888 
98.0 52.00019837039888 
98.0 52.00019837039888 
97.00003051850948 52.00019837039888 
97.00003051850948 53.000427259221624 
97.00003051850948 53.000427259221624 
97.00003051850948 53.000427259221624 
97.00003051850948 53.000427259221624 
97.00003051850948 53.000427259221624 
97.00003051850948 53.000427259221624 
97.00003051850948 53.000427259221624 
97.00003051850948 53.000427259221624 
97.00003051850948 53.000427259221624 
97.00003051850948 54.00065614804438 
97.00003051850948 53.000427259221624 
97.00003051850948 53.000427259221624 
97.00003051850948 52.00019837039888 
97.00003051850948 52.00019837039888 
97.00003051850948 52.00019837039888 
97.00003051850948 52.00019837039888 
97.00003051850948 52.00019837039888 
97.00003051850948 53.000427259221624 
97.00003051850948 54.00065614804438 
97.00003051850948 54.00065614804438 
97.00003051850948 55.000885036867125 
97.00003051850948 56.00021362966033 
97.00003051850948 58.00067140730582 
97.00003051850948 58.00067140730582 
97.00003051850948 60.00022888892178 
97.00003051850948 58.00067140730582 
97.00003051850948 59.00090029612858 
97.00003051850948 57.00044251848308 
97.00003051850948 57.00044251848308 
97.00003051850948 57.00044251848308 
97.00003051850948 58.00067140730582 
97.00003051850948 60.00022888892178 
97.00003051850948 66.00070192582874 
97.00003051850948 69.00048829626743 
97.00003051850948 70.00071718509018 
98.0 71.00004577788339 
98.0 71.00004577788339 
98.0 70.00071718509018 
98.0 67.00003051862194 
98.0 67.00003051862194 
98.0 66.00070192582874 
98.0 64.00024414818323 
98.0 61.00045777774453 
98.0 58.00067140730582 
98.0 56.00021362966033 
98.0 55.000885036867125 
98.0 55.000885036867125 
98.0 54.00065614804438 
98.0 54.00065614804438 
98.0 53.000427259221624 
98.0 53.000427259221624 
98.0 53.000427259221624 
98.0 53.000427259221624 
98.0 53.000427259221624 
98.0 53.000427259221624 
98.0 54.00065614804438 
98.0 54.00065614804438 
97.00003051850948 53.000427259221624 
97.00003051850948 53.000427259221624 
97.00003051850948 54.00065614804438 
97.00003051850948 54.00065614804438 
97.00003051850948 53.000427259221624 
97.00003051850948 53.000427259221624 
97.00003051850948 53.000427259221624 
97.00003051850948 54.00065614804438 
97.00003051850948 54.00065614804438 
97.00003051850948 54.00065614804438 
97.00003051850948 54.00065614804438 
97.00003051850948 55.000885036867125 
97.00003051850948 55.000885036867125 
97.00003051850948 55.000885036867125 
97.00003051850948 56.00021362966033 
97.00003051850948 56.00021362966033 
97.00003051850948 55.000885036867125 
97.00003051850948 55.000885036867125 
97.00003051850948 55.000885036867125 
97.00003051850948 55.000885036867125 
97.00003051850948 55.000885036867125 
97.00003051850948 55.000885036867125 
97.00003051850948 55.000885036867125 
97.00003051850948 55.000885036867125 
97.00003051850948 55.000885036867125 
97.00003051850948 54.00065614804438 
97.00003051850948 56.00021362966033 
97.00003051850948 56.00021362966033 
97.00003051850948 55.000885036867125 
97.00003051850948 56.00021362966033 
97.00003051850948 56.00021362966033 
97.00003051850948 56.00021362966033 
97.00003051850948 56.00021362966033 
97.00003051850948 56.00021362966033 
97.00003051850948 57.00044251848308 
97.00003051850948 56.00021362966033 
97.00003051850948 56.00021362966033 
97.00003051850948 56.00021362966033 
97.00003051850948 57.00044251848308 
97.00003051850948 57.00044251848308 
97.00003051850948 57.00044251848308 
97.00003051850948 57.00044251848308 
97.00003051850948 57.00044251848308 
97.00003051850948 57.00044251848308 
97.00003051850948 57.00044251848308 
97.00003051850948 58.00067140730582 
97.00003051850948 58.00067140730582 
97.00003051850948 57.00044251848308 
97.00003051850948 56.00021362966033 
97.00003051850948 58.00067140730582 
97.00003051850948 56.00021362966033 
97.00003051850948 55.000885036867125 
97.00003051850948 55.000885036867125 
97.00003051850948 55.000885036867125 
97.00003051850948 55.000885036867125 
97.00003051850948 55.000885036867125 
97.00003051850948 54.00065614804438 
97.00003051850948 54.00065614804438 
97.00003051850948 56.00021362966033 
97.00003051850948 55.000885036867125 
97.00003051850948 54.00065614804438 
97.00003051850948 54.00065614804438 
97.00003051850948 54.00065614804438 
97.00003051850948 55.000885036867125 
97.00003051850948 55.000885036867125 
97.00003051850948 54.00065614804438 
97.00003051850948 53.000427259221624 
97.00003051850948 55.000885036867125 
97.00003051850948 54.00065614804438 
97.00003051850948 53.000427259221624 
97.00003051850948 53.000427259221624 
97.00003051850948 53.000427259221624 
97.00003051850948 54.00065614804438 
97.00003051850948 54.00065614804438 
97.00003051850948 54.00065614804438 
97.00003051850948 53.000427259221624 
97.00003051850948 55.000885036867125 
97.00003051850948 54.00065614804438 
97.00003051850948 54.00065614804438 
97.00003051850948 53.000427259221624 
97.00003051850948 53.000427259221624 
97.00003051850948 54.00065614804438 
97.00003051850948 54.00065614804438 
97.00003051850948 53.000427259221624 
97.00003051850948 53.000427259221624 
97.00003051850948 54.00065614804438 
97.00003051850948 53.000427259221624 
97.00003051850948 53.000427259221624 
97.00003051850948 53.000427259221624 
97.00003051850948 53.000427259221624 
97.00003051850948 54.00065614804438 
97.00003051850948 54.00065614804438 
97.00003051850948 53.000427259221624 
97.00003051850948 53.000427259221624 
97.00003051850948 53.000427259221624 
97.00003051850948 53.000427259221624 
97.00003051850948 52.00019837039888 
97.00003051850948 52.00019837039888 
97.00003051850948 52.00019837039888 
97.00003051850948 52.00019837039888 
97.00003051850948 53.000427259221624 
97.00003051850948 52.00019837039888 
97.00003051850948 52.00019837039888 
97.00003051850948 52.00019837039888 
97.00003051850948 52.00019837039888 
97.00003051850948 53.000427259221624 
97.00003051850948 53.000427259221624 
97.00003051850948 53.000427259221624 
97.00003051850948 52.00019837039888 
97.00003051850948 53.000427259221624 
97.00003051850948 53.000427259221624 
97.00003051850948 53.000427259221624 
97.00003051850948 52.00019837039888 
97.00003051850948 52.00019837039888 
97.00003051850948 53.000427259221624 
97.00003051850948 53.000427259221624 
97.00003051850948 53.000427259221624 
97.00003051850948 53.000427259221624 
97.00003051850948 54.00065614804438 
97.00003051850948 54.00065614804438 
97.00003051850948 53.000427259221624 
97.00003051850948 53.000427259221624 
97.00003051850948 53.000427259221624 
97.00003051850948 54.00065614804438 
97.00003051850948 53.000427259221624 
97.00003051850948 53.000427259221624 
97.00003051850948 53.000427259221624 
97.00003051850948 54.00065614804438 
97.00003051850948 54.00065614804438 
97.00003051850948 54.00065614804438 
97.00003051850948 53.000427259221624 
97.00003051850948 53.000427259221624 
97.00003051850948 54.00065614804438 
97.00003051850948 54.00065614804438 
97.00003051850948 54.00065614804438 
97.00003051850948 54.00065614804438 
97.00003051850948 55.000885036867125 
97.00003051850948 54.00065614804438 
97.00003051850948 54.00065614804438 
97.00003051850948 53.000427259221624 
97.00003051850948 54.00065614804438 
97.00003051850948 54.00065614804438 
97.00003051850948 54.00065614804438 
97.00003051850948 54.00065614804438 
97.00003051850948 54.00065614804438 
97.00003051850948 54.00065614804438 
97.00003051850948 54.00065614804438 
97.00003051850948 54.00065614804438 
97.00003051850948 55.000885036867125 
97.00003051850948 54.00065614804438 
97.00003051850948 54.00065614804438 
97.00003051850948 53.000427259221624 
97.00003051850948 53.000427259221624 
97.00003051850948 54.00065614804438 
97.00003051850948 53.000427259221624 
97.00003051850948 53.000427259221624 
97.00003051850948 72.00027466670613 
98.0 73.00050355552888 
98.0 74.00073244435164 
98.0 74.00073244435164 
98.0 73.00050355552888 
98.0 73.00050355552888 
98.0 73.00050355552888 
98.0 73.00050355552888 
98.0 74.00073244435164 
98.0 77.00051881479034 
98.0 77.00051881479034 
98.99996948149052 78.99917600037675 
98.99996948149052 78.99917600037675 
98.99996948149052 80.99963377802224 
98.0 80.99963377802224 
98.0 81.99986266684499 
98.0 84.9996490372837 
98.0 85.99987792610645 
98.0 86.99920651889965 
98.0 86.99920651889965 
98.0 86.99920651889965 
98.0 86.99920651889965 
98.0 86.99920651889965 
98.0 85.99987792610645 
98.0 84.9996490372837 
98.0 81.99986266684499 
98.0 77.00051881479034 
98.0 71.00004577788339 
98.0 71.00004577788339 
98.0 71.00004577788339 
98.99996948149052 71.00004577788339 
98.99996948149052 70.00071718509018 
98.99996948149052 68.00025940744469 
98.99996948149052 67.00003051862194 
98.99996948149052 66.00070192582874 
98.99996948149052 64.00024414818323 
98.0 63.00001525936048 
98.99996948149052 62.000686666567276 
98.0 61.00045777774453 
98.0 60.00022888892178 
98.0 58.00067140730582 
98.0 57.00044251848308 
98.0 55.000885036867125 
98.0 55.000885036867125 
98.0 55.000885036867125 
98.0 55.000885036867125 
98.0 54.00065614804438 
98.0 54.00065614804438 
98.0 56.00021362966033 
98.0 55.000885036867125 
98.0 54.00065614804438 
98.0 54.00065614804438 
98.0 54.00065614804438 
98.0 54.00065614804438 
98.0 53.000427259221624 
98.0 53.000427259221624 
98.0 53.000427259221624 
98.0 54.00065614804438 
97.00003051850948 54.00065614804438 
97.00003051850948 54.00065614804438 
97.00003051850948 56.00021362966033 
97.00003051850948 57.00044251848308 
97.00003051850948 58.00067140730582 
97.00003051850948 59.00090029612858 
97.00003051850948 60.00022888892178 
97.00003051850948 60.00022888892178 
96.0 60.00022888892178 
96.0 58.00067140730582 
96.0 58.00067140730582 
96.0 57.00044251848308 
96.0 55.000885036867125 
96.0 54.00065614804438 
96.0 53.000427259221624 
96.0 53.000427259221624 
96.0 53.000427259221624 
97.00003051850948 52.00019837039888 
97.00003051850948 52.00019837039888 
97.00003051850948 52.00019837039888 
97.00003051850948 52.00019837039888 
97.00003051850948 52.00019837039888 
97.00003051850948 52.00019837039888 
97.00003051850948 52.00019837039888 
97.00003051850948 53.000427259221624 
97.00003051850948 54.00065614804438 
97.00003051850948 54.00065614804438 
97.00003051850948 54.00065614804438 
97.00003051850948 55.000885036867125 
97.00003051850948 54.00065614804438 
97.00003051850948 54.00065614804438 
97.00003051850948 53.000427259221624 
97.00003051850948 53.000427259221624 
97.00003051850948 54.00065614804438 
97.00003051850948 53.000427259221624 
97.00003051850948 53.000427259221624 
97.00003051850948 53.000427259221624 
97.00003051850948 53.000427259221624 
97.00003051850948 53.000427259221624 
97.00003051850948 53.000427259221624 
97.00003051850948 53.000427259221624 
97.00003051850948 53.000427259221624 
97.00003051850948 53.000427259221624 
97.00003051850948 53.000427259221624 
97.00003051850948 53.000427259221624 
97.00003051850948 54.00065614804438 
97.00003051850948 54.00065614804438 
97.00003051850948 54.00065614804438 
97.00003051850948 54.00065614804438 
97.00003051850948 56.00021362966033 
97.00003051850948 56.00021362966033 
97.00003051850948 55.000885036867125 
97.00003051850948 55.000885036867125 
97.00003051850948 55.000885036867125 
97.00003051850948 55.000885036867125 
97.00003051850948 55.000885036867125 
97.00003051850948 55.000885036867125 
97.00003051850948 56.00021362966033 
97.00003051850948 56.00021362966033 
97.00003051850948 55.000885036867125 
97.00003051850948 56.00021362966033 
97.00003051850948 55.000885036867125 
97.00003051850948 55.000885036867125 
97.00003051850948 54.00065614804438 
97.00003051850948 54.00065614804438 
97.00003051850948 55.000885036867125 
97.00003051850948 54.00065614804438 
97.00003051850948 54.00065614804438 
97.00003051850948 54.00065614804438 
96.0 54.00065614804438 
96.0 53.000427259221624 
96.0 53.000427259221624 
96.0 53.000427259221624 
96.0 52.00019837039888 
96.0 52.00019837039888 
97.00003051850948 52.00019837039888 
97.00003051850948 52.00019837039888 
97.00003051850948 52.00019837039888 
97.00003051850948 52.00019837039888 
97.00003051850948 51.00086977760567 
97.00003051850948 51.00086977760567 
97.00003051850948 52.00019837039888 
97.00003051850948 52.00019837039888 
97.00003051850948 51.00086977760567 
97.00003051850948 51.00086977760567 
97.00003051850948 51.00086977760567 
97.00003051850948 51.00086977760567 
97.00003051850948 51.00086977760567 
97.00003051850948 51.00086977760567 
97.00003051850948 51.00086977760567 
97.00003051850948 52.00019837039888 
97.00003051850948 52.00019837039888 
97.00003051850948 52.00019837039888 
97.00003051850948 52.00019837039888 
97.00003051850948 52.00019837039888 
97.00003051850948 52.00019837039888 
97.00003051850948 52.00019837039888 
97.00003051850948 52.00019837039888 
97.00003051850948 52.00019837039888 
97.00003051850948 53.000427259221624 
97.00003051850948 53.000427259221624 
97.00003051850948 53.000427259221624 
97.00003051850948 53.000427259221624 
97.00003051850948 53.000427259221624 
97.00003051850948 53.000427259221624 
97.00003051850948 53.000427259221624 
97.00003051850948 53.000427259221624 
97.00003051850948 53.000427259221624 
97.00003051850948 53.000427259221624 
97.00003051850948 53.000427259221624 
97.00003051850948 53.000427259221624 
97.00003051850948 53.000427259221624 
97.00003051850948 53.000427259221624 
97.00003051850948 53.000427259221624 
97.00003051850948 54.00065614804438 
97.00003051850948 54.00065614804438 
97.00003051850948 54.00065614804438 
97.00003051850948 55.000885036867125 
97.00003051850948 55.000885036867125 
97.00003051850948 54.00065614804438 
97.00003051850948 54.00065614804438 
97.00003051850948 54.00065614804438 
97.00003051850948 53.000427259221624 
97.00003051850948 53.000427259221624 
97.00003051850948 53.000427259221624 
97.00003051850948 53.000427259221624 
97.00003051850948 53.000427259221624 
97.00003051850948 53.000427259221624 
97.00003051850948 53.000427259221624 
97.00003051850948 52.00019837039888 
97.00003051850948 52.00019837039888 
97.00003051850948 52.00019837039888 
97.00003051850948 52.00019837039888 
97.00003051850948 52.00019837039888 
97.00003051850948 52.00019837039888 
97.00003051850948 52.00019837039888 
97.00003051850948 52.00019837039888 
97.00003051850948 52.00019837039888 
97.00003051850948 52.00019837039888 
97.00003051850948 52.00019837039888 
97.00003051850948 52.00019837039888 
97.00003051850948 52.00019837039888 
97.00003051850948 52.00019837039888 
97.00003051850948 52.00019837039888 
97.00003051850948 53.000427259221624 
97.00003051850948 53.000427259221624 
97.00003051850948 53.000427259221624 
97.00003051850948 53.000427259221624 
97.00003051850948 53.000427259221624 
97.00003051850948 53.000427259221624 
97.00003051850948 53.000427259221624 
97.00003051850948 53.000427259221624 
97.00003051850948 53.000427259221624 
97.00003051850948 53.000427259221624 
97.00003051850948 54.00065614804438 
97.00003051850948 54.00065614804438 
97.00003051850948 54.00065614804438 
97.00003051850948 55.000885036867125 
97.00003051850948 56.00021362966033 
97.00003051850948 55.000885036867125 
97.00003051850948 55.000885036867125 
97.00003051850948 57.00044251848308 
97.00003051850948 57.00044251848308 
97.00003051850948 58.00067140730582 
97.00003051850948 60.00022888892178 
97.00003051850948 60.00022888892178 
97.00003051850948 61.00045777774453 
97.00003051850948 60.00022888892178 
97.00003051850948 59.00090029612858 
97.00003051850948 57.00044251848308 
97.00003051850948 57.00044251848308 
97.00003051850948 56.00021362966033 
97.00003051850948 56.00021362966033 
97.00003051850948 55.000885036867125 
97.00003051850948 55.000885036867125 
97.00003051850948 55.000885036867125 
97.00003051850948 55.000885036867125 
97.00003051850948 54.00065614804438 
97.00003051850948 53.000427259221624 
97.00003051850948 52.00019837039888 
97.00003051850948 52.00019837039888 
97.00003051850948 52.00019837039888 
97.00003051850948 52.00019837039888 
97.00003051850948 52.00019837039888 
97.00003051850948 53.000427259221624 
97.00003051850948 53.000427259221624 
97.00003051850948 52.00019837039888 
97.00003051850948 52.00019837039888 
97.00003051850948 52.00019837039888 
97.00003051850948 53.000427259221624 
97.00003051850948 53.000427259221624 
97.00003051850948 52.00019837039888 
97.00003051850948 52.00019837039888 
97.00003051850948 52.00019837039888 
97.00003051850948 52.00019837039888 
97.00003051850948 51.00086977760567 
97.00003051850948 51.00086977760567 
97.00003051850948 51.00086977760567 
97.00003051850948 52.00019837039888 
97.00003051850948 51.00086977760567 
97.00003051850948 51.00086977760567 
97.00003051850948 51.00086977760567 
97.00003051850948 52.00019837039888 
97.00003051850948 52.00019837039888 
97.00003051850948 52.00019837039888 
96.0 51.00086977760567 
96.0 52.00019837039888 
96.0 51.00086977760567 
96.0 51.00086977760567 
96.0 51.00086977760567 
97.00003051850948 51.00086977760567 
97.00003051850948 51.00086977760567 
97.00003051850948 51.00086977760567 
97.00003051850948 51.00086977760567 
97.00003051850948 53.000427259221624 
97.00003051850948 53.000427259221624 
97.00003051850948 53.000427259221624 
97.00003051850948 53.000427259221624 
97.00003051850948 53.000427259221624 
97.00003051850948 55.000885036867125 
97.00003051850948 55.000885036867125 
97.00003051850948 56.00021362966033 
97.00003051850948 57.00044251848308 
97.00003051850948 56.00021362966033 
97.00003051850948 56.00021362966033 
96.0 57.00044251848308 
96.0 56.00021362966033 
96.0 56.00021362966033 
96.0 56.00021362966033 
96.0 55.000885036867125 
96.0 55.000885036867125 
96.0 55.000885036867125 
97.00003051850948 55.000885036867125 
97.00003051850948 55.000885036867125 
97.00003051850948 55.000885036867125 
97.00003051850948 56.00021362966033 
97.00003051850948 55.000885036867125 
97.00003051850948 55.000885036867125 
97.00003051850948 55.000885036867125 
97.00003051850948 56.00021362966033 
97.00003051850948 55.000885036867125 
97.00003051850948 55.000885036867125 
97.00003051850948 55.000885036867125 
97.00003051850948 55.000885036867125 
97.00003051850948 55.000885036867125 
97.00003051850948 55.000885036867125 
97.00003051850948 56.00021362966033 
97.00003051850948 55.000885036867125 
97.00003051850948 55.000885036867125 
97.00003051850948 56.00021362966033 
97.00003051850948 60.00022888892178 
97.00003051850948 60.00022888892178 
97.00003051850948 62.000686666567276 
97.00003051850948 65.00047303700599 
97.00003051850948 65.00047303700599 
97.00003051850948 67.00003051862194 
97.00003051850948 65.00047303700599 
97.00003051850948 61.00045777774453 
97.00003051850948 57.00044251848308 
97.00003051850948 55.000885036867125 
97.00003051850948 55.000885036867125 
97.00003051850948 54.00065614804438 
97.00003051850948 54.00065614804438 
97.00003051850948 54.00065614804438 
97.00003051850948 54.00065614804438 
97.00003051850948 54.00065614804438 
97.00003051850948 53.000427259221624 
97.00003051850948 53.000427259221624 
97.00003051850948 54.00065614804438 
97.00003051850948 54.00065614804438 
97.00003051850948 54.00065614804438 
97.00003051850948 54.00065614804438 
97.00003051850948 54.00065614804438 
97.00003051850948 54.00065614804438 
97.00003051850948 54.00065614804438 
97.00003051850948 54.00065614804438 
97.00003051850948 56.00021362966033 
97.00003051850948 55.000885036867125 
97.00003051850948 56.00021362966033 
97.00003051850948 57.00044251848308 
97.00003051850948 56.00021362966033 
97.00003051850948 55.000885036867125 
97.00003051850948 55.000885036867125 
97.00003051850948 54.00065614804438 
97.00003051850948 53.000427259221624 
97.00003051850948 53.000427259221624 
97.00003051850948 53.000427259221624 
97.00003051850948 53.000427259221624 
97.00003051850948 53.000427259221624 
97.00003051850948 53.000427259221624 
97.00003051850948 54.00065614804438 
97.00003051850948 54.00065614804438 
97.00003051850948 53.000427259221624 
97.00003051850948 53.000427259221624 
97.00003051850948 53.000427259221624 
97.00003051850948 53.000427259221624 
97.00003051850948 53.000427259221624 
97.00003051850948 53.000427259221624 
97.00003051850948 54.00065614804438 
97.00003051850948 53.000427259221624 
97.00003051850948 52.00019837039888 
97.00003051850948 52.00019837039888 
98.0 89.9998931853679 
98.0 89.9998931853679 
98.0 89.9998931853679 
98.0 88.99966429654515 
98.0 88.99966429654515 
98.0 88.99966429654515 
98.0 88.99966429654515 
98.0 84.9996490372837 
98.0 83.99942014846096 
98.99996948149052 80.99963377802224 
98.99996948149052 80.99963377802224 
98.99996948149052 79.9994048891995 
98.99996948149052 79.9994048891995 
98.0 78.99917600037675 
98.0 78.99917600037675 
98.0 77.99984740758354 
98.0 76.00028992596759 
98.0 73.00050355552888 
98.0 69.00048829626743 
98.0 65.00047303700599 
98.0 63.00001525936048 
98.0 64.00024414818323 
98.0 64.00024414818323 
98.0 66.00070192582874 
98.0 66.00070192582874 
98.0 67.00003051862194 
98.0 65.00047303700599 
98.0 62.000686666567276 
98.0 59.00090029612858 
98.0 58.00067140730582 
98.0 56.00021362966033 
98.0 56.00021362966033 
97.00003051850948 54.00065614804438 
97.00003051850948 55.000885036867125 
97.00003051850948 54.00065614804438 
97.00003051850948 53.000427259221624 
97.00003051850948 53.000427259221624 
97.00003051850948 53.000427259221624 
97.00003051850948 54.00065614804438 
97.00003051850948 53.000427259221624 
97.00003051850948 53.000427259221624 
97.00003051850948 53.000427259221624 
97.00003051850948 54.00065614804438 
97.00003051850948 54.00065614804438 
97.00003051850948 54.00065614804438 
97.00003051850948 53.000427259221624 
97.00003051850948 53.000427259221624 
96.0 54.00065614804438 
96.0 53.000427259221624 
96.0 53.000427259221624 
96.0 53.000427259221624 
96.0 53.000427259221624 
96.0 53.000427259221624 
96.0 53.000427259221624 
96.0 53.000427259221624 
96.0 53.000427259221624 
96.0 53.000427259221624 
96.0 53.000427259221624 
96.0 53.000427259221624 
96.0 53.000427259221624 
96.0 53.000427259221624 
96.0 53.000427259221624 
96.0 54.00065614804438 
96.0 54.00065614804438 
96.0 55.000885036867125 
96.0 56.00021362966033 
96.0 56.00021362966033 
96.0 56.00021362966033 
96.0 57.00044251848308 
96.0 57.00044251848308 
96.0 56.00021362966033 
96.0 56.00021362966033 
96.0 54.00065614804438 
96.0 54.00065614804438 
96.0 53.000427259221624 
96.0 52.00019837039888 
96.0 52.00019837039888 
97.00003051850948 52.00019837039888 
97.00003051850948 52.00019837039888 
97.00003051850948 52.00019837039888 
97.00003051850948 52.00019837039888 
97.00003051850948 52.00019837039888 
97.00003051850948 52.00019837039888 
97.00003051850948 52.00019837039888 
97.00003051850948 52.00019837039888 
97.00003051850948 52.00019837039888 
97.00003051850948 52.00019837039888 
97.00003051850948 52.00019837039888 
97.00003051850948 52.00019837039888 
97.00003051850948 52.00019837039888 
97.00003051850948 51.00086977760567 
97.00003051850948 51.00086977760567 
97.00003051850948 52.00019837039888 
97.00003051850948 52.00019837039888 
97.00003051850948 52.00019837039888 
97.00003051850948 52.00019837039888 
97.00003051850948 53.000427259221624 
97.00003051850948 53.000427259221624 
97.00003051850948 53.000427259221624 
97.00003051850948 54.00065614804438 
97.00003051850948 54.00065614804438 
97.00003051850948 54.00065614804438 
97.00003051850948 54.00065614804438 
97.00003051850948 54.00065614804438 
97.00003051850948 54.00065614804438 
97.00003051850948 54.00065614804438 
97.00003051850948 54.00065614804438 
97.00003051850948 53.000427259221624 
97.00003051850948 54.00065614804438 
97.00003051850948 54.00065614804438 
97.00003051850948 53.000427259221624 
97.00003051850948 53.000427259221624 
97.00003051850948 53.000427259221624 
97.00003051850948 54.00065614804438 
97.00003051850948 54.00065614804438 
97.00003051850948 54.00065614804438 
97.00003051850948 54.00065614804438 
97.00003051850948 55.000885036867125 
97.00003051850948 54.00065614804438 
97.00003051850948 54.00065614804438 
97.00003051850948 55.000885036867125 
97.00003051850948 55.000885036867125 
97.00003051850948 55.000885036867125 
97.00003051850948 56.00021362966033 
97.00003051850948 57.00044251848308 
97.00003051850948 57.00044251848308 
97.00003051850948 57.00044251848308 
97.00003051850948 58.00067140730582 
97.00003051850948 58.00067140730582 
97.00003051850948 58.00067140730582 
97.00003051850948 58.00067140730582 
97.00003051850948 59.00090029612858 
97.00003051850948 58.00067140730582 
97.00003051850948 58.00067140730582 
97.00003051850948 57.00044251848308 
97.00003051850948 57.00044251848308 
97.00003051850948 57.00044251848308 
97.00003051850948 56.00021362966033 
97.00003051850948 55.000885036867125 
97.00003051850948 55.000885036867125 
97.00003051850948 55.000885036867125 
97.00003051850948 55.000885036867125 
97.00003051850948 55.000885036867125 
98.0 55.000885036867125 
98.0 55.000885036867125 
98.0 55.000885036867125 
98.0 55.000885036867125 
98.0 55.000885036867125 
98.0 56.00021362966033 
98.0 56.00021362966033 
98.0 56.00021362966033 
98.0 56.00021362966033 
98.0 56.00021362966033 
98.0 56.00021362966033 
98.0 57.00044251848308 
98.0 57.00044251848308 
98.0 57.00044251848308 
98.0 56.00021362966033 
98.0 56.00021362966033 
98.0 56.00021362966033 
98.0 55.000885036867125 
98.0 55.000885036867125 
98.0 54.00065614804438 
98.0 54.00065614804438 
98.0 55.000885036867125 
98.0 56.00021362966033 
98.0 56.00021362966033 
98.0 56.00021362966033 
98.0 56.00021362966033 
98.0 56.00021362966033 
98.0 56.00021362966033 
98.0 56.00021362966033 
98.0 56.00021362966033 
97.00003051850948 56.00021362966033 
97.00003051850948 57.00044251848308 
97.00003051850948 56.00021362966033 
97.00003051850948 56.00021362966033 
97.00003051850948 56.00021362966033 
97.00003051850948 56.00021362966033 
97.00003051850948 57.00044251848308 
97.00003051850948 56.00021362966033 
97.00003051850948 56.00021362966033 
98.0 57.00044251848308 
98.0 56.00021362966033 
98.0 56.00021362966033 
98.0 56.00021362966033 
98.0 57.00044251848308 
98.0 57.00044251848308 
98.0 58.00067140730582 
98.0 66.00070192582874 
98.0 66.00070192582874 
98.0 70.00071718509018 
98.0 72.00027466670613 
98.0 72.00027466670613 
98.0 68.00025940744469 
97.00003051850948 65.00047303700599 
97.00003051850948 63.00001525936048 
97.00003051850948 63.00001525936048 
97.00003051850948 59.00090029612858 
97.00003051850948 57.00044251848308 
97.00003051850948 56.00021362966033 
97.00003051850948 55.000885036867125 
97.00003051850948 54.00065614804438 
98.0 54.00065614804438 
98.0 56.00021362966033 
98.0 55.000885036867125 
98.0 55.000885036867125 
98.0 57.00044251848308 
98.0 56.00021362966033 
98.0 56.00021362966033 
98.0 55.000885036867125 
98.0 54.00065614804438 
98.0 52.00019837039888 
98.0 51.00086977760567 
98.0 50.000640888782925 
98.0 50.000640888782925 
98.0 50.000640888782925 
98.0 50.000640888782925 
98.0 49.00041199996017 
98.0 49.00041199996017 
98.0 49.00041199996017 
98.0 49.00041199996017 
98.0 49.00041199996017 
98.0 49.00041199996017 
98.0 49.00041199996017 
98.0 49.00041199996017 
98.0 49.00041199996017 
98.0 49.00041199996017 
98.0 49.00041199996017 
98.0 49.00041199996017 
97.00003051850948 49.00041199996017 
97.00003051850948 49.00041199996017 
97.00003051850948 49.00041199996017 
97.00003051850948 48.000183111137424 
97.00003051850948 48.000183111137424 
97.00003051850948 48.000183111137424 
97.00003051850948 49.00041199996017 
97.00003051850948 49.00041199996017 
97.00003051850948 49.00041199996017 
97.00003051850948 49.00041199996017 
97.00003051850948 50.000640888782925 
97.00003051850948 50.000640888782925 
96.0 50.000640888782925 
96.0 51.00086977760567 
96.0 51.00086977760567 
96.0 51.00086977760567 
96.0 51.00086977760567 
96.0 52.00019837039888 
96.0 53.000427259221624 
96.0 52.00019837039888 
96.0 52.00019837039888 
96.0 54.00065614804438 
96.0 54.00065614804438 
96.0 53.000427259221624 
96.0 53.000427259221624 
96.0 53.000427259221624 
97.00003051850948 54.00065614804438 
97.00003051850948 54.00065614804438 
97.00003051850948 53.000427259221624 
97.00003051850948 53.000427259221624 
97.00003051850948 53.000427259221624 
97.00003051850948 53.000427259221624 
97.00003051850948 52.00019837039888 
97.00003051850948 52.00019837039888 
97.00003051850948 52.00019837039888 
97.00003051850948 53.000427259221624 
97.00003051850948 53.000427259221624 
97.00003051850948 53.000427259221624 
97.00003051850948 52.00019837039888 
97.00003051850948 52.00019837039888 
97.00003051850948 53.000427259221624 
97.00003051850948 53.000427259221624 
97.00003051850948 53.000427259221624 
97.00003051850948 53.000427259221624 
97.00003051850948 52.00019837039888 
97.00003051850948 54.00065614804438 
97.00003051850948 53.000427259221624 
97.00003051850948 52.00019837039888 
97.00003051850948 52.00019837039888 
97.00003051850948 51.00086977760567 
97.00003051850948 51.00086977760567 
97.00003051850948 52.00019837039888 
97.00003051850948 51.00086977760567 
97.00003051850948 51.00086977760567 
97.00003051850948 51.00086977760567 
97.00003051850948 51.00086977760567 
97.00003051850948 53.000427259221624 
97.00003051850948 53.000427259221624 
97.00003051850948 53.000427259221624 
97.00003051850948 53.000427259221624 
97.00003051850948 54.00065614804438 
97.00003051850948 54.00065614804438 
97.00003051850948 53.000427259221624 
96.0 53.000427259221624 
96.0 55.000885036867125 
96.0 54.00065614804438 
96.0 53.000427259221624 
96.0 53.000427259221624 
96.0 53.000427259221624 
97.00003051850948 54.00065614804438 
