94.99993896327098 66.00033570375531 
94.99993896327098 66.00033570375531 
94.99993896327098 65.00064088884778 
94.99993896327098 65.00064088884778 
94.99993896327098 65.00064088884778 
94.99993896327098 65.00064088884778 
94.99993896327098 65.00064088884778 
94.99993896327098 65.00064088884778 
94.99993896327098 65.00064088884778 
94.99993896327098 65.00064088884778 
94.99993896327098 65.00064088884778 
94.99993896327098 64.00001525940122 
94.99993896327098 64.00001525940122 
94.99993896327098 64.00001525940122 
94.99993896327098 64.00001525940122 
94.99993896327098 65.00064088884778 
94.99993896327098 65.00064088884778 
94.99993896327098 65.00064088884778 
94.99993896327098 65.00064088884778 
94.99993896327098 66.00033570375531 
94.99993896327098 65.00064088884778 
94.99993896327098 64.00001525940122 
94.99993896327098 64.00001525940122 
94.99993896327098 63.0003204444937 
94.99993896327098 63.0003204444937 
94.99993896327098 63.0003204444937 
94.99993896327098 63.0003204444937 
94.99993896327098 63.0003204444937 
94.99993896327098 64.00001525940122 
94.99993896327098 64.00001525940122 
94.99993896327098 64.00001525940122 
94.99993896327098 63.0003204444937 
94.99993896327098 63.0003204444937 
94.99993896327098 62.000625629586175 
94.99993896327098 61.00000000013962 
94.99993896327098 61.00000000013962 
94.99993896327098 60.000305185232094 
94.99993896327098 60.000305185232094 
94.99993896327098 60.000305185232094 
94.99993896327098 60.000305185232094 
94.99993896327098 60.000305185232094 
94.99993896327098 60.000305185232094 
94.99993896327098 60.000305185232094 
94.99993896327098 61.00000000013962 
94.99993896327098 60.000305185232094 
94.99993896327098 60.000305185232094 
94.99993896327098 60.000305185232094 
94.99993896327098 59.000610370324566 
94.99993896327098 59.000610370324566 
94.99993896327098 59.000610370324566 
94.00006103730583 59.000610370324566 
94.00006103730583 60.000305185232094 
94.00006103730583 62.000625629586175 
94.00006103730583 62.000625629586175 
94.00006103730583 64.00001525940122 
94.00006103730583 63.0003204444937 
94.00006103730583 62.000625629586175 
94.00006103730583 62.000625629586175 
94.00006103730583 61.00000000013962 
94.00006103730583 61.00000000013962 
94.00006103730583 60.000305185232094 
94.00006103730583 60.000305185232094 
94.00006103730583 60.000305185232094 
94.00006103730583 60.000305185232094 
94.00006103730583 59.000610370324566 
94.00006103730583 59.000610370324566 
94.99993896327098 60.000305185232094 
94.99993896327098 60.000305185232094 
94.99993896327098 60.000305185232094 
94.99993896327098 60.000305185232094 
94.99993896327098 60.000305185232094 
94.99993896327098 60.000305185232094 
94.99993896327098 60.000305185232094 
94.99993896327098 60.000305185232094 
94.99993896327098 60.000305185232094 
94.99993896327098 60.000305185232094 
94.99993896327098 60.000305185232094 
94.99993896327098 60.000305185232094 
94.99993896327098 59.000610370324566 
94.99993896327098 59.000610370324566 
94.99993896327098 59.000610370324566 
96.00000000029299 59.000610370324566 
96.00000000029299 58.00091555541704 
96.00000000029299 58.00091555541704 
96.00000000029299 58.00091555541704 
96.00000000029299 59.000610370324566 
96.00000000029299 59.000610370324566 
96.00000000029299 60.000305185232094 
96.00000000029299 60.000305185232094 
96.00000000029299 60.000305185232094 
96.00000000029299 61.00000000013962 
96.00000000029299 61.00000000013962 
94.99993896327098 61.00000000013962 
94.99993896327098 61.00000000013962 
94.99993896327098 61.00000000013962 
94.99993896327098 61.00000000013962 
94.99993896327098 60.000305185232094 
94.99993896327098 60.000305185232094 
94.99993896327098 60.000305185232094 
94.99993896327098 60.000305185232094 
94.99993896327098 61.00000000013962 
94.99993896327098 61.00000000013962 
94.99993896327098 61.00000000013962 
94.99993896327098 62.000625629586175 
94.99993896327098 62.000625629586175 
94.99993896327098 62.000625629586175 
94.99993896327098 62.000625629586175 
94.99993896327098 62.000625629586175 
94.99993896327098 62.000625629586175 
94.99993896327098 62.000625629586175 
94.99993896327098 62.000625629586175 
94.99993896327098 62.000625629586175 
94.99993896327098 61.00000000013962 
94.99993896327098 61.00000000013962 
94.99993896327098 61.00000000013962 
94.99993896327098 60.000305185232094 
94.99993896327098 60.000305185232094 
94.99993896327098 60.000305185232094 
94.99993896327098 61.00000000013962 
94.99993896327098 61.00000000013962 
94.99993896327098 62.000625629586175 
94.99993896327098 62.000625629586175 
94.99993896327098 63.0003204444937 
94.99993896327098 63.0003204444937 
94.99993896327098 62.000625629586175 
94.99993896327098 62.000625629586175 
94.99993896327098 62.000625629586175 
94.99993896327098 61.00000000013962 
94.99993896327098 60.000305185232094 
94.99993896327098 60.000305185232094 
94.99993896327098 59.000610370324566 
94.99993896327098 59.000610370324566 
94.99993896327098 59.000610370324566 
94.99993896327098 59.000610370324566 
94.99993896327098 60.000305185232094 
94.99993896327098 61.00000000013962 
94.99993896327098 61.00000000013962 
94.99993896327098 62.000625629586175 
94.99993896327098 62.000625629586175 
94.99993896327098 62.000625629586175 
94.99993896327098 62.000625629586175 
94.99993896327098 61.00000000013962 
94.99993896327098 61.00000000013962 
94.00006103730583 61.00000000013962 
94.00006103730583 61.00000000013962 
94.00006103730583 61.00000000013962 
94.00006103730583 60.000305185232094 
94.00006103730583 60.000305185232094 
94.00006103730583 60.000305185232094 
94.99993896327098 60.000305185232094 
94.99993896327098 60.000305185232094 
94.99993896327098 60.000305185232094 
94.99993896327098 59.000610370324566 
94.99993896327098 59.000610370324566 
94.99993896327098 58.00091555541704 
94.99993896327098 58.00091555541704 
94.99993896327098 58.00091555541704 
94.99993896327098 58.00091555541704 
94.99993896327098 58.00091555541704 
94.99993896327098 58.00091555541704 
96.00000000029299 58.00091555541704 
96.00000000029299 59.000610370324566 
94.99993896327098 60.000305185232094 
94.99993896327098 60.000305185232094 
94.99993896327098 60.000305185232094 
94.99993896327098 61.00000000013962 
94.99993896327098 61.00000000013962 
94.99993896327098 61.00000000013962 
94.99993896327098 61.00000000013962 
94.99993896327098 62.000625629586175 
94.99993896327098 61.00000000013962 
94.99993896327098 61.00000000013962 
94.99993896327098 61.00000000013962 
94.99993896327098 62.000625629586175 
94.99993896327098 62.000625629586175 
94.99993896327098 61.00000000013962 
94.99993896327098 61.00000000013962 
94.99993896327098 61.00000000013962 
94.99993896327098 61.00000000013962 
94.99993896327098 61.00000000013962 
94.99993896327098 61.00000000013962 
94.99993896327098 61.00000000013962 
96.00000000029299 60.000305185232094 
96.00000000029299 60.000305185232094 
96.00000000029299 60.000305185232094 
96.00000000029299 60.000305185232094 
96.00000000029299 59.000610370324566 
96.00000000029299 59.000610370324566 
96.00000000029299 59.000610370324566 
96.00000000029299 59.000610370324566 
96.00000000029299 59.000610370324566 
96.00000000029299 59.000610370324566 
96.00000000029299 59.000610370324566 
96.00000000029299 59.000610370324566 
96.00000000029299 59.000610370324566 
96.00000000029299 59.000610370324566 
94.99993896327098 59.000610370324566 
94.99993896327098 59.000610370324566 
94.99993896327098 59.000610370324566 
94.99993896327098 59.000610370324566 
94.99993896327098 59.000610370324566 
94.99993896327098 59.000610370324566 
94.99993896327098 59.000610370324566 
94.99993896327098 59.000610370324566 
94.99993896327098 60.000305185232094 
94.99993896327098 60.000305185232094 
94.99993896327098 60.000305185232094 
94.99993896327098 61.00000000013962 
94.99993896327098 61.00000000013962 
94.99993896327098 62.000625629586175 
94.99993896327098 62.000625629586175 
94.99993896327098 63.0003204444937 
94.99993896327098 63.0003204444937 
94.99993896327098 62.000625629586175 
94.99993896327098 62.000625629586175 
94.99993896327098 62.000625629586175 
94.99993896327098 62.000625629586175 
94.99993896327098 61.00000000013962 
94.99993896327098 61.00000000013962 
94.99993896327098 60.000305185232094 
94.99993896327098 60.000305185232094 
94.99993896327098 60.000305185232094 
94.99993896327098 60.000305185232094 
96.00000000029299 60.000305185232094 
96.00000000029299 61.00000000013962 
96.00000000029299 63.0003204444937 
96.00000000029299 63.0003204444937 
96.00000000029299 65.00064088884778 
96.00000000029299 64.00001525940122 
96.00000000029299 63.0003204444937 
96.00000000029299 61.00000000013962 
96.00000000029299 60.000305185232094 
96.00000000029299 59.000610370324566 
96.00000000029299 58.00091555541704 
96.00000000029299 58.00091555541704 
96.00000000029299 57.00028992597049 
96.00000000029299 58.00091555541704 
96.99996948178656 58.00091555541704 
96.99996948178656 59.000610370324566 
96.99996948178656 59.000610370324566 
96.99996948178656 59.000610370324566 
96.99996948178656 60.000305185232094 
96.99996948178656 59.000610370324566 
96.99996948178656 59.000610370324566 
96.99996948178656 59.000610370324566 
96.00000000029299 60.000305185232094 
96.00000000029299 60.000305185232094 
96.00000000029299 60.000305185232094 
96.00000000029299 60.000305185232094 
96.00000000029299 60.000305185232094 
96.00000000029299 60.000305185232094 
96.00000000029299 61.00000000013962 
96.00000000029299 60.000305185232094 
96.00000000029299 60.000305185232094 
96.00000000029299 60.000305185232094 
96.00000000029299 60.000305185232094 
96.00000000029299 60.000305185232094 
96.00000000029299 60.000305185232094 
96.00000000029299 59.000610370324566 
96.00000000029299 59.000610370324566 
96.00000000029299 59.000610370324566 
96.00000000029299 59.000610370324566 
96.00000000029299 58.00091555541704 
96.00000000029299 58.00091555541704 
96.00000000029299 58.00091555541704 
96.00000000029299 58.00091555541704 
96.00000000029299 59.000610370324566 
96.00000000029299 59.000610370324566 
96.00000000029299 59.000610370324566 
96.00000000029299 58.00091555541704 
96.00000000029299 58.00091555541704 
96.00000000029299 58.00091555541704 
96.00000000029299 58.00091555541704 
94.99993896327098 58.00091555541704 
94.99993896327098 59.000610370324566 
94.99993896327098 59.000610370324566 
94.99993896327098 59.000610370324566 
94.99993896327098 59.000610370324566 
94.99993896327098 59.000610370324566 
94.99993896327098 59.000610370324566 
94.99993896327098 59.000610370324566 
94.99993896327098 60.000305185232094 
94.99993896327098 60.000305185232094 
94.99993896327098 60.000305185232094 
94.99993896327098 60.000305185232094 
94.99993896327098 60.000305185232094 
94.99993896327098 60.000305185232094 
94.99993896327098 60.000305185232094 
94.99993896327098 60.000305185232094 
94.99993896327098 60.000305185232094 
94.99993896327098 60.000305185232094 
94.99993896327098 60.000305185232094 
94.99993896327098 60.000305185232094 
94.99993896327098 60.000305185232094 
94.99993896327098 60.000305185232094 
94.99993896327098 60.000305185232094 
94.99993896327098 61.00000000013962 
94.99993896327098 61.00000000013962 
94.99993896327098 61.00000000013962 
96.00000000029299 76.00007629644765 
96.00000000029299 76.00007629644765 
96.00000000029299 76.00007629644765 
96.00000000029299 76.00007629644765 
96.00000000029299 76.00007629644765 
96.00000000029299 76.00007629644765 
96.00000000029299 76.00007629644765 
96.00000000029299 76.00007629644765 
96.00000000029299 76.00007629644765 
96.00000000029299 76.00007629644765 
96.00000000029299 77.00070192589419 
96.00000000029299 80.0007171851558 
96.00000000029299 80.0007171851558 
96.00000000029299 84.00042725932494 
96.00000000029299 84.00042725932494 
96.99996948178656 87.00044251858654 
96.99996948178656 87.00044251858654 
96.99996948178656 87.00044251858654 
96.99996948178656 86.00074770367901 
96.99996948178656 84.00042725932494 
96.99996948178656 83.00073244441741 
96.00000000029299 82.00010681497086 
96.00000000029299 78.00039674080172 
96.00000000029299 77.00070192589419 
96.00000000029299 77.00070192589419 
96.99996948178656 76.00007629644765 
96.99996948178656 75.00038148154012 
96.99996948178656 75.00038148154012 
96.00000000029299 74.00068666663259 
96.00000000029299 74.00068666663259 
96.00000000029299 74.00068666663259 
96.00000000029299 73.00006103718604 
96.00000000029299 73.00006103718604 
96.00000000029299 72.00036622227852 
96.00000000029299 71.00067140737099 
96.00000000029299 70.00004577792444 
96.00000000029299 69.00035096301691 
96.00000000029299 69.00035096301691 
96.00000000029299 69.00035096301691 
96.00000000029299 69.00035096301691 
96.99996948178656 69.00035096301691 
96.99996948178656 69.00035096301691 
96.99996948178656 69.00035096301691 
96.99996948178656 69.00035096301691 
96.99996948178656 68.00065614810939 
96.99996948178656 68.00065614810939 
96.99996948178656 68.00065614810939 
96.99996948178656 69.00035096301691 
96.99996948178656 69.00035096301691 
96.99996948178656 69.00035096301691 
97.99993896328014 69.00035096301691 
97.99993896328014 69.00035096301691 
96.99996948178656 69.00035096301691 
96.99996948178656 69.00035096301691 
96.99996948178656 69.00035096301691 
96.99996948178656 72.00036622227852 
96.99996948178656 72.00036622227852 
96.99996948178656 73.00006103718604 
96.99996948178656 73.00006103718604 
97.99993896328014 73.00006103718604 
97.99993896328014 72.00036622227852 
97.99993896328014 72.00036622227852 
96.99996948178656 71.00067140737099 
96.99996948178656 70.00004577792444 
96.99996948178656 70.00004577792444 
96.99996948178656 71.00067140737099 
96.99996948178656 72.00036622227852 
97.99993896328014 71.00067140737099 
97.99993896328014 71.00067140737099 
97.99993896328014 71.00067140737099 
97.99993896328014 71.00067140737099 
97.99993896328014 71.00067140737099 
97.99993896328014 71.00067140737099 
97.99993896328014 71.00067140737099 
97.99993896328014 71.00067140737099 
97.99993896328014 72.00036622227852 
97.99993896328014 72.00036622227852 
97.99993896328014 72.00036622227852 
97.99993896328014 72.00036622227852 
97.99993896328014 72.00036622227852 
97.99993896328014 72.00036622227852 
97.99993896328014 72.00036622227852 
97.99993896328014 72.00036622227852 
96.99996948178656 72.00036622227852 
96.99996948178656 72.00036622227852 
96.99996948178656 72.00036622227852 
96.99996948178656 71.00067140737099 
96.99996948178656 70.00004577792444 
96.99996948178656 70.00004577792444 
96.00000000029299 70.00004577792444 
96.00000000029299 71.00067140737099 
96.00000000029299 71.00067140737099 
96.00000000029299 71.00067140737099 
96.00000000029299 71.00067140737099 
96.00000000029299 71.00067140737099 
96.00000000029299 71.00067140737099 
96.99996948178656 72.00036622227852 
96.99996948178656 73.00006103718604 
96.99996948178656 73.00006103718604 
96.99996948178656 74.00068666663259 
97.99993896328014 74.00068666663259 
97.99993896328014 76.00007629644765 
96.99996948178656 76.00007629644765 
96.99996948178656 77.00070192589419 
96.99996948178656 82.00010681497086 
97.99993896328014 82.00010681497086 
97.99993896328014 84.00042725932494 
97.99993896328014 84.00042725932494 
97.99993896328014 84.00042725932494 
96.99996948178656 84.00042725932494 
96.99996948178656 84.00042725932494 
96.99996948178656 85.00012207423246 
96.99996948178656 86.00074770367901 
97.99993896328014 86.00074770367901 
97.99993896328014 86.00074770367901 
97.99993896328014 86.00074770367901 
97.99993896328014 86.00074770367901 
97.99993896328014 86.00074770367901 
97.99993896328014 86.00074770367901 
96.99996948178656 86.00074770367901 
96.99996948178656 86.00074770367901 
96.99996948178656 86.00074770367901 
96.99996948178656 86.00074770367901 
96.99996948178656 86.00074770367901 
96.99996948178656 86.00074770367901 
96.99996948178656 86.00074770367901 
96.99996948178656 86.00074770367901 
96.99996948178656 86.00074770367901 
96.99996948178656 86.00074770367901 
97.99993896328014 86.00074770367901 
97.99993896328014 87.00044251858654 
97.99993896328014 87.00044251858654 
97.99993896328014 87.00044251858654 
97.99993896328014 87.00044251858654 
97.99993896328014 87.99920651895505 
97.99993896328014 87.99920651895505 
97.99993896328014 87.99920651895505 
97.99993896328014 88.9998321484016 
97.99993896328014 88.9998321484016 
97.99993896328014 88.9998321484016 
97.99993896328014 88.9998321484016 
97.99993896328014 88.9998321484016 
97.99993896328014 88.9998321484016 
97.99993896328014 88.9998321484016 
97.99993896328014 88.9998321484016 
97.99993896328014 89.99952696330912 
97.99993896328014 89.99952696330912 
97.99993896328014 89.99952696330912 
97.99993896328014 89.99952696330912 
97.99993896328014 89.99952696330912 
96.99996948178656 91.9998474076632 
96.99996948178656 91.9998474076632 
96.99996948178656 92.99954222257072 
96.99996948178656 92.99954222257072 
96.99996948178656 92.99954222257072 
96.99996948178656 92.99954222257072 
96.99996948178656 92.99954222257072 
96.99996948178656 92.99954222257072 
97.99993896328014 93.99923703747825 
97.99993896328014 93.99923703747825 
97.99993896328014 93.99923703747825 
97.99993896328014 93.99923703747825 
97.99993896328014 93.99923703747825 
97.99993896328014 94.99986266692481 
97.99993896328014 94.99986266692481 
97.99993896328014 94.99986266692481 
97.99993896328014 94.99986266692481 
97.99993896328014 94.99986266692481 
97.99993896328014 94.99986266692481 
97.99993896328014 94.99986266692481 
97.99993896328014 94.99986266692481 
97.99993896328014 94.99986266692481 
97.99993896328014 94.99986266692481 
97.99993896328014 94.99986266692481 
96.99996948178656 94.99986266692481 
96.99996948178656 94.99986266692481 
96.99996948178656 94.99986266692481 
96.99996948178656 94.99986266692481 
96.99996948178656 94.99986266692481 
96.99996948178656 94.99986266692481 
96.00000000029299 94.99986266692481 
96.00000000029299 96.99925229673987 
96.00000000029299 96.99925229673987 
96.99996948178656 98.99957274109394 
96.99996948178656 97.99987792618641 
97.99993896328014 97.99987792618641 
97.99993896328014 97.99987792618641 
97.99993896328014 96.99925229673987 
96.99996948178656 95.99955748183234 
96.99996948178656 94.99986266692481 
97.99993896328014 94.99986266692481 
97.99993896328014 91.9998474076632 
96.99996948178656 91.9998474076632 
96.99996948178656 91.9998474076632 
96.99996948178656 92.99954222257072 
96.99996948178656 91.9998474076632 
96.99996948178656 91.9998474076632 
96.99996948178656 91.9998474076632 
96.99996948178656 91.9998474076632 
96.99996948178656 89.99952696330912 
96.99996948178656 89.99952696330912 
96.99996948178656 87.99920651895505 
96.99996948178656 84.00042725932494 
96.99996948178656 86.00074770367901 
96.99996948178656 87.99920651895505 
96.99996948178656 85.00012207423246 
96.99996948178656 85.00012207423246 
96.99996948178656 85.00012207423246 
96.99996948178656 85.00012207423246 
96.99996948178656 87.00044251858654 
96.99996948178656 87.00044251858654 
96.99996948178656 89.99952696330912 
97.99993896328014 91.9998474076632 
96.99996948178656 90.99922177821665 
96.00000000029299 91.9998474076632 
96.00000000029299 91.9998474076632 
96.00000000029299 90.99922177821665 
96.00000000029299 90.99922177821665 
96.00000000029299 90.99922177821665 
96.00000000029299 90.99922177821665 
96.00000000029299 90.99922177821665 
96.00000000029299 90.99922177821665 
96.00000000029299 92.99954222257072 
96.00000000029299 94.99986266692481 
96.00000000029299 99.99926755600147 
96.00000000029299 101.99958800035554 
96.99996948178656 100.99989318544802 
96.99996948178656 100.99989318544802 
96.00000000029299 102.99928281526307 
96.99996948178656 104.99960325961715 
96.99996948178656 104.99960325961715 
96.00000000029299 105.99929807452467 
96.00000000029299 109.99993896323284 
96.00000000029299 109.99993896323284 
96.00000000029299 110.99963377814036 
96.00000000029299 110.99963377814036 
96.00000000029299 111.99932859304789 
96.00000000029299 111.99932859304789 
96.00000000029299 111.99932859304789 
96.00000000029299 111.99932859304789 
96.00000000029299 111.99932859304789 
96.00000000029299 111.99932859304789 
96.00000000029299 112.99995422249444 
94.99993896327098 112.99995422249444 
94.99993896327098 112.99995422249444 
94.99993896327098 113.99964903740197 
96.00000000029299 113.99964903740197 
96.00000000029299 113.99964903740197 
96.00000000029299 113.99964903740197 
96.00000000029299 113.99964903740197 
96.00000000029299 113.99964903740197 
96.00000000029299 113.99964903740197 
94.99993896327098 112.99995422249444 
94.99993896327098 111.99932859304789 
96.00000000029299 112.99995422249444 
96.00000000029299 112.99995422249444 
96.00000000029299 112.99995422249444 
96.00000000029299 112.99995422249444 
94.99993896327098 112.99995422249444 
94.00006103730583 112.99995422249444 
94.00006103730583 112.99995422249444 
94.00006103730583 113.99964903740197 
94.00006103730583 112.99995422249444 
94.00006103730583 111.99932859304789 
93.00000000028383 111.99932859304789 
93.00000000028383 111.99932859304789 
92.00003051879025 109.99993896323284 
92.00003051879025 107.99961851887875 
92.00003051879025 107.99961851887875 
92.00003051879025 109.99993896323284 
92.00003051879025 109.99993896323284 
92.00003051879025 109.99993896323284 
92.00003051879025 109.99993896323284 
92.00003051879025 109.99993896323284 
92.00003051879025 109.99993896323284 
92.00003051879025 109.99993896323284 
92.00003051879025 109.99993896323284 
92.00003051879025 109.99993896323284 
92.00003051879025 109.99993896323284 
92.00003051879025 109.99993896323284 
92.00003051879025 109.99993896323284 
93.00000000028383 108.99931333378628 
93.00000000028383 107.99961851887875 
93.00000000028383 107.99961851887875 
93.00000000028383 107.99961851887875 
93.00000000028383 107.99961851887875 
93.00000000028383 107.99961851887875 
93.00000000028383 107.99961851887875 
93.00000000028383 107.99961851887875 
93.00000000028383 110.99963377814036 
94.00006103730583 110.99963377814036 
94.00006103730583 113.99964903740197 
94.00006103730583 113.99964903740197 
94.00006103730583 113.99964903740197 
94.00006103730583 114.9993438523095 
94.00006103730583 114.9993438523095 
94.00006103730583 113.99964903740197 
94.00006103730583 113.99964903740197 
94.99993896327098 114.9993438523095 
94.99993896327098 114.9993438523095 
94.99993896327098 114.9993438523095 
94.99993896327098 114.9993438523095 
94.99993896327098 114.9993438523095 
94.99993896327098 114.9993438523095 
94.99993896327098 114.9993438523095 
94.99993896327098 114.9993438523095 
94.99993896327098 114.9993438523095 
94.99993896327098 114.9993438523095 
94.99993896327098 114.9993438523095 
94.99993896327098 114.9993438523095 
94.99993896327098 115.99996948175604 
94.99993896327098 115.99996948175604 
94.99993896327098 116.99966429666357 
94.99993896327098 116.99966429666357 
94.99993896327098 117.9993591115711 
96.00000000029299 117.9993591115711 
96.00000000029299 117.9993591115711 
96.00000000029299 117.9993591115711 
96.00000000029299 115.99996948175604 
96.00000000029299 115.99996948175604 
96.00000000029299 115.99996948175604 
96.00000000029299 113.99964903740197 
96.00000000029299 113.99964903740197 
96.00000000029299 113.99964903740197 
96.00000000029299 112.99995422249444 
96.00000000029299 111.99932859304789 
96.00000000029299 111.99932859304789 
96.00000000029299 95.99955748183234 
96.00000000029299 87.99920651895505 
96.00000000029299 86.00074770367901 
96.00000000029299 83.00073244441741 
96.00000000029299 82.00010681497086 
96.99996948178656 81.00041200006333 
96.00000000029299 81.00041200006333 
96.00000000029299 80.0007171851558 
96.00000000029299 80.0007171851558 
96.00000000029299 79.00009155570925 
96.00000000029299 79.00009155570925 
96.00000000029299 77.00070192589419 
96.00000000029299 77.00070192589419 
94.99993896327098 76.00007629644765 
94.99993896327098 75.00038148154012 
94.99993896327098 75.00038148154012 
94.99993896327098 75.00038148154012 
94.99993896327098 75.00038148154012 
94.99993896327098 75.00038148154012 
94.99993896327098 75.00038148154012 
94.99993896327098 75.00038148154012 
94.99993896327098 75.00038148154012 
94.99993896327098 74.00068666663259 
94.99993896327098 73.00006103718604 
94.99993896327098 72.00036622227852 
94.99993896327098 72.00036622227852 
94.99993896327098 72.00036622227852 
94.99993896327098 72.00036622227852 
94.99993896327098 72.00036622227852 
94.99993896327098 71.00067140737099 
94.99993896327098 70.00004577792444 
94.99993896327098 70.00004577792444 
94.99993896327098 70.00004577792444 
94.99993896327098 70.00004577792444 
94.99993896327098 70.00004577792444 
94.99993896327098 71.00067140737099 
96.00000000029299 71.00067140737099 
96.00000000029299 70.00004577792444 
96.00000000029299 68.00065614810939 
96.00000000029299 66.00033570375531 
96.00000000029299 65.00064088884778 
96.00000000029299 65.00064088884778 
96.00000000029299 65.00064088884778 
96.00000000029299 66.00033570375531 
96.00000000029299 67.00003051866284 
96.00000000029299 67.00003051866284 
96.00000000029299 68.00065614810939 
96.00000000029299 68.00065614810939 
96.00000000029299 68.00065614810939 
96.00000000029299 68.00065614810939 
96.00000000029299 67.00003051866284 
96.00000000029299 68.00065614810939 
96.00000000029299 67.00003051866284 
96.00000000029299 67.00003051866284 
96.00000000029299 67.00003051866284 
96.00000000029299 67.00003051866284 
96.00000000029299 68.00065614810939 
96.00000000029299 68.00065614810939 
96.00000000029299 68.00065614810939 
96.00000000029299 68.00065614810939 
96.00000000029299 68.00065614810939 
96.00000000029299 68.00065614810939 
96.00000000029299 67.00003051866284 
96.00000000029299 66.00033570375531 
96.00000000029299 66.00033570375531 
96.00000000029299 66.00033570375531 
96.00000000029299 66.00033570375531 
96.00000000029299 65.00064088884778 
96.00000000029299 65.00064088884778 
96.00000000029299 65.00064088884778 
96.00000000029299 65.00064088884778 
96.00000000029299 64.00001525940122 
96.00000000029299 64.00001525940122 
96.00000000029299 64.00001525940122 
96.00000000029299 64.00001525940122 
96.00000000029299 64.00001525940122 
96.00000000029299 65.00064088884778 
96.00000000029299 65.00064088884778 
96.00000000029299 65.00064088884778 
96.00000000029299 65.00064088884778 
96.00000000029299 66.00033570375531 
96.00000000029299 66.00033570375531 
96.00000000029299 66.00033570375531 
96.00000000029299 67.00003051866284 
96.00000000029299 67.00003051866284 
96.00000000029299 67.00003051866284 
96.00000000029299 67.00003051866284 
96.00000000029299 69.00035096301691 
96.00000000029299 69.00035096301691 
96.00000000029299 69.00035096301691 
96.00000000029299 69.00035096301691 
96.00000000029299 68.00065614810939 
96.00000000029299 68.00065614810939 
96.00000000029299 67.00003051866284 
96.00000000029299 66.00033570375531 
96.00000000029299 65.00064088884778 
96.00000000029299 64.00001525940122 
96.99996948178656 64.00001525940122 
96.99996948178656 64.00001525940122 
96.99996948178656 64.00001525940122 
96.99996948178656 64.00001525940122 
96.99996948178656 65.00064088884778 
96.99996948178656 65.00064088884778 
96.00000000029299 65.00064088884778 
96.00000000029299 65.00064088884778 
96.00000000029299 64.00001525940122 
96.00000000029299 64.00001525940122 
96.00000000029299 63.0003204444937 
96.00000000029299 63.0003204444937 
96.99996948178656 62.000625629586175 
96.99996948178656 61.00000000013962 
96.00000000029299 60.000305185232094 
96.00000000029299 60.000305185232094 
96.00000000029299 60.000305185232094 
96.00000000029299 60.000305185232094 
96.00000000029299 60.000305185232094 
96.00000000029299 60.000305185232094 
96.00000000029299 60.000305185232094 
96.00000000029299 61.00000000013962 
96.00000000029299 61.00000000013962 
96.00000000029299 61.00000000013962 
96.00000000029299 61.00000000013962 
96.00000000029299 61.00000000013962 
96.00000000029299 61.00000000013962 
96.00000000029299 61.00000000013962 
96.00000000029299 61.00000000013962 
96.00000000029299 61.00000000013962 
96.00000000029299 61.00000000013962 
96.00000000029299 61.00000000013962 
96.00000000029299 61.00000000013962 
96.00000000029299 60.000305185232094 
96.00000000029299 59.000610370324566 
96.00000000029299 58.00091555541704 
96.00000000029299 58.00091555541704 
96.00000000029299 57.00028992597049 
96.00000000029299 57.00028992597049 
96.00000000029299 58.00091555541704 
96.00000000029299 58.00091555541704 
96.00000000029299 58.00091555541704 
96.00000000029299 59.000610370324566 
96.00000000029299 59.000610370324566 
96.00000000029299 59.000610370324566 
96.00000000029299 60.000305185232094 
96.00000000029299 59.000610370324566 
96.00000000029299 59.000610370324566 
96.00000000029299 59.000610370324566 
96.00000000029299 58.00091555541704 
96.00000000029299 58.00091555541704 
96.00000000029299 59.000610370324566 
96.00000000029299 60.000305185232094 
96.00000000029299 60.000305185232094 
96.00000000029299 61.00000000013962 
96.00000000029299 62.000625629586175 
96.00000000029299 62.000625629586175 
94.99993896327098 62.000625629586175 
94.99993896327098 62.000625629586175 
94.99993896327098 62.000625629586175 
94.99993896327098 62.000625629586175 
96.00000000029299 62.000625629586175 
96.00000000029299 62.000625629586175 
96.00000000029299 62.000625629586175 
96.00000000029299 62.000625629586175 
96.00000000029299 62.000625629586175 
96.00000000029299 62.000625629586175 
96.00000000029299 61.00000000013962 
96.00000000029299 61.00000000013962 
96.00000000029299 61.00000000013962 
96.00000000029299 61.00000000013962 
96.00000000029299 61.00000000013962 
96.00000000029299 61.00000000013962 
96.00000000029299 60.000305185232094 
96.00000000029299 60.000305185232094 
96.00000000029299 61.00000000013962 
96.00000000029299 60.000305185232094 
96.00000000029299 60.000305185232094 
96.99996948178656 60.000305185232094 
96.99996948178656 60.000305185232094 
96.99996948178656 59.000610370324566 
96.99996948178656 59.000610370324566 
96.99996948178656 59.000610370324566 
96.99996948178656 59.000610370324566 
96.99996948178656 59.000610370324566 
96.99996948178656 59.000610370324566 
96.99996948178656 59.000610370324566 
96.99996948178656 59.000610370324566 
96.99996948178656 60.000305185232094 
96.99996948178656 60.000305185232094 
96.99996948178656 60.000305185232094 
96.99996948178656 61.00000000013962 
96.99996948178656 61.00000000013962 
96.99996948178656 61.00000000013962 
96.99996948178656 62.000625629586175 
96.99996948178656 61.00000000013962 
96.99996948178656 62.000625629586175 
96.99996948178656 62.000625629586175 
96.99996948178656 62.000625629586175 
96.99996948178656 61.00000000013962 
96.99996948178656 61.00000000013962 
96.99996948178656 60.000305185232094 
96.99996948178656 60.000305185232094 
96.99996948178656 59.000610370324566 
96.99996948178656 59.000610370324566 
96.99996948178656 59.000610370324566 
96.99996948178656 58.00091555541704 
96.99996948178656 58.00091555541704 
96.99996948178656 59.000610370324566 
96.99996948178656 58.00091555541704 
96.00000000029299 58.00091555541704 
96.00000000029299 58.00091555541704 
96.00000000029299 59.000610370324566 
96.00000000029299 59.000610370324566 
96.00000000029299 58.00091555541704 
96.00000000029299 58.00091555541704 
96.00000000029299 59.000610370324566 
96.00000000029299 59.000610370324566 
96.00000000029299 59.000610370324566 
96.00000000029299 59.000610370324566 
96.00000000029299 59.000610370324566 
96.00000000029299 59.000610370324566 
96.00000000029299 59.000610370324566 
96.00000000029299 59.000610370324566 
96.00000000029299 59.000610370324566 
96.00000000029299 59.000610370324566 
96.00000000029299 59.000610370324566 
96.00000000029299 59.000610370324566 
96.00000000029299 59.000610370324566 
96.00000000029299 59.000610370324566 
96.00000000029299 59.000610370324566 
96.00000000029299 58.00091555541704 
96.00000000029299 59.000610370324566 
96.00000000029299 58.00091555541704 
96.00000000029299 58.00091555541704 
96.00000000029299 58.00091555541704 
96.00000000029299 59.000610370324566 
96.00000000029299 59.000610370324566 
96.00000000029299 59.000610370324566 
96.00000000029299 59.000610370324566 
96.00000000029299 59.000610370324566 
96.00000000029299 59.000610370324566 
96.00000000029299 59.000610370324566 
96.00000000029299 59.000610370324566 
96.00000000029299 59.000610370324566 
96.00000000029299 59.000610370324566 
96.00000000029299 59.000610370324566 
96.00000000029299 60.000305185232094 
96.00000000029299 60.000305185232094 
96.00000000029299 61.00000000013962 
96.00000000029299 61.00000000013962 
96.00000000029299 62.000625629586175 
96.00000000029299 62.000625629586175 
96.00000000029299 62.000625629586175 
96.00000000029299 62.000625629586175 
96.00000000029299 62.000625629586175 
96.00000000029299 62.000625629586175 
96.00000000029299 62.000625629586175 
96.00000000029299 61.00000000013962 
96.00000000029299 61.00000000013962 
96.00000000029299 61.00000000013962 
96.00000000029299 62.000625629586175 
96.00000000029299 62.000625629586175 
96.00000000029299 62.000625629586175 
96.99996948178656 62.000625629586175 
96.99996948178656 62.000625629586175 
96.99996948178656 62.000625629586175 
96.99996948178656 62.000625629586175 
96.99996948178656 62.000625629586175 
96.99996948178656 62.000625629586175 
96.99996948178656 61.00000000013962 
96.99996948178656 60.000305185232094 
96.99996948178656 59.000610370324566 
96.99996948178656 58.00091555541704 
96.99996948178656 58.00091555541704 
96.99996948178656 58.00091555541704 
96.99996948178656 57.00028992597049 
96.99996948178656 57.00028992597049 
96.99996948178656 57.00028992597049 
96.99996948178656 58.00091555541704 
96.99996948178656 58.00091555541704 
96.99996948178656 58.00091555541704 
96.99996948178656 58.00091555541704 
96.99996948178656 59.000610370324566 
96.99996948178656 59.000610370324566 
96.00000000029299 60.000305185232094 
96.00000000029299 61.00000000013962 
96.00000000029299 61.00000000013962 
96.00000000029299 61.00000000013962 
96.00000000029299 62.000625629586175 
96.00000000029299 62.000625629586175 
96.00000000029299 62.000625629586175 
96.00000000029299 62.000625629586175 
96.00000000029299 62.000625629586175 
96.99996948178656 62.000625629586175 
96.99996948178656 62.000625629586175 
96.99996948178656 62.000625629586175 
96.99996948178656 61.00000000013962 
96.99996948178656 61.00000000013962 
96.99996948178656 61.00000000013962 
96.99996948178656 61.00000000013962 
96.99996948178656 60.000305185232094 
96.99996948178656 60.000305185232094 
96.99996948178656 60.000305185232094 
96.99996948178656 60.000305185232094 
96.00000000029299 67.00003051866284 
96.00000000029299 67.00003051866284 
96.00000000029299 67.00003051866284 
96.00000000029299 67.00003051866284 
96.00000000029299 69.00035096301691 
96.00000000029299 69.00035096301691 
96.00000000029299 69.00035096301691 
96.00000000029299 70.00004577792444 
96.00000000029299 70.00004577792444 
96.00000000029299 70.00004577792444 
96.00000000029299 70.00004577792444 
96.00000000029299 70.00004577792444 
96.00000000029299 72.00036622227852 
96.00000000029299 72.00036622227852 
96.00000000029299 76.00007629644765 
96.00000000029299 76.00007629644765 
96.00000000029299 77.00070192589419 
96.99996948178656 79.00009155570925 
96.99996948178656 83.00073244441741 
96.99996948178656 84.00042725932494 
96.99996948178656 86.00074770367901 
96.99996948178656 87.00044251858654 
96.99996948178656 86.00074770367901 
96.99996948178656 86.00074770367901 
96.99996948178656 85.00012207423246 
96.99996948178656 83.00073244441741 
96.99996948178656 81.00041200006333 
96.99996948178656 79.00009155570925 
96.99996948178656 77.00070192589419 
96.99996948178656 75.00038148154012 
96.99996948178656 74.00068666663259 
96.99996948178656 73.00006103718604 
96.99996948178656 71.00067140737099 
96.99996948178656 71.00067140737099 
96.99996948178656 70.00004577792444 
96.99996948178656 69.00035096301691 
96.99996948178656 69.00035096301691 
96.99996948178656 69.00035096301691 
96.99996948178656 68.00065614810939 
96.99996948178656 68.00065614810939 
96.00000000029299 68.00065614810939 
96.00000000029299 68.00065614810939 
96.00000000029299 68.00065614810939 
96.00000000029299 68.00065614810939 
96.00000000029299 68.00065614810939 
96.00000000029299 68.00065614810939 
96.00000000029299 67.00003051866284 
96.00000000029299 68.00065614810939 
96.00000000029299 68.00065614810939 
96.00000000029299 67.00003051866284 
96.99996948178656 67.00003051866284 
96.99996948178656 67.00003051866284 
96.99996948178656 67.00003051866284 
96.99996948178656 68.00065614810939 
96.99996948178656 68.00065614810939 
96.99996948178656 68.00065614810939 
96.99996948178656 68.00065614810939 
96.99996948178656 68.00065614810939 
96.99996948178656 67.00003051866284 
96.99996948178656 67.00003051866284 
96.99996948178656 67.00003051866284 
96.99996948178656 66.00033570375531 
96.99996948178656 66.00033570375531 
96.99996948178656 67.00003051866284 
96.99996948178656 67.00003051866284 
96.99996948178656 67.00003051866284 
96.99996948178656 67.00003051866284 
96.99996948178656 67.00003051866284 
96.99996948178656 66.00033570375531 
96.99996948178656 66.00033570375531 
96.99996948178656 67.00003051866284 
96.99996948178656 66.00033570375531 
96.99996948178656 66.00033570375531 
96.99996948178656 66.00033570375531 
96.99996948178656 65.00064088884778 
96.00000000029299 65.00064088884778 
96.00000000029299 65.00064088884778 
96.00000000029299 64.00001525940122 
96.00000000029299 64.00001525940122 
96.00000000029299 64.00001525940122 
96.99996948178656 63.0003204444937 
96.99996948178656 63.0003204444937 
96.99996948178656 63.0003204444937 
96.99996948178656 63.0003204444937 
96.99996948178656 64.00001525940122 
96.99996948178656 64.00001525940122 
96.99996948178656 64.00001525940122 
96.99996948178656 64.00001525940122 
96.99996948178656 64.00001525940122 
96.99996948178656 64.00001525940122 
96.99996948178656 63.0003204444937 
96.99996948178656 63.0003204444937 
96.99996948178656 63.0003204444937 
96.99996948178656 63.0003204444937 
96.99996948178656 63.0003204444937 
96.99996948178656 63.0003204444937 
96.99996948178656 63.0003204444937 
96.99996948178656 63.0003204444937 
96.99996948178656 63.0003204444937 
96.99996948178656 63.0003204444937 
96.99996948178656 63.0003204444937 
96.99996948178656 62.000625629586175 
96.99996948178656 62.000625629586175 
96.99996948178656 62.000625629586175 
96.99996948178656 62.000625629586175 
96.99996948178656 62.000625629586175 
96.99996948178656 63.0003204444937 
96.99996948178656 63.0003204444937 
96.99996948178656 63.0003204444937 
96.99996948178656 63.0003204444937 
96.99996948178656 63.0003204444937 
96.99996948178656 63.0003204444937 
96.99996948178656 64.00001525940122 
96.99996948178656 63.0003204444937 
96.99996948178656 64.00001525940122 
96.00000000029299 64.00001525940122 
96.00000000029299 64.00001525940122 
96.00000000029299 64.00001525940122 
96.00000000029299 64.00001525940122 
96.00000000029299 64.00001525940122 
96.00000000029299 63.0003204444937 
96.00000000029299 63.0003204444937 
96.00000000029299 63.0003204444937 
96.00000000029299 63.0003204444937 
96.00000000029299 62.000625629586175 
96.00000000029299 62.000625629586175 
96.00000000029299 62.000625629586175 
96.00000000029299 62.000625629586175 
96.00000000029299 61.00000000013962 
96.00000000029299 61.00000000013962 
96.00000000029299 61.00000000013962 
96.00000000029299 61.00000000013962 
96.00000000029299 61.00000000013962 
96.00000000029299 61.00000000013962 
96.00000000029299 61.00000000013962 
96.00000000029299 62.000625629586175 
96.00000000029299 62.000625629586175 
96.00000000029299 62.000625629586175 
96.00000000029299 62.000625629586175 
96.00000000029299 63.0003204444937 
96.00000000029299 63.0003204444937 
96.00000000029299 63.0003204444937 
96.00000000029299 63.0003204444937 
96.00000000029299 62.000625629586175 
96.00000000029299 62.000625629586175 
96.00000000029299 62.000625629586175 
96.00000000029299 62.000625629586175 
96.00000000029299 62.000625629586175 
96.00000000029299 63.0003204444937 
96.00000000029299 63.0003204444937 
96.00000000029299 63.0003204444937 
96.00000000029299 65.00064088884778 
96.00000000029299 65.00064088884778 
96.00000000029299 65.00064088884778 
96.00000000029299 65.00064088884778 
96.00000000029299 65.00064088884778 
96.00000000029299 65.00064088884778 
96.00000000029299 65.00064088884778 
96.00000000029299 65.00064088884778 
96.00000000029299 65.00064088884778 
96.00000000029299 64.00001525940122 
96.99996948178656 64.00001525940122 
96.99996948178656 64.00001525940122 
96.99996948178656 64.00001525940122 
96.99996948178656 64.00001525940122 
96.99996948178656 65.00064088884778 
96.99996948178656 65.00064088884778 
96.99996948178656 66.00033570375531 
96.99996948178656 66.00033570375531 
96.99996948178656 65.00064088884778 
96.99996948178656 65.00064088884778 
96.99996948178656 65.00064088884778 
96.99996948178656 65.00064088884778 
96.99996948178656 65.00064088884778 
96.99996948178656 65.00064088884778 
96.99996948178656 65.00064088884778 
96.99996948178656 66.00033570375531 
96.99996948178656 66.00033570375531 
96.99996948178656 66.00033570375531 
96.99996948178656 66.00033570375531 
96.99996948178656 66.00033570375531 
96.99996948178656 66.00033570375531 
96.99996948178656 66.00033570375531 
96.99996948178656 66.00033570375531 
96.99996948178656 66.00033570375531 
96.99996948178656 66.00033570375531 
96.99996948178656 66.00033570375531 
96.99996948178656 66.00033570375531 
96.99996948178656 66.00033570375531 
96.99996948178656 66.00033570375531 
96.99996948178656 66.00033570375531 
96.99996948178656 66.00033570375531 
96.99996948178656 66.00033570375531 
96.99996948178656 66.00033570375531 
96.99996948178656 66.00033570375531 
96.99996948178656 66.00033570375531 
96.99996948178656 65.00064088884778 
96.99996948178656 65.00064088884778 
96.99996948178656 65.00064088884778 
96.99996948178656 64.00001525940122 
96.99996948178656 64.00001525940122 
96.99996948178656 64.00001525940122 
96.99996948178656 64.00001525940122 
96.99996948178656 64.00001525940122 
96.99996948178656 64.00001525940122 
96.99996948178656 65.00064088884778 
96.99996948178656 65.00064088884778 
96.99996948178656 65.00064088884778 
96.99996948178656 65.00064088884778 
96.99996948178656 65.00064088884778 
96.99996948178656 65.00064088884778 
96.99996948178656 65.00064088884778 
96.99996948178656 65.00064088884778 
96.99996948178656 64.00001525940122 
96.99996948178656 64.00001525940122 
96.99996948178656 64.00001525940122 
96.99996948178656 64.00001525940122 
96.99996948178656 66.00033570375531 
96.99996948178656 66.00033570375531 
96.99996948178656 67.00003051866284 
96.99996948178656 66.00033570375531 
96.99996948178656 66.00033570375531 
96.99996948178656 65.00064088884778 
96.99996948178656 64.00001525940122 
96.99996948178656 63.0003204444937 
96.99996948178656 63.0003204444937 
96.99996948178656 62.000625629586175 
96.99996948178656 61.00000000013962 
96.99996948178656 63.0003204444937 
96.99996948178656 63.0003204444937 
96.99996948178656 63.0003204444937 
96.00000000029299 65.00064088884778 
96.00000000029299 65.00064088884778 
96.00000000029299 66.00033570375531 
96.00000000029299 66.00033570375531 
96.00000000029299 66.00033570375531 
96.00000000029299 66.00033570375531 
96.00000000029299 66.00033570375531 
96.00000000029299 66.00033570375531 
96.00000000029299 65.00064088884778 
96.00000000029299 65.00064088884778 
96.99996948178656 65.00064088884778 
96.99996948178656 65.00064088884778 
96.99996948178656 65.00064088884778 
96.99996948178656 65.00064088884778 
96.99996948178656 65.00064088884778 
96.99996948178656 64.00001525940122 
96.99996948178656 64.00001525940122 
96.99996948178656 64.00001525940122 
96.99996948178656 64.00001525940122 
96.99996948178656 64.00001525940122 
97.99993896328014 63.0003204444937 
97.99993896328014 63.0003204444937 
97.99993896328014 63.0003204444937 
97.99993896328014 63.0003204444937 
97.99993896328014 63.0003204444937 
97.99993896328014 64.00001525940122 
97.99993896328014 65.00064088884778 
97.99993896328014 65.00064088884778 
97.99993896328014 65.00064088884778 
97.99993896328014 66.00033570375531 
96.99996948178656 66.00033570375531 
96.99996948178656 67.00003051866284 
96.99996948178656 67.00003051866284 
96.99996948178656 67.00003051866284 
96.99996948178656 67.00003051866284 
96.99996948178656 67.00003051866284 
96.99996948178656 67.00003051866284 
96.99996948178656 66.00033570375531 
96.99996948178656 65.00064088884778 
96.99996948178656 65.00064088884778 
96.99996948178656 64.00001525940122 
96.99996948178656 64.00001525940122 
96.99996948178656 64.00001525940122 
96.99996948178656 65.00064088884778 
96.99996948178656 66.00033570375531 
96.99996948178656 67.00003051866284 
96.99996948178656 67.00003051866284 
96.99996948178656 67.00003051866284 
96.99996948178656 66.00033570375531 
96.99996948178656 66.00033570375531 
96.99996948178656 65.00064088884778 
97.99993896328014 65.00064088884778 
97.99993896328014 65.00064088884778 
97.99993896328014 65.00064088884778 
97.99993896328014 65.00064088884778 
97.99993896328014 64.00001525940122 
97.99993896328014 64.00001525940122 
97.99993896328014 66.00033570375531 
97.99993896328014 66.00033570375531 
97.99993896328014 67.00003051866284 
97.99993896328014 68.00065614810939 
97.99993896328014 68.00065614810939 
97.99993896328014 68.00065614810939 
97.99993896328014 67.00003051866284 
97.99993896328014 66.00033570375531 
97.99993896328014 66.00033570375531 
97.99993896328014 66.00033570375531 
97.99993896328014 65.00064088884778 
97.99993896328014 65.00064088884778 
97.99993896328014 65.00064088884778 
97.99993896328014 66.00033570375531 
96.99996948178656 66.00033570375531 
96.99996948178656 67.00003051866284 
96.99996948178656 67.00003051866284 
96.99996948178656 67.00003051866284 
96.99996948178656 67.00003051866284 
96.99996948178656 67.00003051866284 
96.99996948178656 67.00003051866284 
96.99996948178656 67.00003051866284 
96.99996948178656 66.00033570375531 
96.99996948178656 66.00033570375531 
96.99996948178656 65.00064088884778 
96.99996948178656 65.00064088884778 
96.99996948178656 64.00001525940122 
96.99996948178656 64.00001525940122 
96.99996948178656 64.00001525940122 
96.99996948178656 64.00001525940122 
96.99996948178656 64.00001525940122 
96.99996948178656 64.00001525940122 
96.99996948178656 65.00064088884778 
96.99996948178656 64.00001525940122 
96.99996948178656 65.00064088884778 
96.99996948178656 65.00064088884778 
96.99996948178656 65.00064088884778 
96.99996948178656 66.00033570375531 
96.99996948178656 66.00033570375531 
96.99996948178656 66.00033570375531 
96.99996948178656 66.00033570375531 
96.99996948178656 66.00033570375531 
96.99996948178656 67.00003051866284 
96.99996948178656 66.00033570375531 
96.99996948178656 66.00033570375531 
96.99996948178656 67.00003051866284 
96.99996948178656 66.00033570375531 
96.99996948178656 67.00003051866284 
96.99996948178656 67.00003051866284 
96.99996948178656 67.00003051866284 
96.99996948178656 67.00003051866284 
96.99996948178656 67.00003051866284 
96.99996948178656 67.00003051866284 
96.99996948178656 67.00003051866284 
96.99996948178656 67.00003051866284 
96.99996948178656 66.00033570375531 
96.99996948178656 66.00033570375531 
96.99996948178656 66.00033570375531 
96.99996948178656 65.00064088884778 
96.99996948178656 65.00064088884778 
96.99996948178656 65.00064088884778 
96.99996948178656 65.00064088884778 
96.99996948178656 65.00064088884778 
96.99996948178656 65.00064088884778 
96.99996948178656 65.00064088884778 
96.99996948178656 65.00064088884778 
96.99996948178656 65.00064088884778 
96.99996948178656 64.00001525940122 
96.99996948178656 64.00001525940122 
96.99996948178656 64.00001525940122 
96.99996948178656 64.00001525940122 
96.99996948178656 64.00001525940122 
96.99996948178656 64.00001525940122 
96.99996948178656 65.00064088884778 
96.99996948178656 65.00064088884778 
96.99996948178656 65.00064088884778 
96.99996948178656 64.00001525940122 
96.99996948178656 65.00064088884778 
96.99996948178656 65.00064088884778 
96.99996948178656 66.00033570375531 
96.99996948178656 69.00035096301691 
96.99996948178656 70.00004577792444 
96.99996948178656 70.00004577792444 
96.99996948178656 69.00035096301691 
96.99996948178656 68.00065614810939 
96.99996948178656 68.00065614810939 
96.99996948178656 68.00065614810939 
96.99996948178656 68.00065614810939 
96.99996948178656 68.00065614810939 
96.99996948178656 67.00003051866284 
96.99996948178656 67.00003051866284 
96.99996948178656 67.00003051866284 
97.99993896328014 66.00033570375531 
96.99996948178656 66.00033570375531 
96.99996948178656 66.00033570375531 
96.99996948178656 66.00033570375531 
96.99996948178656 67.00003051866284 
96.99996948178656 67.00003051866284 
96.99996948178656 67.00003051866284 
96.99996948178656 67.00003051866284 
96.99996948178656 67.00003051866284 
96.99996948178656 67.00003051866284 
96.99996948178656 67.00003051866284 
96.99996948178656 67.00003051866284 
96.99996948178656 67.00003051866284 
96.99996948178656 66.00033570375531 
96.99996948178656 66.00033570375531 
96.99996948178656 66.00033570375531 
96.99996948178656 69.00035096301691 
96.99996948178656 74.00068666663259 
96.99996948178656 74.00068666663259 
96.99996948178656 76.00007629644765 
96.99996948178656 76.00007629644765 
96.99996948178656 76.00007629644765 
96.99996948178656 76.00007629644765 
96.99996948178656 76.00007629644765 
96.99996948178656 76.00007629644765 
96.99996948178656 76.00007629644765 
96.99996948178656 76.00007629644765 
96.99996948178656 77.00070192589419 
96.99996948178656 77.00070192589419 
96.99996948178656 77.00070192589419 
96.99996948178656 76.00007629644765 
96.99996948178656 75.00038148154012 
96.00000000029299 74.00068666663259 
96.00000000029299 73.00006103718604 
96.99996948178656 73.00006103718604 
97.99993896328014 73.00006103718604 
97.99993896328014 73.00006103718604 
97.99993896328014 73.00006103718604 
97.99993896328014 73.00006103718604 
97.99993896328014 73.00006103718604 
97.99993896328014 73.00006103718604 
97.99993896328014 73.00006103718604 
97.99993896328014 72.00036622227852 
97.99993896328014 71.00067140737099 
97.99993896328014 69.00035096301691 
97.99993896328014 68.00065614810939 
97.99993896328014 68.00065614810939 
97.99993896328014 67.00003051866284 
97.99993896328014 67.00003051866284 
97.99993896328014 67.00003051866284 
97.99993896328014 66.00033570375531 
97.99993896328014 66.00033570375531 
97.99993896328014 65.00064088884778 
97.99993896328014 65.00064088884778 
97.99993896328014 65.00064088884778 
97.99993896328014 65.00064088884778 
97.99993896328014 65.00064088884778 
97.99993896328014 65.00064088884778 
97.99993896328014 65.00064088884778 
97.99993896328014 65.00064088884778 
97.99993896328014 65.00064088884778 
97.99993896328014 64.00001525940122 
97.99993896328014 64.00001525940122 
97.99993896328014 63.0003204444937 
97.99993896328014 63.0003204444937 
97.99993896328014 63.0003204444937 
96.99996948178656 63.0003204444937 
96.99996948178656 63.0003204444937 
96.99996948178656 63.0003204444937 
96.99996948178656 64.00001525940122 
96.99996948178656 63.0003204444937 
96.99996948178656 63.0003204444937 
96.00000000029299 62.000625629586175 
96.00000000029299 62.000625629586175 
96.00000000029299 61.00000000013962 
96.00000000029299 61.00000000013962 
96.00000000029299 61.00000000013962 
96.00000000029299 61.00000000013962 
96.00000000029299 63.0003204444937 
96.00000000029299 64.00001525940122 
96.99996948178656 64.00001525940122 
96.99996948178656 65.00064088884778 
96.00000000029299 65.00064088884778 
96.00000000029299 65.00064088884778 
96.00000000029299 66.00033570375531 
96.00000000029299 66.00033570375531 
96.00000000029299 68.00065614810939 
96.00000000029299 68.00065614810939 
94.99993896327098 69.00035096301691 
94.99993896327098 67.00003051866284 
94.99993896327098 65.00064088884778 
94.99993896327098 62.000625629586175 
94.99993896327098 61.00000000013962 
96.00000000029299 59.000610370324566 
96.00000000029299 59.000610370324566 
96.00000000029299 58.00091555541704 
96.00000000029299 58.00091555541704 
96.00000000029299 58.00091555541704 
96.00000000029299 60.000305185232094 
96.99996948178656 62.000625629586175 
96.99996948178656 63.0003204444937 
96.99996948178656 64.00001525940122 
96.99996948178656 64.00001525940122 
97.99993896328014 65.00064088884778 
97.99993896328014 64.00001525940122 
96.99996948178656 64.00001525940122 
96.99996948178656 64.00001525940122 
96.99996948178656 64.00001525940122 
96.99996948178656 63.0003204444937 
96.99996948178656 63.0003204444937 
96.99996948178656 63.0003204444937 
96.00000000029299 64.00001525940122 
96.00000000029299 64.00001525940122 
96.99996948178656 64.00001525940122 
96.00000000029299 64.00001525940122 
96.99996948178656 65.00064088884778 
96.00000000029299 65.00064088884778 
96.99996948178656 66.00033570375531 
96.99996948178656 66.00033570375531 
96.99996948178656 66.00033570375531 
96.99996948178656 66.00033570375531 
96.99996948178656 65.00064088884778 
96.99996948178656 65.00064088884778 
96.99996948178656 65.00064088884778 
96.99996948178656 64.00001525940122 
96.99996948178656 64.00001525940122 
96.99996948178656 64.00001525940122 
96.99996948178656 64.00001525940122 
96.00000000029299 64.00001525940122 
96.00000000029299 64.00001525940122 
96.00000000029299 63.0003204444937 
96.00000000029299 63.0003204444937 
96.00000000029299 62.000625629586175 
96.00000000029299 62.000625629586175 
96.00000000029299 62.000625629586175 
96.00000000029299 61.00000000013962 
96.00000000029299 61.00000000013962 
96.00000000029299 61.00000000013962 
96.00000000029299 61.00000000013962 
96.99996948178656 60.000305185232094 
96.99996948178656 61.00000000013962 
96.99996948178656 61.00000000013962 
96.99996948178656 61.00000000013962 
96.99996948178656 62.000625629586175 
96.99996948178656 62.000625629586175 
96.99996948178656 62.000625629586175 
96.99996948178656 62.000625629586175 
96.99996948178656 62.000625629586175 
96.99996948178656 62.000625629586175 
96.99996948178656 62.000625629586175 
96.99996948178656 62.000625629586175 
96.00000000029299 62.000625629586175 
96.00000000029299 61.00000000013962 
96.00000000029299 61.00000000013962 
96.00000000029299 62.000625629586175 
96.99996948178656 62.000625629586175 
96.99996948178656 62.000625629586175 
96.99996948178656 61.00000000013962 
96.99996948178656 62.000625629586175 
96.99996948178656 62.000625629586175 
96.99996948178656 61.00000000013962 
96.99996948178656 61.00000000013962 
96.99996948178656 61.00000000013962 
96.99996948178656 61.00000000013962 
96.99996948178656 61.00000000013962 
96.99996948178656 60.000305185232094 
96.99996948178656 61.00000000013962 
96.99996948178656 61.00000000013962 
96.99996948178656 61.00000000013962 
96.99996948178656 61.00000000013962 
96.99996948178656 61.00000000013962 
96.99996948178656 61.00000000013962 
96.99996948178656 61.00000000013962 
96.99996948178656 61.00000000013962 
96.99996948178656 61.00000000013962 
96.99996948178656 62.000625629586175 
96.99996948178656 61.00000000013962 
96.99996948178656 61.00000000013962 
96.99996948178656 61.00000000013962 
96.99996948178656 61.00000000013962 
96.99996948178656 61.00000000013962 
96.99996948178656 61.00000000013962 
96.99996948178656 61.00000000013962 
96.99996948178656 61.00000000013962 
96.99996948178656 61.00000000013962 
96.99996948178656 61.00000000013962 
96.99996948178656 61.00000000013962 
96.99996948178656 60.000305185232094 
96.99996948178656 60.000305185232094 
96.99996948178656 60.000305185232094 
96.99996948178656 60.000305185232094 
96.99996948178656 60.000305185232094 
96.99996948178656 61.00000000013962 
96.99996948178656 61.00000000013962 
96.99996948178656 61.00000000013962 
96.99996948178656 61.00000000013962 
96.99996948178656 60.000305185232094 
96.99996948178656 60.000305185232094 
96.99996948178656 61.00000000013962 
96.99996948178656 60.000305185232094 
96.99996948178656 60.000305185232094 
96.99996948178656 60.000305185232094 
96.99996948178656 61.00000000013962 
96.99996948178656 60.000305185232094 
96.99996948178656 60.000305185232094 
96.99996948178656 60.000305185232094 
96.99996948178656 61.00000000013962 
96.99996948178656 61.00000000013962 
96.99996948178656 60.000305185232094 
96.99996948178656 60.000305185232094 
96.99996948178656 61.00000000013962 
96.99996948178656 61.00000000013962 
96.99996948178656 61.00000000013962 
96.99996948178656 61.00000000013962 
96.99996948178656 61.00000000013962 
96.99996948178656 61.00000000013962 
96.99996948178656 61.00000000013962 
96.99996948178656 61.00000000013962 
96.99996948178656 61.00000000013962 
96.99996948178656 61.00000000013962 
96.99996948178656 61.00000000013962 
96.99996948178656 61.00000000013962 
96.99996948178656 62.000625629586175 
96.99996948178656 61.00000000013962 
96.99996948178656 61.00000000013962 
96.99996948178656 61.00000000013962 
96.99996948178656 61.00000000013962 
96.99996948178656 60.000305185232094 
96.99996948178656 61.00000000013962 
96.99996948178656 61.00000000013962 
96.99996948178656 61.00000000013962 
96.99996948178656 61.00000000013962 
96.99996948178656 61.00000000013962 
96.99996948178656 61.00000000013962 
96.99996948178656 61.00000000013962 
96.99996948178656 61.00000000013962 
96.99996948178656 61.00000000013962 
96.99996948178656 61.00000000013962 
96.99996948178656 61.00000000013962 
96.99996948178656 60.000305185232094 
96.99996948178656 61.00000000013962 
96.99996948178656 61.00000000013962 
96.99996948178656 61.00000000013962 
96.99996948178656 61.00000000013962 
96.99996948178656 61.00000000013962 
96.99996948178656 61.00000000013962 
96.99996948178656 61.00000000013962 
96.99996948178656 62.000625629586175 
96.99996948178656 62.000625629586175 
96.99996948178656 62.000625629586175 
96.99996948178656 62.000625629586175 
96.99996948178656 62.000625629586175 
96.99996948178656 62.000625629586175 
96.99996948178656 62.000625629586175 
96.99996948178656 61.00000000013962 
96.99996948178656 61.00000000013962 
96.99996948178656 61.00000000013962 
96.99996948178656 61.00000000013962 
96.99996948178656 61.00000000013962 
96.99996948178656 61.00000000013962 
96.99996948178656 62.000625629586175 
96.99996948178656 61.00000000013962 
96.99996948178656 61.00000000013962 
96.99996948178656 61.00000000013962 
96.99996948178656 61.00000000013962 
96.99996948178656 61.00000000013962 
96.99996948178656 61.00000000013962 
96.99996948178656 61.00000000013962 
96.99996948178656 61.00000000013962 
96.99996948178656 61.00000000013962 
96.99996948178656 61.00000000013962 
96.99996948178656 61.00000000013962 
96.99996948178656 60.000305185232094 
96.99996948178656 61.00000000013962 
96.99996948178656 60.000305185232094 
96.99996948178656 60.000305185232094 
96.99996948178656 60.000305185232094 
96.99996948178656 60.000305185232094 
96.99996948178656 59.000610370324566 
96.99996948178656 59.000610370324566 
96.99996948178656 59.000610370324566 
96.99996948178656 59.000610370324566 
96.99996948178656 59.000610370324566 
96.99996948178656 59.000610370324566 
96.99996948178656 60.000305185232094 
96.99996948178656 60.000305185232094 
96.99996948178656 60.000305185232094 
96.99996948178656 60.000305185232094 
96.99996948178656 60.000305185232094 
96.99996948178656 60.000305185232094 
96.99996948178656 60.000305185232094 
96.99996948178656 61.00000000013962 
96.99996948178656 61.00000000013962 
96.99996948178656 61.00000000013962 
96.99996948178656 61.00000000013962 
96.99996948178656 61.00000000013962 
96.99996948178656 62.000625629586175 
96.99996948178656 62.000625629586175 
96.99996948178656 62.000625629586175 
96.99996948178656 62.000625629586175 
96.99996948178656 62.000625629586175 
96.99996948178656 62.000625629586175 
96.99996948178656 63.0003204444937 
96.99996948178656 63.0003204444937 
96.99996948178656 63.0003204444937 
96.99996948178656 62.000625629586175 
96.99996948178656 62.000625629586175 
96.99996948178656 61.00000000013962 
96.99996948178656 61.00000000013962 
96.99996948178656 60.000305185232094 
96.99996948178656 60.000305185232094 
96.99996948178656 60.000305185232094 
96.99996948178656 61.00000000013962 
96.99996948178656 62.000625629586175 
96.99996948178656 62.000625629586175 
96.99996948178656 62.000625629586175 
96.99996948178656 61.00000000013962 
96.00000000029299 64.00001525940122 
96.00000000029299 68.00065614810939 
96.99996948178656 68.00065614810939 
96.99996948178656 69.00035096301691 
96.99996948178656 69.00035096301691 
96.99996948178656 69.00035096301691 
96.99996948178656 72.00036622227852 
97.99993896328014 73.00006103718604 
97.99993896328014 73.00006103718604 
97.99993896328014 74.00068666663259 
97.99993896328014 75.00038148154012 
97.99993896328014 75.00038148154012 
97.99993896328014 75.00038148154012 
97.99993896328014 75.00038148154012 
97.99993896328014 74.00068666663259 
97.99993896328014 74.00068666663259 
97.99993896328014 74.00068666663259 
97.99993896328014 74.00068666663259 
97.99993896328014 74.00068666663259 
97.99993896328014 74.00068666663259 
97.99993896328014 74.00068666663259 
97.99993896328014 74.00068666663259 
97.99993896328014 74.00068666663259 
97.99993896328014 74.00068666663259 
97.99993896328014 74.00068666663259 
97.99993896328014 74.00068666663259 
97.99993896328014 74.00068666663259 
97.99993896328014 74.00068666663259 
97.99993896328014 74.00068666663259 
97.99993896328014 74.00068666663259 
97.99993896328014 74.00068666663259 
97.99993896328014 77.00070192589419 
97.99993896328014 77.00070192589419 
97.99993896328014 77.00070192589419 
97.99993896328014 77.00070192589419 
97.99993896328014 79.00009155570925 
97.99993896328014 79.00009155570925 
97.99993896328014 81.00041200006333 
97.99993896328014 80.0007171851558 
96.99996948178656 80.0007171851558 
96.99996948178656 78.00039674080172 
96.99996948178656 77.00070192589419 
96.99996948178656 75.00038148154012 
97.99993896328014 73.00006103718604 
97.99993896328014 72.00036622227852 
97.99993896328014 71.00067140737099 
97.99993896328014 69.00035096301691 
97.99993896328014 69.00035096301691 
97.99993896328014 68.00065614810939 
97.99993896328014 67.00003051866284 
97.99993896328014 66.00033570375531 
97.99993896328014 66.00033570375531 
97.99993896328014 65.00064088884778 
97.99993896328014 65.00064088884778 
97.99993896328014 65.00064088884778 
97.99993896328014 65.00064088884778 
97.99993896328014 65.00064088884778 
96.99996948178656 65.00064088884778 
96.99996948178656 64.00001525940122 
96.99996948178656 64.00001525940122 
96.99996948178656 64.00001525940122 
96.99996948178656 64.00001525940122 
96.99996948178656 64.00001525940122 
96.99996948178656 64.00001525940122 
96.99996948178656 64.00001525940122 
96.99996948178656 64.00001525940122 
96.99996948178656 64.00001525940122 
96.99996948178656 64.00001525940122 
96.99996948178656 64.00001525940122 
96.99996948178656 64.00001525940122 
97.99993896328014 64.00001525940122 
96.99996948178656 64.00001525940122 
96.99996948178656 64.00001525940122 
96.99996948178656 64.00001525940122 
96.99996948178656 63.0003204444937 
97.99993896328014 63.0003204444937 
97.99993896328014 63.0003204444937 
97.99993896328014 63.0003204444937 
97.99993896328014 63.0003204444937 
97.99993896328014 63.0003204444937 
97.99993896328014 63.0003204444937 
97.99993896328014 63.0003204444937 
97.99993896328014 63.0003204444937 
97.99993896328014 63.0003204444937 
97.99993896328014 63.0003204444937 
97.99993896328014 63.0003204444937 
97.99993896328014 63.0003204444937 
97.99993896328014 64.00001525940122 
97.99993896328014 64.00001525940122 
97.99993896328014 66.00033570375531 
97.99993896328014 66.00033570375531 
97.99993896328014 65.00064088884778 
97.99993896328014 65.00064088884778 
97.99993896328014 64.00001525940122 
97.99993896328014 63.0003204444937 
97.99993896328014 63.0003204444937 
97.99993896328014 62.000625629586175 
97.99993896328014 62.000625629586175 
97.99993896328014 61.00000000013962 
97.99993896328014 61.00000000013962 
97.99993896328014 61.00000000013962 
97.99993896328014 61.00000000013962 
97.99993896328014 61.00000000013962 
97.99993896328014 61.00000000013962 
97.99993896328014 61.00000000013962 
97.99993896328014 61.00000000013962 
97.99993896328014 61.00000000013962 
97.99993896328014 61.00000000013962 
97.99993896328014 61.00000000013962 
97.99993896328014 61.00000000013962 
96.99996948178656 61.00000000013962 
96.99996948178656 61.00000000013962 
96.99996948178656 61.00000000013962 
96.99996948178656 61.00000000013962 
96.99996948178656 61.00000000013962 
96.99996948178656 61.00000000013962 
96.99996948178656 62.000625629586175 
96.99996948178656 62.000625629586175 
96.99996948178656 62.000625629586175 
96.99996948178656 62.000625629586175 
96.99996948178656 62.000625629586175 
96.99996948178656 61.00000000013962 
96.99996948178656 61.00000000013962 
96.99996948178656 61.00000000013962 
96.99996948178656 61.00000000013962 
96.99996948178656 61.00000000013962 
96.99996948178656 60.000305185232094 
96.99996948178656 60.000305185232094 
96.99996948178656 60.000305185232094 
96.99996948178656 60.000305185232094 
96.99996948178656 60.000305185232094 
96.99996948178656 60.000305185232094 
96.99996948178656 60.000305185232094 
96.99996948178656 60.000305185232094 
96.99996948178656 60.000305185232094 
96.99996948178656 60.000305185232094 
96.99996948178656 60.000305185232094 
96.99996948178656 60.000305185232094 
96.99996948178656 60.000305185232094 
96.99996948178656 61.00000000013962 
96.99996948178656 61.00000000013962 
96.99996948178656 61.00000000013962 
96.99996948178656 61.00000000013962 
96.99996948178656 61.00000000013962 
96.99996948178656 61.00000000013962 
96.99996948178656 61.00000000013962 
96.99996948178656 60.000305185232094 
96.99996948178656 60.000305185232094 
96.99996948178656 60.000305185232094 
96.99996948178656 60.000305185232094 
96.99996948178656 60.000305185232094 
96.99996948178656 60.000305185232094 
96.99996948178656 61.00000000013962 
96.99996948178656 61.00000000013962 
96.99996948178656 61.00000000013962 
96.99996948178656 61.00000000013962 
96.99996948178656 62.000625629586175 
96.99996948178656 62.000625629586175 
96.99996948178656 62.000625629586175 
96.99996948178656 62.000625629586175 
96.99996948178656 62.000625629586175 
96.99996948178656 62.000625629586175 
96.99996948178656 62.000625629586175 
96.99996948178656 62.000625629586175 
96.99996948178656 62.000625629586175 
96.99996948178656 62.000625629586175 
96.99996948178656 62.000625629586175 
96.99996948178656 62.000625629586175 
96.99996948178656 62.000625629586175 
96.00000000029299 62.000625629586175 
96.00000000029299 62.000625629586175 
96.00000000029299 62.000625629586175 
96.99996948178656 62.000625629586175 
96.99996948178656 62.000625629586175 
96.99996948178656 62.000625629586175 
96.99996948178656 63.0003204444937 
96.99996948178656 63.0003204444937 
96.99996948178656 62.000625629586175 
96.99996948178656 63.0003204444937 
96.99996948178656 63.0003204444937 
96.99996948178656 63.0003204444937 
96.99996948178656 63.0003204444937 
96.99996948178656 64.00001525940122 
97.99993896328014 64.00001525940122 
96.99996948178656 64.00001525940122 
96.99996948178656 65.00064088884778 
96.99996948178656 64.00001525940122 
96.99996948178656 64.00001525940122 
96.99996948178656 64.00001525940122 
97.99993896328014 63.0003204444937 
97.99993896328014 62.000625629586175 
97.99993896328014 63.0003204444937 
97.99993896328014 62.000625629586175 
97.99993896328014 61.00000000013962 
97.99993896328014 61.00000000013962 
97.99993896328014 61.00000000013962 
97.99993896328014 61.00000000013962 
97.99993896328014 61.00000000013962 
97.99993896328014 61.00000000013962 
97.99993896328014 61.00000000013962 
97.99993896328014 61.00000000013962 
97.99993896328014 62.000625629586175 
97.99993896328014 62.000625629586175 
97.99993896328014 62.000625629586175 
97.99993896328014 62.000625629586175 
97.99993896328014 62.000625629586175 
97.99993896328014 62.000625629586175 
97.99993896328014 62.000625629586175 
97.99993896328014 62.000625629586175 
97.99993896328014 62.000625629586175 
97.99993896328014 62.000625629586175 
97.99993896328014 62.000625629586175 
97.99993896328014 62.000625629586175 
97.99993896328014 62.000625629586175 
97.99993896328014 62.000625629586175 
97.99993896328014 63.0003204444937 
97.99993896328014 64.00001525940122 
97.99993896328014 64.00001525940122 
97.99993896328014 64.00001525940122 
97.99993896328014 64.00001525940122 
97.99993896328014 65.00064088884778 
97.99993896328014 65.00064088884778 
97.99993896328014 65.00064088884778 
97.99993896328014 66.00033570375531 
97.99993896328014 66.00033570375531 
97.99993896328014 66.00033570375531 
97.99993896328014 65.00064088884778 
97.99993896328014 65.00064088884778 
97.99993896328014 65.00064088884778 
97.99993896328014 64.00001525940122 
97.99993896328014 64.00001525940122 
97.99993896328014 63.0003204444937 
97.99993896328014 63.0003204444937 
97.99993896328014 62.000625629586175 
97.99993896328014 62.000625629586175 
97.99993896328014 61.00000000013962 
97.99993896328014 61.00000000013962 
97.99993896328014 62.000625629586175 
97.99993896328014 62.000625629586175 
97.99993896328014 61.00000000013962 
97.99993896328014 61.00000000013962 
97.99993896328014 62.000625629586175 
97.99993896328014 62.000625629586175 
97.99993896328014 61.00000000013962 
97.99993896328014 62.000625629586175 
97.99993896328014 61.00000000013962 
97.99993896328014 61.00000000013962 
97.99993896328014 61.00000000013962 
97.99993896328014 61.00000000013962 
97.99993896328014 61.00000000013962 
97.99993896328014 61.00000000013962 
97.99993896328014 61.00000000013962 
97.99993896328014 61.00000000013962 
96.99996948178656 62.000625629586175 
96.99996948178656 62.000625629586175 
96.99996948178656 62.000625629586175 
96.99996948178656 62.000625629586175 
96.99996948178656 62.000625629586175 
97.99993896328014 62.000625629586175 
97.99993896328014 62.000625629586175 
97.99993896328014 62.000625629586175 
97.99993896328014 62.000625629586175 
97.99993896328014 62.000625629586175 
97.99993896328014 62.000625629586175 
96.99996948178656 62.000625629586175 
96.99996948178656 62.000625629586175 
96.99996948178656 62.000625629586175 
96.99996948178656 62.000625629586175 
96.99996948178656 63.0003204444937 
96.99996948178656 63.0003204444937 
96.99996948178656 64.00001525940122 
96.99996948178656 64.00001525940122 
96.99996948178656 64.00001525940122 
96.99996948178656 64.00001525940122 
96.99996948178656 65.00064088884778 
96.99996948178656 65.00064088884778 
96.99996948178656 65.00064088884778 
96.99996948178656 65.00064088884778 
96.99996948178656 65.00064088884778 
96.99996948178656 65.00064088884778 
96.99996948178656 65.00064088884778 
96.99996948178656 64.00001525940122 
96.99996948178656 64.00001525940122 
96.99996948178656 64.00001525940122 
96.99996948178656 64.00001525940122 
96.99996948178656 64.00001525940122 
96.99996948178656 64.00001525940122 
97.99993896328014 63.0003204444937 
97.99993896328014 63.0003204444937 
97.99993896328014 64.00001525940122 
97.99993896328014 64.00001525940122 
97.99993896328014 64.00001525940122 
97.99993896328014 64.00001525940122 
97.99993896328014 64.00001525940122 
97.99993896328014 64.00001525940122 
97.99993896328014 64.00001525940122 
97.99993896328014 64.00001525940122 
97.99993896328014 65.00064088884778 
97.99993896328014 65.00064088884778 
97.99993896328014 65.00064088884778 
97.99993896328014 66.00033570375531 
97.99993896328014 66.00033570375531 
97.99993896328014 67.00003051866284 
97.99993896328014 67.00003051866284 
97.99993896328014 67.00003051866284 
97.99993896328014 67.00003051866284 
97.99993896328014 67.00003051866284 
97.99993896328014 67.00003051866284 
97.99993896328014 67.00003051866284 
97.99993896328014 67.00003051866284 
97.99993896328014 66.00033570375531 
97.99993896328014 66.00033570375531 
97.99993896328014 66.00033570375531 
97.99993896328014 66.00033570375531 
97.99993896328014 66.00033570375531 
97.99993896328014 66.00033570375531 
97.99993896328014 66.00033570375531 
97.99993896328014 67.00003051866284 
96.99996948178656 67.00003051866284 
96.99996948178656 67.00003051866284 
96.99996948178656 67.00003051866284 
96.99996948178656 67.00003051866284 
96.99996948178656 67.00003051866284 
96.99996948178656 67.00003051866284 
96.99996948178656 67.00003051866284 
96.99996948178656 67.00003051866284 
96.99996948178656 67.00003051866284 
97.99993896328014 67.00003051866284 
97.99993896328014 67.00003051866284 
97.99993896328014 67.00003051866284 
97.99993896328014 66.00033570375531 
97.99993896328014 67.00003051866284 
97.99993896328014 67.00003051866284 
97.99993896328014 67.00003051866284 
97.99993896328014 67.00003051866284 
97.99993896328014 68.00065614810939 
97.99993896328014 68.00065614810939 
97.99993896328014 68.00065614810939 
97.99993896328014 69.00035096301691 
97.99993896328014 68.00065614810939 
97.99993896328014 68.00065614810939 
97.99993896328014 68.00065614810939 
97.99993896328014 68.00065614810939 
97.99993896328014 68.00065614810939 
97.99993896328014 68.00065614810939 
97.99993896328014 68.00065614810939 
97.99993896328014 68.00065614810939 
97.99993896328014 68.00065614810939 
97.99993896328014 68.00065614810939 
97.99993896328014 68.00065614810939 
97.99993896328014 68.00065614810939 
97.99993896328014 68.00065614810939 
97.99993896328014 67.00003051866284 
97.99993896328014 67.00003051866284 
97.99993896328014 67.00003051866284 
97.99993896328014 67.00003051866284 
97.99993896328014 67.00003051866284 
97.99993896328014 68.00065614810939 
97.99993896328014 68.00065614810939 
97.99993896328014 69.00035096301691 
97.99993896328014 71.00067140737099 
96.99996948178656 71.00067140737099 
96.99996948178656 71.00067140737099 
96.99996948178656 70.00004577792444 
96.99996948178656 70.00004577792444 
96.99996948178656 70.00004577792444 
96.99996948178656 70.00004577792444 
96.99996948178656 71.00067140737099 
96.99996948178656 71.00067140737099 
96.99996948178656 71.00067140737099 
97.99993896328014 71.00067140737099 
97.99993896328014 71.00067140737099 
97.99993896328014 71.00067140737099 
97.99993896328014 71.00067140737099 
97.99993896328014 71.00067140737099 
97.99993896328014 69.00035096301691 
97.99993896328014 68.00065614810939 
97.99993896328014 66.00033570375531 
97.99993896328014 65.00064088884778 
97.99993896328014 64.00001525940122 
97.99993896328014 64.00001525940122 
97.99993896328014 63.0003204444937 
97.99993896328014 63.0003204444937 
97.99993896328014 63.0003204444937 
97.99993896328014 63.0003204444937 
97.99993896328014 63.0003204444937 
97.99993896328014 63.0003204444937 
97.99993896328014 63.0003204444937 
97.99993896328014 63.0003204444937 
96.99996948178656 63.0003204444937 
96.99996948178656 63.0003204444937 
96.99996948178656 62.000625629586175 
96.99996948178656 62.000625629586175 
96.99996948178656 62.000625629586175 
96.99996948178656 61.00000000013962 
96.99996948178656 61.00000000013962 
96.99996948178656 61.00000000013962 
96.99996948178656 61.00000000013962 
96.00000000029299 63.0003204444937 
96.00000000029299 63.0003204444937 
96.00000000029299 64.00001525940122 
96.00000000029299 64.00001525940122 
96.00000000029299 63.0003204444937 
96.00000000029299 62.000625629586175 
96.00000000029299 62.000625629586175 
96.00000000029299 61.00000000013962 
94.99993896327098 60.000305185232094 
94.99993896327098 60.000305185232094 
94.99993896327098 60.000305185232094 
94.99993896327098 60.000305185232094 
96.00000000029299 62.000625629586175 
96.00000000029299 64.00001525940122 
96.00000000029299 66.00033570375531 
96.00000000029299 66.00033570375531 
96.00000000029299 65.00064088884778 
96.00000000029299 64.00001525940122 
96.00000000029299 63.0003204444937 
96.00000000029299 62.000625629586175 
96.00000000029299 61.00000000013962 
96.00000000029299 61.00000000013962 
96.00000000029299 61.00000000013962 
96.00000000029299 61.00000000013962 
96.00000000029299 62.000625629586175 
96.00000000029299 62.000625629586175 
96.99996948178656 62.000625629586175 
96.99996948178656 62.000625629586175 
96.99996948178656 63.0003204444937 
96.99996948178656 63.0003204444937 
96.99996948178656 63.0003204444937 
96.99996948178656 64.00001525940122 
96.99996948178656 64.00001525940122 
96.99996948178656 64.00001525940122 
96.99996948178656 64.00001525940122 
96.99996948178656 64.00001525940122 
96.99996948178656 65.00064088884778 
96.99996948178656 65.00064088884778 
96.99996948178656 65.00064088884778 
96.00000000029299 65.00064088884778 
96.00000000029299 66.00033570375531 
96.00000000029299 66.00033570375531 
96.00000000029299 66.00033570375531 
96.00000000029299 67.00003051866284 
96.00000000029299 67.00003051866284 
96.00000000029299 68.00065614810939 
96.00000000029299 67.00003051866284 
96.00000000029299 67.00003051866284 
96.00000000029299 67.00003051866284 
96.00000000029299 67.00003051866284 
96.00000000029299 67.00003051866284 
96.00000000029299 68.00065614810939 
96.00000000029299 68.00065614810939 
96.00000000029299 68.00065614810939 
96.00000000029299 68.00065614810939 
96.00000000029299 68.00065614810939 
96.00000000029299 68.00065614810939 
96.00000000029299 68.00065614810939 
96.00000000029299 68.00065614810939 
96.99996948178656 67.00003051866284 
96.00000000029299 68.00065614810939 
96.00000000029299 67.00003051866284 
96.00000000029299 67.00003051866284 
96.00000000029299 67.00003051866284 
96.00000000029299 65.00064088884778 
96.00000000029299 64.00001525940122 
96.99996948178656 63.0003204444937 
96.99996948178656 63.0003204444937 
96.99996948178656 63.0003204444937 
96.99996948178656 62.000625629586175 
96.99996948178656 62.000625629586175 
96.99996948178656 63.0003204444937 
96.99996948178656 64.00001525940122 
96.99996948178656 65.00064088884778 
96.99996948178656 66.00033570375531 
96.00000000029299 67.00003051866284 
96.00000000029299 67.00003051866284 
96.00000000029299 67.00003051866284 
96.00000000029299 67.00003051866284 
96.00000000029299 68.00065614810939 
96.00000000029299 68.00065614810939 
94.99993896327098 69.00035096301691 
96.00000000029299 69.00035096301691 
96.00000000029299 69.00035096301691 
96.00000000029299 69.00035096301691 
96.00000000029299 68.00065614810939 
96.00000000029299 68.00065614810939 
96.00000000029299 67.00003051866284 
96.00000000029299 65.00064088884778 
96.00000000029299 65.00064088884778 
96.00000000029299 64.00001525940122 
96.00000000029299 63.0003204444937 
96.00000000029299 63.0003204444937 
96.00000000029299 62.000625629586175 
96.00000000029299 62.000625629586175 
96.00000000029299 61.00000000013962 
96.00000000029299 61.00000000013962 
96.00000000029299 61.00000000013962 
96.00000000029299 61.00000000013962 
96.00000000029299 60.000305185232094 
96.00000000029299 60.000305185232094 
96.00000000029299 60.000305185232094 
96.00000000029299 60.000305185232094 
96.00000000029299 60.000305185232094 
96.00000000029299 59.000610370324566 
96.00000000029299 60.000305185232094 
96.00000000029299 59.000610370324566 
96.00000000029299 59.000610370324566 
96.00000000029299 59.000610370324566 
96.00000000029299 60.000305185232094 
96.00000000029299 60.000305185232094 
96.00000000029299 60.000305185232094 
96.00000000029299 60.000305185232094 
96.00000000029299 60.000305185232094 
96.00000000029299 60.000305185232094 
96.00000000029299 60.000305185232094 
96.99996948178656 60.000305185232094 
96.99996948178656 60.000305185232094 
96.99996948178656 61.00000000013962 
96.99996948178656 60.000305185232094 
96.99996948178656 61.00000000013962 
96.99996948178656 61.00000000013962 
96.99996948178656 61.00000000013962 
96.99996948178656 60.000305185232094 
96.99996948178656 60.000305185232094 
96.99996948178656 59.000610370324566 
96.99996948178656 59.000610370324566 
96.99996948178656 59.000610370324566 
96.99996948178656 59.000610370324566 
96.99996948178656 59.000610370324566 
96.99996948178656 59.000610370324566 
96.99996948178656 60.000305185232094 
96.99996948178656 60.000305185232094 
96.99996948178656 60.000305185232094 
96.99996948178656 60.000305185232094 
96.99996948178656 60.000305185232094 
96.99996948178656 60.000305185232094 
96.99996948178656 60.000305185232094 
96.99996948178656 60.000305185232094 
96.99996948178656 60.000305185232094 
96.99996948178656 60.000305185232094 
96.99996948178656 60.000305185232094 
96.99996948178656 60.000305185232094 
96.99996948178656 60.000305185232094 
96.99996948178656 60.000305185232094 
96.99996948178656 60.000305185232094 
96.99996948178656 60.000305185232094 
96.99996948178656 60.000305185232094 
96.99996948178656 60.000305185232094 
96.99996948178656 60.000305185232094 
96.99996948178656 60.000305185232094 
96.99996948178656 60.000305185232094 
96.99996948178656 61.00000000013962 
96.99996948178656 61.00000000013962 
96.99996948178656 61.00000000013962 
96.99996948178656 61.00000000013962 
96.99996948178656 61.00000000013962 
96.99996948178656 62.000625629586175 
96.99996948178656 61.00000000013962 
96.99996948178656 61.00000000013962 
96.99996948178656 61.00000000013962 
96.99996948178656 61.00000000013962 
96.99996948178656 61.00000000013962 
96.99996948178656 60.000305185232094 
96.99996948178656 60.000305185232094 
96.99996948178656 60.000305185232094 
96.99996948178656 60.000305185232094 
96.99996948178656 60.000305185232094 
96.99996948178656 60.000305185232094 
96.99996948178656 59.000610370324566 
96.99996948178656 59.000610370324566 
96.99996948178656 59.000610370324566 
96.99996948178656 59.000610370324566 
96.99996948178656 58.00091555541704 
96.99996948178656 58.00091555541704 
96.99996948178656 58.00091555541704 
96.99996948178656 58.00091555541704 
96.99996948178656 58.00091555541704 
96.99996948178656 59.000610370324566 
96.99996948178656 59.000610370324566 
96.99996948178656 59.000610370324566 
96.99996948178656 59.000610370324566 
96.99996948178656 59.000610370324566 
96.99996948178656 59.000610370324566 
96.00000000029299 60.000305185232094 
96.00000000029299 60.000305185232094 
96.00000000029299 60.000305185232094 
96.00000000029299 60.000305185232094 
96.00000000029299 61.00000000013962 
96.00000000029299 61.00000000013962 
96.00000000029299 61.00000000013962 
96.99996948178656 61.00000000013962 
96.99996948178656 61.00000000013962 
96.99996948178656 61.00000000013962 
96.99996948178656 61.00000000013962 
96.99996948178656 61.00000000013962 
96.99996948178656 61.00000000013962 
96.99996948178656 61.00000000013962 
96.99996948178656 61.00000000013962 
96.99996948178656 61.00000000013962 
96.99996948178656 61.00000000013962 
96.99996948178656 62.000625629586175 
96.99996948178656 62.000625629586175 
96.99996948178656 62.000625629586175 
96.99996948178656 62.000625629586175 
96.99996948178656 62.000625629586175 
96.99996948178656 62.000625629586175 
96.99996948178656 62.000625629586175 
96.99996948178656 62.000625629586175 
96.99996948178656 62.000625629586175 
96.99996948178656 62.000625629586175 
96.99996948178656 62.000625629586175 
96.99996948178656 62.000625629586175 
96.99996948178656 62.000625629586175 
96.99996948178656 63.0003204444937 
96.99996948178656 63.0003204444937 
96.99996948178656 63.0003204444937 
96.99996948178656 63.0003204444937 
96.99996948178656 63.0003204444937 
96.99996948178656 63.0003204444937 
96.99996948178656 63.0003204444937 
97.99993896328014 62.000625629586175 
96.99996948178656 62.000625629586175 
97.99993896328014 62.000625629586175 
96.99996948178656 62.000625629586175 
97.99993896328014 63.0003204444937 
97.99993896328014 64.00001525940122 
97.99993896328014 64.00001525940122 
97.99993896328014 64.00001525940122 
97.99993896328014 64.00001525940122 
97.99993896328014 64.00001525940122 
97.99993896328014 65.00064088884778 
97.99993896328014 64.00001525940122 
97.99993896328014 65.00064088884778 
97.99993896328014 65.00064088884778 
96.99996948178656 64.00001525940122 
96.99996948178656 64.00001525940122 
96.99996948178656 64.00001525940122 
96.99996948178656 64.00001525940122 
96.99996948178656 64.00001525940122 
96.99996948178656 64.00001525940122 
96.99996948178656 65.00064088884778 
96.99996948178656 65.00064088884778 
96.99996948178656 65.00064088884778 
96.99996948178656 65.00064088884778 
96.99996948178656 65.00064088884778 
96.99996948178656 65.00064088884778 
96.99996948178656 64.00001525940122 
96.99996948178656 64.00001525940122 
96.99996948178656 65.00064088884778 
96.99996948178656 65.00064088884778 
96.99996948178656 65.00064088884778 
96.99996948178656 65.00064088884778 
97.99993896328014 66.00033570375531 
97.99993896328014 66.00033570375531 
97.99993896328014 66.00033570375531 
97.99993896328014 65.00064088884778 
96.99996948178656 65.00064088884778 
96.99996948178656 64.00001525940122 
96.99996948178656 63.0003204444937 
96.99996948178656 62.000625629586175 
96.99996948178656 62.000625629586175 
