96.99995422223579 76.00028992596759 
96.99995422223579 76.00028992596759 
96.99995422223579 75.00006103714485 
96.99995422223579 74.00073244435164 
96.99995422223579 72.00027466670613 
96.99995422223579 71.00004577788339 
96.99995422223579 67.00003051862194 
96.99995422223579 64.00024414818323 
96.99995422223579 62.000686666567276 
96.99995422223579 60.00022888892178 
96.99995422223579 60.00022888892178 
96.99995422223579 59.00090029612858 
96.99995422223579 58.00067140730582 
96.99995422223579 58.00067140730582 
96.99995422223579 57.00044251848308 
96.99995422223579 56.00021362966033 
96.99995422223579 56.00021362966033 
96.99995422223579 56.00021362966033 
96.99995422223579 55.000885036867125 
96.99995422223579 55.000885036867125 
96.99995422223579 54.00065614804438 
96.99995422223579 54.00065614804438 
96.99995422223579 54.00065614804438 
96.99995422223579 54.00065614804438 
96.99995422223579 55.000885036867125 
96.99995422223579 55.000885036867125 
96.99995422223579 55.000885036867125 
97.99996948149052 56.00021362966033 
97.99996948149052 56.00021362966033 
97.99996948149052 55.000885036867125 
97.99996948149052 56.00021362966033 
97.99996948149052 56.00021362966033 
97.99996948149052 55.000885036867125 
97.99996948149052 55.000885036867125 
97.99996948149052 56.00021362966033 
97.99996948149052 56.00021362966033 
97.99996948149052 57.00044251848308 
97.99996948149052 57.00044251848308 
97.99996948149052 57.00044251848308 
97.99996948149052 57.00044251848308 
97.99996948149052 57.00044251848308 
97.99996948149052 57.00044251848308 
97.99996948149052 57.00044251848308 
97.99996948149052 57.00044251848308 
97.99996948149052 57.00044251848308 
97.99996948149052 58.00067140730582 
97.99996948149052 58.00067140730582 
97.99996948149052 58.00067140730582 
97.99996948149052 58.00067140730582 
97.99996948149052 58.00067140730582 
97.99996948149052 58.00067140730582 
97.99996948149052 58.00067140730582 
97.99996948149052 58.00067140730582 
97.99996948149052 58.00067140730582 
97.99996948149052 58.00067140730582 
97.99996948149052 58.00067140730582 
96.99995422223579 59.00090029612858 
96.99995422223579 59.00090029612858 
96.99995422223579 59.00090029612858 
96.99995422223579 59.00090029612858 
96.99995422223579 59.00090029612858 
96.99995422223579 59.00090029612858 
96.99995422223579 58.00067140730582 
96.99995422223579 58.00067140730582 
96.99995422223579 57.00044251848308 
96.99995422223579 57.00044251848308 
96.99995422223579 57.00044251848308 
96.99995422223579 56.00021362966033 
96.99995422223579 56.00021362966033 
96.99995422223579 56.00021362966033 
96.99995422223579 56.00021362966033 
96.99995422223579 56.00021362966033 
96.99995422223579 56.00021362966033 
96.99995422223579 56.00021362966033 
96.99995422223579 56.00021362966033 
96.99995422223579 56.00021362966033 
96.99995422223579 56.00021362966033 
96.99995422223579 56.00021362966033 
96.99995422223579 56.00021362966033 
96.99995422223579 57.00044251848308 
96.99995422223579 57.00044251848308 
96.99995422223579 57.00044251848308 
96.99995422223579 58.00067140730582 
96.99995422223579 58.00067140730582 
96.99995422223579 58.00067140730582 
96.99995422223579 58.00067140730582 
96.99995422223579 58.00067140730582 
96.99995422223579 58.00067140730582 
96.99995422223579 58.00067140730582 
96.99995422223579 58.00067140730582 
96.99995422223579 57.00044251848308 
96.99995422223579 58.00067140730582 
96.99995422223579 58.00067140730582 
96.99995422223579 58.00067140730582 
96.99995422223579 58.00067140730582 
96.99995422223579 58.00067140730582 
96.99995422223579 58.00067140730582 
96.99995422223579 58.00067140730582 
96.99995422223579 58.00067140730582 
96.99995422223579 58.00067140730582 
96.99995422223579 58.00067140730582 
96.99995422223579 58.00067140730582 
96.99995422223579 59.00090029612858 
96.99995422223579 59.00090029612858 
96.99995422223579 59.00090029612858 
96.99995422223579 59.00090029612858 
96.99995422223579 59.00090029612858 
96.99995422223579 59.00090029612858 
96.99995422223579 59.00090029612858 
96.99995422223579 59.00090029612858 
96.99995422223579 59.00090029612858 
96.99995422223579 58.00067140730582 
96.99995422223579 58.00067140730582 
96.99995422223579 59.00090029612858 
96.99995422223579 59.00090029612858 
96.99995422223579 59.00090029612858 
96.99995422223579 59.00090029612858 
96.99995422223579 59.00090029612858 
96.99995422223579 59.00090029612858 
96.99995422223579 60.00022888892178 
96.99995422223579 60.00022888892178 
96.99995422223579 59.00090029612858 
96.99995422223579 59.00090029612858 
96.99995422223579 59.00090029612858 
96.99995422223579 59.00090029612858 
96.99995422223579 59.00090029612858 
96.99995422223579 59.00090029612858 
96.99995422223579 59.00090029612858 
96.99995422223579 59.00090029612858 
96.99995422223579 59.00090029612858 
96.99995422223579 59.00090029612858 
96.99995422223579 59.00090029612858 
96.99995422223579 60.00022888892178 
96.99995422223579 60.00022888892178 
96.99995422223579 60.00022888892178 
96.99995422223579 60.00022888892178 
96.99995422223579 60.00022888892178 
96.99995422223579 60.00022888892178 
96.99995422223579 60.00022888892178 
96.99995422223579 60.00022888892178 
96.99995422223579 60.00022888892178 
96.99995422223579 60.00022888892178 
97.99996948149052 60.00022888892178 
97.99996948149052 60.00022888892178 
97.99996948149052 60.00022888892178 
96.99995422223579 61.00045777774453 
96.99995422223579 61.00045777774453 
96.99995422223579 61.00045777774453 
96.99995422223579 61.00045777774453 
96.99995422223579 61.00045777774453 
96.99995422223579 61.00045777774453 
96.99995422223579 60.00022888892178 
96.99995422223579 60.00022888892178 
96.99995422223579 60.00022888892178 
96.99995422223579 60.00022888892178 
96.99995422223579 60.00022888892178 
96.99995422223579 60.00022888892178 
96.99995422223579 60.00022888892178 
96.99995422223579 60.00022888892178 
96.99995422223579 60.00022888892178 
96.99995422223579 59.00090029612858 
96.99995422223579 59.00090029612858 
96.99995422223579 58.00067140730582 
96.99995422223579 58.00067140730582 
96.99995422223579 58.00067140730582 
96.00001525925474 57.00044251848308 
96.00001525925474 57.00044251848308 
96.00001525925474 57.00044251848308 
96.00001525925474 57.00044251848308 
96.99995422223579 57.00044251848308 
96.99995422223579 57.00044251848308 
96.99995422223579 57.00044251848308 
96.99995422223579 57.00044251848308 
96.99995422223579 57.00044251848308 
96.99995422223579 57.00044251848308 
96.99995422223579 57.00044251848308 
96.99995422223579 58.00067140730582 
96.99995422223579 58.00067140730582 
96.99995422223579 58.00067140730582 
96.99995422223579 58.00067140730582 
96.99995422223579 58.00067140730582 
96.99995422223579 58.00067140730582 
96.99995422223579 58.00067140730582 
96.99995422223579 58.00067140730582 
96.99995422223579 59.00090029612858 
96.99995422223579 59.00090029612858 
96.99995422223579 59.00090029612858 
96.99995422223579 59.00090029612858 
96.99995422223579 60.00022888892178 
96.99995422223579 60.00022888892178 
96.99995422223579 60.00022888892178 
96.99995422223579 60.00022888892178 
96.99995422223579 59.00090029612858 
96.99995422223579 59.00090029612858 
96.99995422223579 59.00090029612858 
96.99995422223579 60.00022888892178 
96.99995422223579 60.00022888892178 
96.99995422223579 60.00022888892178 
96.99995422223579 60.00022888892178 
96.99995422223579 60.00022888892178 
96.99995422223579 60.00022888892178 
96.99995422223579 60.00022888892178 
96.99995422223579 60.00022888892178 
96.99995422223579 59.00090029612858 
96.99995422223579 59.00090029612858 
96.99995422223579 60.00022888892178 
96.99995422223579 60.00022888892178 
96.99995422223579 60.00022888892178 
96.99995422223579 61.00045777774453 
96.99995422223579 61.00045777774453 
96.99995422223579 61.00045777774453 
96.99995422223579 62.000686666567276 
96.99995422223579 61.00045777774453 
96.99995422223579 62.000686666567276 
96.99995422223579 61.00045777774453 
96.99995422223579 61.00045777774453 
96.99995422223579 61.00045777774453 
96.99995422223579 62.000686666567276 
96.99995422223579 62.000686666567276 
96.99995422223579 62.000686666567276 
96.99995422223579 62.000686666567276 
96.99995422223579 62.000686666567276 
96.99995422223579 62.000686666567276 
96.99995422223579 62.000686666567276 
96.99995422223579 61.00045777774453 
96.99995422223579 61.00045777774453 
96.99995422223579 61.00045777774453 
96.99995422223579 62.000686666567276 
96.99995422223579 62.000686666567276 
96.99995422223579 62.000686666567276 
96.99995422223579 62.000686666567276 
96.99995422223579 62.000686666567276 
96.99995422223579 61.00045777774453 
96.99995422223579 61.00045777774453 
96.99995422223579 61.00045777774453 
96.99995422223579 60.00022888892178 
96.99995422223579 60.00022888892178 
96.99995422223579 60.00022888892178 
96.99995422223579 60.00022888892178 
96.99995422223579 60.00022888892178 
96.99995422223579 61.00045777774453 
96.99995422223579 61.00045777774453 
96.99995422223579 61.00045777774453 
96.99995422223579 61.00045777774453 
96.99995422223579 60.00022888892178 
96.99995422223579 60.00022888892178 
96.99995422223579 60.00022888892178 
96.99995422223579 60.00022888892178 
96.99995422223579 60.00022888892178 
96.99995422223579 60.00022888892178 
96.99995422223579 60.00022888892178 
96.99995422223579 60.00022888892178 
96.99995422223579 60.00022888892178 
96.99995422223579 60.00022888892178 
96.99995422223579 60.00022888892178 
96.99995422223579 60.00022888892178 
96.99995422223579 60.00022888892178 
96.99995422223579 60.00022888892178 
96.99995422223579 60.00022888892178 
96.99995422223579 60.00022888892178 
96.99995422223579 60.00022888892178 
96.99995422223579 60.00022888892178 
96.99995422223579 60.00022888892178 
96.99995422223579 61.00045777774453 
96.99995422223579 61.00045777774453 
96.99995422223579 61.00045777774453 
96.99995422223579 61.00045777774453 
96.99995422223579 61.00045777774453 
96.99995422223579 61.00045777774453 
96.99995422223579 61.00045777774453 
96.99995422223579 61.00045777774453 
96.99995422223579 61.00045777774453 
96.99995422223579 61.00045777774453 
96.99995422223579 61.00045777774453 
96.99995422223579 60.00022888892178 
96.99995422223579 60.00022888892178 
96.99995422223579 60.00022888892178 
96.99995422223579 60.00022888892178 
96.99995422223579 61.00045777774453 
96.99995422223579 61.00045777774453 
96.99995422223579 61.00045777774453 
96.99995422223579 61.00045777774453 
96.99995422223579 60.00022888892178 
96.99995422223579 60.00022888892178 
96.99995422223579 59.00090029612858 
96.99995422223579 58.00067140730582 
96.99995422223579 58.00067140730582 
96.99995422223579 58.00067140730582 
96.99995422223579 58.00067140730582 
96.99995422223579 58.00067140730582 
96.99995422223579 58.00067140730582 
96.99995422223579 59.00090029612858 
96.99995422223579 59.00090029612858 
96.99995422223579 59.00090029612858 
96.99995422223579 59.00090029612858 
96.99995422223579 59.00090029612858 
96.99995422223579 59.00090029612858 
96.99995422223579 58.00067140730582 
96.00001525925474 58.00067140730582 
96.00001525925474 57.00044251848308 
96.00001525925474 57.00044251848308 
96.00001525925474 62.000686666567276 
96.00001525925474 64.00024414818323 
96.00001525925474 64.00024414818323 
96.00001525925474 65.00047303700599 
96.00001525925474 65.00047303700599 
96.00001525925474 66.00070192582874 
96.00001525925474 66.00070192582874 
96.00001525925474 68.00025940744469 
95.0 68.00025940744469 
95.0 68.00025940744469 
95.0 71.00004577788339 
95.0 71.00004577788339 
96.00001525925474 77.00051881479034 
96.00001525925474 77.00051881479034 
96.00001525925474 77.00051881479034 
96.00001525925474 77.00051881479034 
96.00001525925474 77.00051881479034 
96.00001525925474 77.00051881479034 
96.00001525925474 77.00051881479034 
96.00001525925474 78.00074770361309 
96.00001525925474 79.00007629640629 
96.00001525925474 80.00030518522904 
96.99995422223579 77.00051881479034 
96.99995422223579 73.00050355552888 
96.99995422223579 68.00025940744469 
96.99995422223579 64.00024414818323 
96.99995422223579 61.00045777774453 
96.99995422223579 59.00090029612858 
96.99995422223579 57.00044251848308 
96.99995422223579 57.00044251848308 
96.99995422223579 57.00044251848308 
96.99995422223579 58.00067140730582 
97.99996948149052 58.00067140730582 
97.99996948149052 58.00067140730582 
97.99996948149052 61.00045777774453 
97.99996948149052 62.000686666567276 
97.99996948149052 63.00001525936048 
97.99996948149052 66.00070192582874 
97.99996948149052 66.00070192582874 
96.99995422223579 67.00003051862194 
96.99995422223579 66.00070192582874 
96.99995422223579 66.00070192582874 
96.99995422223579 66.00070192582874 
96.99995422223579 65.00047303700599 
96.99995422223579 65.00047303700599 
96.99995422223579 66.00070192582874 
96.99995422223579 65.00047303700599 
96.99995422223579 67.00003051862194 
96.99995422223579 67.00003051862194 
96.99995422223579 67.00003051862194 
96.99995422223579 68.00025940744469 
96.99995422223579 68.00025940744469 
96.99995422223579 68.00025940744469 
96.00001525925474 68.00025940744469 
96.00001525925474 68.00025940744469 
96.00001525925474 68.00025940744469 
96.00001525925474 68.00025940744469 
96.00001525925474 68.00025940744469 
96.00001525925474 68.00025940744469 
96.00001525925474 68.00025940744469 
96.00001525925474 68.00025940744469 
96.00001525925474 67.00003051862194 
96.00001525925474 67.00003051862194 
96.00001525925474 67.00003051862194 
96.00001525925474 67.00003051862194 
96.00001525925474 67.00003051862194 
96.00001525925474 67.00003051862194 
96.00001525925474 67.00003051862194 
96.00001525925474 67.00003051862194 
96.00001525925474 67.00003051862194 
97.99996948149052 68.00025940744469 
97.99996948149052 67.00003051862194 
98.99998474074526 67.00003051862194 
97.99996948149052 68.00025940744469 
97.99996948149052 68.00025940744469 
97.99996948149052 68.00025940744469 
97.99996948149052 68.00025940744469 
97.99996948149052 68.00025940744469 
97.99996948149052 68.00025940744469 
96.99995422223579 68.00025940744469 
96.99995422223579 68.00025940744469 
96.99995422223579 68.00025940744469 
96.99995422223579 68.00025940744469 
96.99995422223579 68.00025940744469 
96.99995422223579 69.00048829626743 
97.99996948149052 72.00027466670613 
96.99995422223579 72.00027466670613 
96.99995422223579 73.00050355552888 
96.99995422223579 73.00050355552888 
96.00001525925474 73.00050355552888 
96.99995422223579 73.00050355552888 
96.99995422223579 72.00027466670613 
97.99996948149052 72.00027466670613 
97.99996948149052 73.00050355552888 
97.99996948149052 73.00050355552888 
97.99996948149052 73.00050355552888 
97.99996948149052 73.00050355552888 
97.99996948149052 75.00006103714485 
97.99996948149052 75.00006103714485 
96.99995422223579 75.00006103714485 
96.99995422223579 78.00074770361309 
96.99995422223579 78.00074770361309 
96.99995422223579 80.00030518522904 
96.99995422223579 80.00030518522904 
96.99995422223579 80.00030518522904 
96.99995422223579 80.00030518522904 
96.99995422223579 80.00030518522904 
96.99995422223579 80.00030518522904 
96.99995422223579 80.00030518522904 
96.99995422223579 80.00030518522904 
96.99995422223579 80.00030518522904 
96.99995422223579 80.00030518522904 
97.99996948149052 81.00053407405179 
98.99998474074526 80.00030518522904 
97.99996948149052 80.00030518522904 
97.99996948149052 78.00074770361309 
97.99996948149052 78.00074770361309 
97.99996948149052 77.00051881479034 
97.99996948149052 77.00051881479034 
96.99995422223579 77.00051881479034 
96.99995422223579 77.00051881479034 
96.99995422223579 77.00051881479034 
96.99995422223579 77.00051881479034 
96.99995422223579 77.00051881479034 
96.00001525925474 77.00051881479034 
96.00001525925474 77.00051881479034 
96.00001525925474 77.00051881479034 
96.99995422223579 77.00051881479034 
96.00001525925474 77.00051881479034 
96.00001525925474 76.00028992596759 
96.99995422223579 76.00028992596759 
96.00001525925474 76.00028992596759 
96.00001525925474 76.00028992596759 
96.00001525925474 76.00028992596759 
96.00001525925474 77.00051881479034 
96.00001525925474 77.00051881479034 
96.00001525925474 77.00051881479034 
96.99995422223579 81.00053407405179 
96.99995422223579 81.00053407405179 
96.99995422223579 83.99942014846096 
96.99995422223579 82.9991912596382 
96.00001525925474 82.9991912596382 
96.00001525925474 82.9991912596382 
96.00001525925474 82.00076296287453 
96.00001525925474 82.00076296287453 
96.00001525925474 82.00076296287453 
96.00001525925474 82.00076296287453 
96.00001525925474 82.00076296287453 
96.00001525925474 82.00076296287453 
96.00001525925474 81.00053407405179 
96.00001525925474 81.00053407405179 
95.0 80.00030518522904 
95.0 80.00030518522904 
95.0 80.00030518522904 
95.0 79.00007629640629 
95.0 79.00007629640629 
95.0 79.00007629640629 
95.0 79.00007629640629 
95.0 79.00007629640629 
95.0 79.00007629640629 
96.00001525925474 81.00053407405179 
96.00001525925474 81.00053407405179 
96.00001525925474 81.00053407405179 
96.00001525925474 81.00053407405179 
96.00001525925474 81.00053407405179 
96.00001525925474 81.00053407405179 
96.00001525925474 81.00053407405179 
96.00001525925474 81.00053407405179 
96.00001525925474 81.00053407405179 
96.00001525925474 81.00053407405179 
96.00001525925474 81.00053407405179 
96.00001525925474 82.00076296287453 
96.99995422223579 86.99920651889965 
96.99995422223579 90.9992217781611 
96.99995422223579 90.9992217781611 
96.99995422223579 90.9992217781611 
96.99995422223579 90.9992217781611 
96.99995422223579 91.99945066698385 
96.99995422223579 91.99945066698385 
96.99995422223579 94.99923703742256 
96.99995422223579 94.99923703742256 
96.99995422223579 94.99923703742256 
96.99995422223579 94.99923703742256 
96.00001525925474 92.99967955580661 
96.99995422223579 92.99967955580661 
96.99995422223579 92.99967955580661 
96.99995422223579 92.99967955580661 
96.99995422223579 92.99967955580661 
96.99995422223579 92.99967955580661 
96.99995422223579 92.99967955580661 
96.99995422223579 93.99990844462936 
96.99995422223579 93.99990844462936 
96.99995422223579 93.99990844462936 
96.99995422223579 93.99990844462936 
96.99995422223579 93.99990844462936 
96.99995422223579 93.99990844462936 
96.99995422223579 93.99990844462936 
96.99995422223579 93.99990844462936 
96.99995422223579 93.99990844462936 
96.99995422223579 93.99990844462936 
96.00001525925474 89.9998931853679 
96.00001525925474 89.9998931853679 
96.00001525925474 87.9994354077224 
96.00001525925474 87.9994354077224 
96.00001525925474 87.9994354077224 
96.00001525925474 86.99920651889965 
96.00001525925474 86.99920651889965 
96.00001525925474 86.99920651889965 
96.00001525925474 86.99920651889965 
96.00001525925474 87.9994354077224 
96.00001525925474 87.9994354077224 
96.00001525925474 87.9994354077224 
96.00001525925474 87.9994354077224 
96.00001525925474 88.99966429654515 
96.00001525925474 95.9994659262453 
96.00001525925474 98.999252296684 
96.00001525925474 102.99926755594547 
96.00001525925474 103.99949644476821 
96.00001525925474 103.99949644476821 
96.00001525925474 103.99949644476821 
96.00001525925474 103.99949644476821 
96.00001525925474 103.99949644476821 
96.00001525925474 103.99949644476821 
96.00001525925474 103.99949644476821 
96.00001525925474 103.99949644476821 
96.00001525925474 104.99972533359096 
96.00001525925474 104.99972533359096 
96.00001525925474 104.99972533359096 
96.00001525925474 104.99972533359096 
96.00001525925474 106.99928281520691 
96.00001525925474 106.99928281520691 
96.00001525925474 106.99928281520691 
96.00001525925474 106.99928281520691 
96.00001525925474 106.99928281520691 
96.99995422223579 107.99951170402966 
96.99995422223579 107.99951170402966 
96.99995422223579 107.99951170402966 
96.99995422223579 107.99951170402966 
96.99995422223579 107.99951170402966 
96.99995422223579 108.9997405928524 
96.99995422223579 108.9997405928524 
96.99995422223579 107.99951170402966 
96.99995422223579 107.99951170402966 
96.99995422223579 107.99951170402966 
96.99995422223579 107.99951170402966 
96.99995422223579 107.99951170402966 
96.99995422223579 105.9999542224137 
96.99995422223579 105.9999542224137 
96.99995422223579 104.99972533359096 
96.99995422223579 104.99972533359096 
96.99995422223579 104.99972533359096 
96.99995422223579 104.99972533359096 
96.99995422223579 104.99972533359096 
96.99995422223579 104.99972533359096 
96.99995422223579 104.99972533359096 
96.99995422223579 105.9999542224137 
96.99995422223579 105.9999542224137 
96.99995422223579 105.9999542224137 
96.99995422223579 105.9999542224137 
96.99995422223579 105.9999542224137 
96.99995422223579 105.9999542224137 
96.99995422223579 106.99928281520691 
96.99995422223579 106.99928281520691 
96.99995422223579 106.99928281520691 
96.99995422223579 106.99928281520691 
96.99995422223579 106.99928281520691 
96.99995422223579 106.99928281520691 
96.99995422223579 106.99928281520691 
96.99995422223579 106.99928281520691 
96.00001525925474 106.99928281520691 
96.00001525925474 107.99951170402966 
96.00001525925474 107.99951170402966 
96.00001525925474 107.99951170402966 
96.00001525925474 108.9997405928524 
96.00001525925474 108.9997405928524 
96.00001525925474 108.9997405928524 
96.00001525925474 109.99996948167517 
96.00001525925474 109.99996948167517 
96.00001525925474 109.99996948167517 
96.00001525925474 109.99996948167517 
96.00001525925474 109.99996948167517 
96.00001525925474 109.99996948167517 
96.00001525925474 109.99996948167517 
96.00001525925474 109.99996948167517 
96.00001525925474 109.99996948167517 
96.00001525925474 109.99996948167517 
96.00001525925474 109.99996948167517 
96.00001525925474 109.99996948167517 
96.00001525925474 109.99996948167517 
96.00001525925474 109.99996948167517 
96.00001525925474 108.9997405928524 
96.00001525925474 108.9997405928524 
96.00001525925474 108.9997405928524 
96.00001525925474 107.99951170402966 
96.00001525925474 107.99951170402966 
96.00001525925474 107.99951170402966 
96.00001525925474 107.99951170402966 
96.00001525925474 107.99951170402966 
96.00001525925474 107.99951170402966 
96.00001525925474 107.99951170402966 
96.00001525925474 107.99951170402966 
96.00001525925474 107.99951170402966 
96.00001525925474 108.9997405928524 
96.00001525925474 107.99951170402966 
96.00001525925474 108.9997405928524 
96.00001525925474 108.9997405928524 
96.00001525925474 108.9997405928524 
96.00001525925474 108.9997405928524 
96.00001525925474 108.9997405928524 
96.00001525925474 108.9997405928524 
96.00001525925474 108.9997405928524 
96.00001525925474 109.99996948167517 
96.00001525925474 110.99929807446837 
96.00001525925474 111.99952696329112 
96.00001525925474 111.99952696329112 
96.00001525925474 111.99952696329112 
96.00001525925474 111.99952696329112 
96.00001525925474 111.99952696329112 
96.00001525925474 110.99929807446837 
96.00001525925474 110.99929807446837 
96.00001525925474 110.99929807446837 
96.00001525925474 108.9997405928524 
96.00001525925474 108.9997405928524 
96.00001525925474 108.9997405928524 
96.00001525925474 108.9997405928524 
96.00001525925474 107.99951170402966 
96.00001525925474 108.9997405928524 
96.00001525925474 108.9997405928524 
96.00001525925474 108.9997405928524 
96.00001525925474 79.00007629640629 
96.00001525925474 76.00028992596759 
96.00001525925474 74.00073244435164 
96.00001525925474 72.00027466670613 
96.00001525925474 70.00071718509018 
96.00001525925474 66.00070192582874 
96.00001525925474 65.00047303700599 
96.00001525925474 64.00024414818323 
96.00001525925474 64.00024414818323 
96.00001525925474 63.00001525936048 
96.99995422223579 62.000686666567276 
96.99995422223579 61.00045777774453 
96.99995422223579 61.00045777774453 
96.99995422223579 62.000686666567276 
97.99996948149052 63.00001525936048 
97.99996948149052 63.00001525936048 
97.99996948149052 63.00001525936048 
97.99996948149052 63.00001525936048 
97.99996948149052 63.00001525936048 
97.99996948149052 62.000686666567276 
97.99996948149052 62.000686666567276 
97.99996948149052 61.00045777774453 
97.99996948149052 61.00045777774453 
97.99996948149052 61.00045777774453 
97.99996948149052 61.00045777774453 
97.99996948149052 61.00045777774453 
97.99996948149052 61.00045777774453 
97.99996948149052 60.00022888892178 
97.99996948149052 60.00022888892178 
97.99996948149052 60.00022888892178 
97.99996948149052 59.00090029612858 
97.99996948149052 59.00090029612858 
96.99995422223579 59.00090029612858 
96.99995422223579 59.00090029612858 
96.99995422223579 59.00090029612858 
96.99995422223579 59.00090029612858 
96.99995422223579 59.00090029612858 
96.99995422223579 60.00022888892178 
96.99995422223579 59.00090029612858 
96.99995422223579 59.00090029612858 
96.99995422223579 59.00090029612858 
96.99995422223579 58.00067140730582 
96.99995422223579 57.00044251848308 
96.99995422223579 57.00044251848308 
96.99995422223579 57.00044251848308 
96.99995422223579 57.00044251848308 
96.99995422223579 57.00044251848308 
96.99995422223579 57.00044251848308 
96.99995422223579 57.00044251848308 
96.99995422223579 57.00044251848308 
96.99995422223579 57.00044251848308 
96.99995422223579 58.00067140730582 
96.99995422223579 58.00067140730582 
96.99995422223579 58.00067140730582 
96.99995422223579 58.00067140730582 
97.99996948149052 58.00067140730582 
97.99996948149052 58.00067140730582 
97.99996948149052 58.00067140730582 
97.99996948149052 58.00067140730582 
97.99996948149052 58.00067140730582 
97.99996948149052 57.00044251848308 
97.99996948149052 57.00044251848308 
97.99996948149052 57.00044251848308 
97.99996948149052 57.00044251848308 
97.99996948149052 57.00044251848308 
97.99996948149052 57.00044251848308 
97.99996948149052 57.00044251848308 
97.99996948149052 58.00067140730582 
97.99996948149052 59.00090029612858 
96.99995422223579 60.00022888892178 
96.99995422223579 61.00045777774453 
96.99995422223579 61.00045777774453 
96.99995422223579 61.00045777774453 
96.99995422223579 59.00090029612858 
96.99995422223579 59.00090029612858 
96.99995422223579 59.00090029612858 
96.99995422223579 58.00067140730582 
96.99995422223579 58.00067140730582 
96.99995422223579 58.00067140730582 
96.99995422223579 57.00044251848308 
96.99995422223579 57.00044251848308 
96.99995422223579 57.00044251848308 
96.99995422223579 57.00044251848308 
96.99995422223579 57.00044251848308 
96.99995422223579 57.00044251848308 
96.99995422223579 57.00044251848308 
96.99995422223579 57.00044251848308 
96.99995422223579 57.00044251848308 
96.99995422223579 57.00044251848308 
96.99995422223579 57.00044251848308 
96.99995422223579 57.00044251848308 
96.99995422223579 57.00044251848308 
96.99995422223579 57.00044251848308 
96.99995422223579 58.00067140730582 
97.99996948149052 58.00067140730582 
97.99996948149052 58.00067140730582 
97.99996948149052 58.00067140730582 
97.99996948149052 58.00067140730582 
97.99996948149052 58.00067140730582 
97.99996948149052 58.00067140730582 
97.99996948149052 58.00067140730582 
97.99996948149052 58.00067140730582 
97.99996948149052 57.00044251848308 
97.99996948149052 57.00044251848308 
97.99996948149052 57.00044251848308 
97.99996948149052 58.00067140730582 
97.99996948149052 58.00067140730582 
97.99996948149052 58.00067140730582 
97.99996948149052 58.00067140730582 
97.99996948149052 58.00067140730582 
97.99996948149052 58.00067140730582 
97.99996948149052 58.00067140730582 
97.99996948149052 58.00067140730582 
97.99996948149052 58.00067140730582 
97.99996948149052 58.00067140730582 
97.99996948149052 59.00090029612858 
97.99996948149052 59.00090029612858 
96.99995422223579 60.00022888892178 
96.99995422223579 60.00022888892178 
96.99995422223579 61.00045777774453 
96.99995422223579 61.00045777774453 
96.99995422223579 61.00045777774453 
96.99995422223579 61.00045777774453 
96.99995422223579 61.00045777774453 
96.99995422223579 60.00022888892178 
96.99995422223579 61.00045777774453 
96.99995422223579 61.00045777774453 
96.99995422223579 61.00045777774453 
96.99995422223579 61.00045777774453 
96.99995422223579 62.000686666567276 
96.99995422223579 62.000686666567276 
96.99995422223579 62.000686666567276 
96.99995422223579 62.000686666567276 
96.99995422223579 62.000686666567276 
96.99995422223579 62.000686666567276 
96.99995422223579 61.00045777774453 
96.99995422223579 61.00045777774453 
96.99995422223579 61.00045777774453 
96.99995422223579 62.000686666567276 
96.99995422223579 62.000686666567276 
96.99995422223579 62.000686666567276 
96.99995422223579 62.000686666567276 
96.99995422223579 62.000686666567276 
96.99995422223579 62.000686666567276 
96.99995422223579 62.000686666567276 
96.99995422223579 62.000686666567276 
96.99995422223579 62.000686666567276 
97.99996948149052 62.000686666567276 
97.99996948149052 62.000686666567276 
97.99996948149052 62.000686666567276 
97.99996948149052 63.00001525936048 
97.99996948149052 63.00001525936048 
97.99996948149052 63.00001525936048 
97.99996948149052 63.00001525936048 
97.99996948149052 63.00001525936048 
97.99996948149052 63.00001525936048 
97.99996948149052 62.000686666567276 
97.99996948149052 62.000686666567276 
97.99996948149052 62.000686666567276 
96.99995422223579 62.000686666567276 
96.99995422223579 62.000686666567276 
96.99995422223579 62.000686666567276 
96.99995422223579 62.000686666567276 
96.99995422223579 62.000686666567276 
96.99995422223579 63.00001525936048 
96.99995422223579 63.00001525936048 
96.99995422223579 63.00001525936048 
96.99995422223579 63.00001525936048 
96.99995422223579 63.00001525936048 
96.99995422223579 62.000686666567276 
96.99995422223579 62.000686666567276 
96.99995422223579 61.00045777774453 
96.99995422223579 61.00045777774453 
96.99995422223579 61.00045777774453 
96.99995422223579 61.00045777774453 
96.99995422223579 62.000686666567276 
96.99995422223579 62.000686666567276 
96.99995422223579 62.000686666567276 
96.99995422223579 62.000686666567276 
96.99995422223579 61.00045777774453 
96.99995422223579 61.00045777774453 
96.99995422223579 61.00045777774453 
96.99995422223579 61.00045777774453 
96.99995422223579 61.00045777774453 
96.99995422223579 61.00045777774453 
96.99995422223579 61.00045777774453 
96.99995422223579 61.00045777774453 
96.99995422223579 62.000686666567276 
96.00001525925474 62.000686666567276 
96.00001525925474 62.000686666567276 
96.00001525925474 62.000686666567276 
96.00001525925474 62.000686666567276 
96.00001525925474 62.000686666567276 
96.00001525925474 63.00001525936048 
96.00001525925474 63.00001525936048 
96.00001525925474 63.00001525936048 
96.00001525925474 63.00001525936048 
96.00001525925474 62.000686666567276 
96.00001525925474 62.000686666567276 
96.00001525925474 62.000686666567276 
96.00001525925474 61.00045777774453 
96.00001525925474 61.00045777774453 
96.00001525925474 61.00045777774453 
96.00001525925474 61.00045777774453 
96.00001525925474 61.00045777774453 
96.00001525925474 61.00045777774453 
96.00001525925474 61.00045777774453 
96.00001525925474 60.00022888892178 
96.00001525925474 60.00022888892178 
96.00001525925474 60.00022888892178 
96.00001525925474 59.00090029612858 
96.00001525925474 59.00090029612858 
96.00001525925474 59.00090029612858 
96.00001525925474 58.00067140730582 
96.00001525925474 58.00067140730582 
96.00001525925474 59.00090029612858 
96.00001525925474 60.00022888892178 
96.00001525925474 60.00022888892178 
96.00001525925474 61.00045777774453 
96.00001525925474 61.00045777774453 
96.00001525925474 62.000686666567276 
96.00001525925474 61.00045777774453 
96.00001525925474 60.00022888892178 
96.00001525925474 59.00090029612858 
96.00001525925474 58.00067140730582 
96.00001525925474 59.00090029612858 
96.00001525925474 59.00090029612858 
96.00001525925474 59.00090029612858 
96.00001525925474 59.00090029612858 
96.00001525925474 59.00090029612858 
96.00001525925474 59.00090029612858 
96.00001525925474 59.00090029612858 
96.00001525925474 59.00090029612858 
96.00001525925474 59.00090029612858 
96.00001525925474 59.00090029612858 
96.00001525925474 59.00090029612858 
96.00001525925474 59.00090029612858 
96.00001525925474 60.00022888892178 
96.00001525925474 60.00022888892178 
96.00001525925474 60.00022888892178 
96.00001525925474 60.00022888892178 
96.00001525925474 60.00022888892178 
96.00001525925474 59.00090029612858 
96.00001525925474 59.00090029612858 
96.00001525925474 59.00090029612858 
96.00001525925474 59.00090029612858 
96.00001525925474 59.00090029612858 
96.00001525925474 59.00090029612858 
96.00001525925474 59.00090029612858 
96.00001525925474 59.00090029612858 
96.00001525925474 59.00090029612858 
96.00001525925474 59.00090029612858 
96.00001525925474 59.00090029612858 
96.00001525925474 59.00090029612858 
96.00001525925474 59.00090029612858 
96.00001525925474 59.00090029612858 
96.00001525925474 59.00090029612858 
96.00001525925474 59.00090029612858 
96.00001525925474 59.00090029612858 
96.00001525925474 59.00090029612858 
96.00001525925474 59.00090029612858 
96.00001525925474 60.00022888892178 
96.00001525925474 60.00022888892178 
96.00001525925474 60.00022888892178 
96.00001525925474 60.00022888892178 
96.00001525925474 60.00022888892178 
96.00001525925474 60.00022888892178 
96.00001525925474 60.00022888892178 
96.00001525925474 60.00022888892178 
96.00001525925474 60.00022888892178 
96.00001525925474 59.00090029612858 
96.00001525925474 59.00090029612858 
96.00001525925474 60.00022888892178 
96.00001525925474 60.00022888892178 
96.00001525925474 60.00022888892178 
96.00001525925474 60.00022888892178 
96.00001525925474 60.00022888892178 
96.00001525925474 60.00022888892178 
96.00001525925474 60.00022888892178 
96.00001525925474 61.00045777774453 
96.00001525925474 61.00045777774453 
96.00001525925474 61.00045777774453 
96.00001525925474 62.000686666567276 
96.00001525925474 61.00045777774453 
96.00001525925474 61.00045777774453 
96.00001525925474 61.00045777774453 
96.00001525925474 60.00022888892178 
96.00001525925474 60.00022888892178 
96.00001525925474 59.00090029612858 
96.00001525925474 59.00090029612858 
96.00001525925474 58.00067140730582 
96.00001525925474 58.00067140730582 
96.00001525925474 59.00090029612858 
96.00001525925474 59.00090029612858 
96.00001525925474 59.00090029612858 
96.00001525925474 60.00022888892178 
96.00001525925474 60.00022888892178 
96.00001525925474 60.00022888892178 
96.00001525925474 59.00090029612858 
96.00001525925474 59.00090029612858 
96.00001525925474 59.00090029612858 
96.00001525925474 75.00006103714485 
96.00001525925474 75.00006103714485 
96.00001525925474 75.00006103714485 
96.00001525925474 75.00006103714485 
96.00001525925474 75.00006103714485 
96.00001525925474 75.00006103714485 
96.00001525925474 75.00006103714485 
96.00001525925474 76.00028992596759 
96.00001525925474 76.00028992596759 
96.00001525925474 77.00051881479034 
96.00001525925474 77.00051881479034 
96.00001525925474 78.00074770361309 
96.00001525925474 78.00074770361309 
96.00001525925474 78.00074770361309 
96.00001525925474 81.00053407405179 
96.00001525925474 82.00076296287453 
96.00001525925474 82.9991912596382 
96.00001525925474 82.00076296287453 
96.00001525925474 79.00007629640629 
96.00001525925474 75.00006103714485 
96.00001525925474 69.00048829626743 
96.00001525925474 68.00025940744469 
96.00001525925474 67.00003051862194 
96.00001525925474 67.00003051862194 
96.99995422223579 67.00003051862194 
96.99995422223579 68.00025940744469 
96.99995422223579 69.00048829626743 
96.99995422223579 68.00025940744469 
96.99995422223579 69.00048829626743 
96.99995422223579 69.00048829626743 
97.99996948149052 70.00071718509018 
97.99996948149052 69.00048829626743 
97.99996948149052 69.00048829626743 
96.99995422223579 68.00025940744469 
96.99995422223579 68.00025940744469 
96.99995422223579 67.00003051862194 
96.99995422223579 67.00003051862194 
96.99995422223579 67.00003051862194 
96.99995422223579 67.00003051862194 
96.99995422223579 67.00003051862194 
96.99995422223579 72.00027466670613 
96.99995422223579 72.00027466670613 
96.99995422223579 76.00028992596759 
96.99995422223579 76.00028992596759 
96.99995422223579 79.00007629640629 
96.99995422223579 81.00053407405179 
96.99995422223579 82.00076296287453 
96.99995422223579 82.00076296287453 
96.99995422223579 82.9991912596382 
96.99995422223579 82.9991912596382 
96.99995422223579 82.9991912596382 
96.99995422223579 82.00076296287453 
96.99995422223579 82.00076296287453 
96.99995422223579 82.00076296287453 
97.99996948149052 83.99942014846096 
97.99996948149052 82.9991912596382 
97.99996948149052 82.9991912596382 
97.99996948149052 82.00076296287453 
97.99996948149052 81.00053407405179 
97.99996948149052 81.00053407405179 
97.99996948149052 82.00076296287453 
97.99996948149052 82.00076296287453 
97.99996948149052 82.9991912596382 
97.99996948149052 83.99942014846096 
97.99996948149052 83.99942014846096 
97.99996948149052 83.99942014846096 
97.99996948149052 81.00053407405179 
97.99996948149052 80.00030518522904 
97.99996948149052 78.00074770361309 
97.99996948149052 76.00028992596759 
97.99996948149052 75.00006103714485 
96.99995422223579 74.00073244435164 
96.99995422223579 74.00073244435164 
96.99995422223579 75.00006103714485 
96.99995422223579 75.00006103714485 
96.99995422223579 77.00051881479034 
96.99995422223579 79.00007629640629 
97.99996948149052 78.00074770361309 
97.99996948149052 77.00051881479034 
97.99996948149052 76.00028992596759 
97.99996948149052 75.00006103714485 
97.99996948149052 75.00006103714485 
97.99996948149052 73.00050355552888 
97.99996948149052 73.00050355552888 
97.99996948149052 73.00050355552888 
97.99996948149052 76.00028992596759 
97.99996948149052 76.00028992596759 
97.99996948149052 77.00051881479034 
97.99996948149052 78.00074770361309 
97.99996948149052 75.00006103714485 
97.99996948149052 73.00050355552888 
97.99996948149052 71.00004577788339 
97.99996948149052 70.00071718509018 
97.99996948149052 68.00025940744469 
97.99996948149052 68.00025940744469 
97.99996948149052 69.00048829626743 
97.99996948149052 70.00071718509018 
97.99996948149052 70.00071718509018 
97.99996948149052 71.00004577788339 
97.99996948149052 72.00027466670613 
97.99996948149052 71.00004577788339 
97.99996948149052 70.00071718509018 
97.99996948149052 69.00048829626743 
97.99996948149052 71.00004577788339 
97.99996948149052 71.00004577788339 
97.99996948149052 71.00004577788339 
96.99995422223579 72.00027466670613 
96.99995422223579 73.00050355552888 
96.99995422223579 73.00050355552888 
96.99995422223579 74.00073244435164 
96.99995422223579 74.00073244435164 
96.99995422223579 76.00028992596759 
96.99995422223579 77.00051881479034 
96.99995422223579 76.00028992596759 
97.99996948149052 75.00006103714485 
97.99996948149052 72.00027466670613 
97.99996948149052 70.00071718509018 
97.99996948149052 69.00048829626743 
97.99996948149052 68.00025940744469 
97.99996948149052 66.00070192582874 
97.99996948149052 66.00070192582874 
97.99996948149052 66.00070192582874 
97.99996948149052 66.00070192582874 
97.99996948149052 67.00003051862194 
97.99996948149052 66.00070192582874 
97.99996948149052 66.00070192582874 
97.99996948149052 70.00071718509018 
97.99996948149052 70.00071718509018 
97.99996948149052 68.00025940744469 
97.99996948149052 68.00025940744469 
97.99996948149052 66.00070192582874 
97.99996948149052 65.00047303700599 
97.99996948149052 64.00024414818323 
97.99996948149052 64.00024414818323 
97.99996948149052 65.00047303700599 
97.99996948149052 67.00003051862194 
97.99996948149052 70.00071718509018 
97.99996948149052 70.00071718509018 
97.99996948149052 70.00071718509018 
97.99996948149052 70.00071718509018 
97.99996948149052 68.00025940744469 
97.99996948149052 66.00070192582874 
97.99996948149052 65.00047303700599 
97.99996948149052 65.00047303700599 
97.99996948149052 64.00024414818323 
97.99996948149052 67.00003051862194 
97.99996948149052 67.00003051862194 
97.99996948149052 72.00027466670613 
97.99996948149052 73.00050355552888 
97.99996948149052 75.00006103714485 
97.99996948149052 73.00050355552888 
96.99995422223579 70.00071718509018 
96.99995422223579 67.00003051862194 
96.99995422223579 67.00003051862194 
96.99995422223579 66.00070192582874 
96.99995422223579 66.00070192582874 
96.99995422223579 66.00070192582874 
96.99995422223579 66.00070192582874 
97.99996948149052 66.00070192582874 
97.99996948149052 66.00070192582874 
97.99996948149052 66.00070192582874 
97.99996948149052 66.00070192582874 
97.99996948149052 66.00070192582874 
97.99996948149052 70.00071718509018 
97.99996948149052 71.00004577788339 
97.99996948149052 72.00027466670613 
97.99996948149052 71.00004577788339 
97.99996948149052 70.00071718509018 
97.99996948149052 70.00071718509018 
97.99996948149052 70.00071718509018 
97.99996948149052 70.00071718509018 
97.99996948149052 70.00071718509018 
97.99996948149052 70.00071718509018 
97.99996948149052 70.00071718509018 
96.99995422223579 70.00071718509018 
96.99995422223579 72.00027466670613 
96.99995422223579 72.00027466670613 
96.99995422223579 73.00050355552888 
96.99995422223579 72.00027466670613 
96.99995422223579 71.00004577788339 
96.99995422223579 69.00048829626743 
96.99995422223579 69.00048829626743 
96.99995422223579 68.00025940744469 
97.99996948149052 68.00025940744469 
97.99996948149052 68.00025940744469 
97.99996948149052 75.00006103714485 
97.99996948149052 75.00006103714485 
97.99996948149052 76.00028992596759 
97.99996948149052 77.00051881479034 
97.99996948149052 73.00050355552888 
97.99996948149052 71.00004577788339 
97.99996948149052 68.00025940744469 
97.99996948149052 66.00070192582874 
97.99996948149052 66.00070192582874 
97.99996948149052 65.00047303700599 
97.99996948149052 65.00047303700599 
97.99996948149052 66.00070192582874 
97.99996948149052 66.00070192582874 
97.99996948149052 67.00003051862194 
97.99996948149052 70.00071718509018 
97.99996948149052 70.00071718509018 
97.99996948149052 70.00071718509018 
97.99996948149052 71.00004577788339 
97.99996948149052 71.00004577788339 
97.99996948149052 70.00071718509018 
97.99996948149052 70.00071718509018 
97.99996948149052 70.00071718509018 
97.99996948149052 69.00048829626743 
97.99996948149052 69.00048829626743 
97.99996948149052 69.00048829626743 
97.99996948149052 71.00004577788339 
97.99996948149052 71.00004577788339 
97.99996948149052 71.00004577788339 
97.99996948149052 72.00027466670613 
97.99996948149052 70.00071718509018 
97.99996948149052 70.00071718509018 
97.99996948149052 69.00048829626743 
97.99996948149052 71.00004577788339 
97.99996948149052 71.00004577788339 
97.99996948149052 71.00004577788339 
97.99996948149052 72.00027466670613 
97.99996948149052 71.00004577788339 
97.99996948149052 71.00004577788339 
97.99996948149052 70.00071718509018 
97.99996948149052 69.00048829626743 
97.99996948149052 68.00025940744469 
97.99996948149052 68.00025940744469 
97.99996948149052 66.00070192582874 
97.99996948149052 66.00070192582874 
97.99996948149052 66.00070192582874 
97.99996948149052 66.00070192582874 
97.99996948149052 68.00025940744469 
97.99996948149052 70.00071718509018 
97.99996948149052 70.00071718509018 
97.99996948149052 71.00004577788339 
97.99996948149052 70.00071718509018 
97.99996948149052 68.00025940744469 
97.99996948149052 67.00003051862194 
97.99996948149052 66.00070192582874 
97.99996948149052 66.00070192582874 
97.99996948149052 66.00070192582874 
97.99996948149052 66.00070192582874 
97.99996948149052 66.00070192582874 
97.99996948149052 65.00047303700599 
97.99996948149052 64.00024414818323 
97.99996948149052 63.00001525936048 
97.99996948149052 62.000686666567276 
97.99996948149052 61.00045777774453 
97.99996948149052 61.00045777774453 
97.99996948149052 61.00045777774453 
97.99996948149052 60.00022888892178 
97.99996948149052 59.00090029612858 
97.99996948149052 59.00090029612858 
97.99996948149052 59.00090029612858 
97.99996948149052 59.00090029612858 
97.99996948149052 59.00090029612858 
97.99996948149052 59.00090029612858 
97.99996948149052 59.00090029612858 
97.99996948149052 59.00090029612858 
97.99996948149052 59.00090029612858 
97.99996948149052 60.00022888892178 
97.99996948149052 61.00045777774453 
96.99995422223579 62.000686666567276 
96.99995422223579 62.000686666567276 
96.99995422223579 61.00045777774453 
96.99995422223579 61.00045777774453 
96.99995422223579 61.00045777774453 
96.99995422223579 60.00022888892178 
96.99995422223579 61.00045777774453 
96.99995422223579 61.00045777774453 
96.99995422223579 61.00045777774453 
96.99995422223579 61.00045777774453 
96.99995422223579 61.00045777774453 
96.99995422223579 61.00045777774453 
96.99995422223579 62.000686666567276 
97.99996948149052 62.000686666567276 
97.99996948149052 63.00001525936048 
97.99996948149052 65.00047303700599 
97.99996948149052 69.00048829626743 
97.99996948149052 73.00050355552888 
97.99996948149052 73.00050355552888 
97.99996948149052 75.00006103714485 
97.99996948149052 74.00073244435164 
97.99996948149052 75.00006103714485 
97.99996948149052 75.00006103714485 
97.99996948149052 75.00006103714485 
97.99996948149052 75.00006103714485 
97.99996948149052 74.00073244435164 
97.99996948149052 74.00073244435164 
97.99996948149052 73.00050355552888 
97.99996948149052 72.00027466670613 
97.99996948149052 71.00004577788339 
97.99996948149052 71.00004577788339 
96.99995422223579 70.00071718509018 
96.99995422223579 69.00048829626743 
96.99995422223579 69.00048829626743 
96.99995422223579 69.00048829626743 
97.99996948149052 71.00004577788339 
97.99996948149052 72.00027466670613 
97.99996948149052 72.00027466670613 
97.99996948149052 72.00027466670613 
97.99996948149052 71.00004577788339 
97.99996948149052 70.00071718509018 
97.99996948149052 70.00071718509018 
97.99996948149052 70.00071718509018 
97.99996948149052 69.00048829626743 
97.99996948149052 68.00025940744469 
97.99996948149052 69.00048829626743 
97.99996948149052 69.00048829626743 
97.99996948149052 70.00071718509018 
97.99996948149052 71.00004577788339 
97.99996948149052 71.00004577788339 
97.99996948149052 71.00004577788339 
97.99996948149052 71.00004577788339 
97.99996948149052 71.00004577788339 
97.99996948149052 72.00027466670613 
97.99996948149052 73.00050355552888 
97.99996948149052 73.00050355552888 
97.99996948149052 73.00050355552888 
97.99996948149052 73.00050355552888 
97.99996948149052 73.00050355552888 
97.99996948149052 73.00050355552888 
97.99996948149052 74.00073244435164 
97.99996948149052 74.00073244435164 
97.99996948149052 74.00073244435164 
97.99996948149052 74.00073244435164 
97.99996948149052 74.00073244435164 
96.99995422223579 74.00073244435164 
96.00001525925474 74.00073244435164 
96.00001525925474 73.00050355552888 
96.00001525925474 73.00050355552888 
96.99995422223579 73.00050355552888 
96.99995422223579 73.00050355552888 
96.99995422223579 73.00050355552888 
97.99996948149052 74.00073244435164 
97.99996948149052 75.00006103714485 
97.99996948149052 74.00073244435164 
97.99996948149052 75.00006103714485 
97.99996948149052 73.00050355552888 
97.99996948149052 73.00050355552888 
97.99996948149052 73.00050355552888 
97.99996948149052 72.00027466670613 
97.99996948149052 72.00027466670613 
97.99996948149052 72.00027466670613 
97.99996948149052 71.00004577788339 
97.99996948149052 70.00071718509018 
97.99996948149052 70.00071718509018 
97.99996948149052 70.00071718509018 
97.99996948149052 69.00048829626743 
97.99996948149052 69.00048829626743 
97.99996948149052 69.00048829626743 
97.99996948149052 69.00048829626743 
97.99996948149052 69.00048829626743 
97.99996948149052 69.00048829626743 
97.99996948149052 69.00048829626743 
97.99996948149052 69.00048829626743 
97.99996948149052 69.00048829626743 
97.99996948149052 69.00048829626743 
97.99996948149052 69.00048829626743 
97.99996948149052 69.00048829626743 
97.99996948149052 68.00025940744469 
97.99996948149052 68.00025940744469 
97.99996948149052 69.00048829626743 
97.99996948149052 69.00048829626743 
97.99996948149052 66.00070192582874 
97.99996948149052 66.00070192582874 
97.99996948149052 66.00070192582874 
97.99996948149052 66.00070192582874 
97.99996948149052 67.00003051862194 
97.99996948149052 68.00025940744469 
97.99996948149052 68.00025940744469 
97.99996948149052 68.00025940744469 
97.99996948149052 68.00025940744469 
97.99996948149052 68.00025940744469 
97.99996948149052 67.00003051862194 
97.99996948149052 69.00048829626743 
97.99996948149052 69.00048829626743 
97.99996948149052 70.00071718509018 
97.99996948149052 70.00071718509018 
97.99996948149052 71.00004577788339 
97.99996948149052 71.00004577788339 
97.99996948149052 71.00004577788339 
97.99996948149052 71.00004577788339 
97.99996948149052 71.00004577788339 
97.99996948149052 70.00071718509018 
97.99996948149052 70.00071718509018 
97.99996948149052 70.00071718509018 
97.99996948149052 70.00071718509018 
97.99996948149052 70.00071718509018 
97.99996948149052 70.00071718509018 
97.99996948149052 70.00071718509018 
96.99995422223579 70.00071718509018 
96.99995422223579 70.00071718509018 
96.00001525925474 69.00048829626743 
96.00001525925474 68.00025940744469 
96.00001525925474 68.00025940744469 
96.00001525925474 68.00025940744469 
96.00001525925474 69.00048829626743 
96.00001525925474 69.00048829626743 
96.00001525925474 69.00048829626743 
96.00001525925474 69.00048829626743 
96.00001525925474 69.00048829626743 
96.00001525925474 69.00048829626743 
96.00001525925474 69.00048829626743 
96.00001525925474 69.00048829626743 
96.00001525925474 69.00048829626743 
96.00001525925474 69.00048829626743 
96.00001525925474 69.00048829626743 
96.99995422223579 70.00071718509018 
96.99995422223579 70.00071718509018 
96.99995422223579 67.00003051862194 
96.99995422223579 65.00047303700599 
97.99996948149052 65.00047303700599 
97.99996948149052 64.00024414818323 
97.99996948149052 64.00024414818323 
97.99996948149052 65.00047303700599 
97.99996948149052 63.00001525936048 
97.99996948149052 60.00022888892178 
97.99996948149052 58.00067140730582 
97.99996948149052 57.00044251848308 
97.99996948149052 56.00021362966033 
97.99996948149052 55.000885036867125 
97.99996948149052 55.000885036867125 
97.99996948149052 54.00065614804438 
97.99996948149052 54.00065614804438 
97.99996948149052 54.00065614804438 
97.99996948149052 54.00065614804438 
97.99996948149052 54.00065614804438 
97.99996948149052 53.000427259221624 
97.99996948149052 53.000427259221624 
97.99996948149052 53.000427259221624 
97.99996948149052 53.000427259221624 
97.99996948149052 53.000427259221624 
97.99996948149052 53.000427259221624 
97.99996948149052 53.000427259221624 
97.99996948149052 53.000427259221624 
98.99998474074526 53.000427259221624 
98.99998474074526 54.00065614804438 
97.99996948149052 54.00065614804438 
97.99996948149052 54.00065614804438 
97.99996948149052 54.00065614804438 
97.99996948149052 55.000885036867125 
97.99996948149052 55.000885036867125 
97.99996948149052 55.000885036867125 
97.99996948149052 55.000885036867125 
97.99996948149052 55.000885036867125 
97.99996948149052 55.000885036867125 
97.99996948149052 56.00021362966033 
97.99996948149052 56.00021362966033 
97.99996948149052 56.00021362966033 
97.99996948149052 56.00021362966033 
97.99996948149052 56.00021362966033 
97.99996948149052 56.00021362966033 
97.99996948149052 56.00021362966033 
97.99996948149052 56.00021362966033 
97.99996948149052 56.00021362966033 
98.99998474074526 56.00021362966033 
98.99998474074526 56.00021362966033 
98.99998474074526 56.00021362966033 
97.99996948149052 57.00044251848308 
97.99996948149052 57.00044251848308 
97.99996948149052 56.00021362966033 
97.99996948149052 56.00021362966033 
97.99996948149052 56.00021362966033 
97.99996948149052 56.00021362966033 
97.99996948149052 56.00021362966033 
97.99996948149052 56.00021362966033 
97.99996948149052 57.00044251848308 
97.99996948149052 57.00044251848308 
97.99996948149052 57.00044251848308 
97.99996948149052 57.00044251848308 
97.99996948149052 58.00067140730582 
97.99996948149052 58.00067140730582 
97.99996948149052 57.00044251848308 
97.99996948149052 57.00044251848308 
97.99996948149052 57.00044251848308 
97.99996948149052 57.00044251848308 
97.99996948149052 58.00067140730582 
97.99996948149052 58.00067140730582 
97.99996948149052 59.00090029612858 
97.99996948149052 59.00090029612858 
97.99996948149052 59.00090029612858 
97.99996948149052 59.00090029612858 
97.99996948149052 59.00090029612858 
97.99996948149052 59.00090029612858 
97.99996948149052 59.00090029612858 
96.99995422223579 59.00090029612858 
96.99995422223579 59.00090029612858 
96.99995422223579 59.00090029612858 
96.99995422223579 59.00090029612858 
96.99995422223579 59.00090029612858 
96.99995422223579 59.00090029612858 
96.99995422223579 60.00022888892178 
96.99995422223579 60.00022888892178 
96.99995422223579 60.00022888892178 
96.99995422223579 60.00022888892178 
96.99995422223579 59.00090029612858 
96.99995422223579 59.00090029612858 
96.99995422223579 59.00090029612858 
96.99995422223579 58.00067140730582 
96.99995422223579 58.00067140730582 
96.99995422223579 58.00067140730582 
96.99995422223579 59.00090029612858 
96.99995422223579 59.00090029612858 
96.99995422223579 59.00090029612858 
96.99995422223579 59.00090029612858 
96.00001525925474 59.00090029612858 
96.00001525925474 58.00067140730582 
96.00001525925474 58.00067140730582 
96.00001525925474 58.00067140730582 
96.00001525925474 57.00044251848308 
96.00001525925474 58.00067140730582 
95.0 57.00044251848308 
95.0 57.00044251848308 
95.0 57.00044251848308 
95.0 58.00067140730582 
95.0 58.00067140730582 
95.0 58.00067140730582 
95.0 58.00067140730582 
95.0 59.00090029612858 
95.0 59.00090029612858 
95.0 59.00090029612858 
95.0 59.00090029612858 
95.0 59.00090029612858 
95.0 59.00090029612858 
95.0 58.00067140730582 
95.0 58.00067140730582 
95.0 57.00044251848308 
95.0 57.00044251848308 
95.0 56.00021362966033 
95.0 56.00021362966033 
95.0 57.00044251848308 
95.0 58.00067140730582 
95.0 61.00045777774453 
95.0 61.00045777774453 
95.0 61.00045777774453 
95.0 61.00045777774453 
95.0 59.00090029612858 
95.0 57.00044251848308 
94.00006103701895 56.00021362966033 
94.00006103701895 56.00021362966033 
94.00006103701895 56.00021362966033 
94.00006103701895 57.00044251848308 
94.00006103701895 57.00044251848308 
95.0 58.00067140730582 
95.0 59.00090029612858 
95.0 59.00090029612858 
95.0 59.00090029612858 
95.0 58.00067140730582 
95.0 58.00067140730582 
95.0 57.00044251848308 
95.0 57.00044251848308 
95.0 57.00044251848308 
95.0 57.00044251848308 
95.0 57.00044251848308 
95.0 57.00044251848308 
95.0 58.00067140730582 
95.0 58.00067140730582 
94.00006103701895 58.00067140730582 
94.00006103701895 58.00067140730582 
94.00006103701895 57.00044251848308 
94.00006103701895 57.00044251848308 
94.00006103701895 57.00044251848308 
94.00006103701895 57.00044251848308 
94.00006103701895 57.00044251848308 
94.00006103701895 57.00044251848308 
94.00006103701895 58.00067140730582 
95.0 57.00044251848308 
95.0 57.00044251848308 
95.0 57.00044251848308 
95.0 57.00044251848308 
95.0 57.00044251848308 
95.0 57.00044251848308 
96.00001525925474 57.00044251848308 
96.00001525925474 57.00044251848308 
96.00001525925474 59.00090029612858 
96.00001525925474 59.00090029612858 
96.00001525925474 59.00090029612858 
96.00001525925474 59.00090029612858 
96.99995422223579 60.00022888892178 
96.99995422223579 60.00022888892178 
96.99995422223579 61.00045777774453 
96.99995422223579 61.00045777774453 
96.00001525925474 61.00045777774453 
96.00001525925474 60.00022888892178 
96.00001525925474 60.00022888892178 
96.00001525925474 60.00022888892178 
96.00001525925474 59.00090029612858 
96.00001525925474 59.00090029612858 
96.00001525925474 59.00090029612858 
96.00001525925474 59.00090029612858 
96.00001525925474 59.00090029612858 
96.99995422223579 60.00022888892178 
96.99995422223579 60.00022888892178 
96.99995422223579 60.00022888892178 
96.00001525925474 59.00090029612858 
96.00001525925474 60.00022888892178 
96.00001525925474 59.00090029612858 
96.00001525925474 58.00067140730582 
96.00001525925474 58.00067140730582 
96.00001525925474 58.00067140730582 
95.0 58.00067140730582 
95.0 58.00067140730582 
95.0 57.00044251848308 
95.0 57.00044251848308 
95.0 57.00044251848308 
95.0 57.00044251848308 
95.0 57.00044251848308 
94.00006103701895 57.00044251848308 
94.00006103701895 57.00044251848308 
94.00006103701895 57.00044251848308 
94.00006103701895 57.00044251848308 
94.00006103701895 57.00044251848308 
94.00006103701895 57.00044251848308 
94.00006103701895 57.00044251848308 
94.00006103701895 57.00044251848308 
94.00006103701895 57.00044251848308 
94.00006103701895 57.00044251848308 
94.00006103701895 57.00044251848308 
94.00006103701895 57.00044251848308 
94.00006103701895 57.00044251848308 
94.00006103701895 57.00044251848308 
94.00006103701895 57.00044251848308 
94.00006103701895 57.00044251848308 
94.00006103701895 58.00067140730582 
94.00006103701895 58.00067140730582 
94.00006103701895 59.00090029612858 
94.00006103701895 59.00090029612858 
94.00006103701895 59.00090029612858 
95.0 59.00090029612858 
95.0 59.00090029612858 
95.0 59.00090029612858 
95.0 59.00090029612858 
95.0 59.00090029612858 
95.0 59.00090029612858 
95.0 60.00022888892178 
95.0 60.00022888892178 
95.0 60.00022888892178 
95.0 61.00045777774453 
95.0 61.00045777774453 
96.00001525925474 61.00045777774453 
96.00001525925474 61.00045777774453 
96.00001525925474 61.00045777774453 
96.00001525925474 60.00022888892178 
96.00001525925474 60.00022888892178 
95.0 59.00090029612858 
95.0 59.00090029612858 
95.0 59.00090029612858 
95.0 59.00090029612858 
95.0 59.00090029612858 
95.0 59.00090029612858 
95.0 59.00090029612858 
95.0 59.00090029612858 
95.0 59.00090029612858 
95.0 60.00022888892178 
96.00001525925474 60.00022888892178 
96.00001525925474 60.00022888892178 
96.00001525925474 60.00022888892178 
96.00001525925474 60.00022888892178 
96.00001525925474 60.00022888892178 
96.00001525925474 60.00022888892178 
96.00001525925474 60.00022888892178 
96.00001525925474 60.00022888892178 
96.00001525925474 60.00022888892178 
96.00001525925474 60.00022888892178 
96.00001525925474 60.00022888892178 
96.00001525925474 60.00022888892178 
96.00001525925474 60.00022888892178 
96.00001525925474 60.00022888892178 
96.00001525925474 60.00022888892178 
96.00001525925474 60.00022888892178 
96.00001525925474 61.00045777774453 
96.00001525925474 60.00022888892178 
96.00001525925474 60.00022888892178 
96.00001525925474 60.00022888892178 
96.00001525925474 61.00045777774453 
96.00001525925474 60.00022888892178 
96.00001525925474 60.00022888892178 
96.00001525925474 61.00045777774453 
96.00001525925474 61.00045777774453 
96.00001525925474 61.00045777774453 
96.00001525925474 61.00045777774453 
96.00001525925474 61.00045777774453 
95.0 62.000686666567276 
95.0 61.00045777774453 
95.0 61.00045777774453 
95.0 61.00045777774453 
95.0 61.00045777774453 
95.0 61.00045777774453 
95.0 60.00022888892178 
95.0 61.00045777774453 
95.0 61.00045777774453 
95.0 61.00045777774453 
95.0 60.00022888892178 
95.0 61.00045777774453 
95.0 61.00045777774453 
95.0 61.00045777774453 
96.00001525925474 60.00022888892178 
95.0 63.00001525936048 
95.0 63.00001525936048 
95.0 64.00024414818323 
95.0 64.00024414818323 
95.0 64.00024414818323 
95.0 64.00024414818323 
95.0 66.00070192582874 
96.00001525925474 66.00070192582874 
96.00001525925474 66.00070192582874 
96.00001525925474 66.00070192582874 
96.00001525925474 66.00070192582874 
96.99995422223579 68.00025940744469 
96.99995422223579 68.00025940744469 
96.99995422223579 70.00071718509018 
96.99995422223579 70.00071718509018 
96.99995422223579 70.00071718509018 
96.99995422223579 70.00071718509018 
96.99995422223579 71.00004577788339 
96.99995422223579 71.00004577788339 
96.99995422223579 71.00004577788339 
96.99995422223579 71.00004577788339 
96.99995422223579 71.00004577788339 
96.99995422223579 71.00004577788339 
96.00001525925474 71.00004577788339 
96.00001525925474 72.00027466670613 
96.00001525925474 73.00050355552888 
96.00001525925474 73.00050355552888 
96.99995422223579 73.00050355552888 
96.00001525925474 73.00050355552888 
96.00001525925474 73.00050355552888 
96.00001525925474 73.00050355552888 
96.00001525925474 73.00050355552888 
95.0 73.00050355552888 
95.0 73.00050355552888 
95.0 72.00027466670613 
95.0 72.00027466670613 
95.0 72.00027466670613 
95.0 71.00004577788339 
95.0 71.00004577788339 
95.0 70.00071718509018 
95.0 70.00071718509018 
95.0 69.00048829626743 
95.0 66.00070192582874 
95.0 65.00047303700599 
96.00001525925474 65.00047303700599 
96.00001525925474 64.00024414818323 
96.00001525925474 64.00024414818323 
96.00001525925474 62.000686666567276 
96.00001525925474 62.000686666567276 
96.00001525925474 61.00045777774453 
96.00001525925474 61.00045777774453 
96.00001525925474 60.00022888892178 
96.00001525925474 60.00022888892178 
96.00001525925474 59.00090029612858 
96.99995422223579 57.00044251848308 
96.99995422223579 57.00044251848308 
96.99995422223579 57.00044251848308 
96.99995422223579 58.00067140730582 
96.99995422223579 58.00067140730582 
96.99995422223579 58.00067140730582 
96.99995422223579 58.00067140730582 
96.99995422223579 57.00044251848308 
96.99995422223579 56.00021362966033 
96.99995422223579 56.00021362966033 
96.99995422223579 55.000885036867125 
96.00001525925474 54.00065614804438 
96.00001525925474 54.00065614804438 
96.99995422223579 54.00065614804438 
96.99995422223579 53.000427259221624 
96.99995422223579 53.000427259221624 
96.99995422223579 53.000427259221624 
96.99995422223579 53.000427259221624 
96.99995422223579 53.000427259221624 
96.99995422223579 54.00065614804438 
96.99995422223579 54.00065614804438 
96.99995422223579 54.00065614804438 
96.99995422223579 57.00044251848308 
96.99995422223579 60.00022888892178 
96.99995422223579 61.00045777774453 
96.99995422223579 62.000686666567276 
96.99995422223579 63.00001525936048 
96.99995422223579 63.00001525936048 
96.99995422223579 63.00001525936048 
96.99995422223579 62.000686666567276 
96.99995422223579 62.000686666567276 
96.99995422223579 62.000686666567276 
96.99995422223579 62.000686666567276 
97.99996948149052 63.00001525936048 
97.99996948149052 63.00001525936048 
97.99996948149052 63.00001525936048 
97.99996948149052 63.00001525936048 
97.99996948149052 63.00001525936048 
97.99996948149052 63.00001525936048 
97.99996948149052 63.00001525936048 
97.99996948149052 63.00001525936048 
97.99996948149052 64.00024414818323 
97.99996948149052 62.000686666567276 
97.99996948149052 61.00045777774453 
97.99996948149052 61.00045777774453 
97.99996948149052 61.00045777774453 
97.99996948149052 61.00045777774453 
97.99996948149052 61.00045777774453 
96.99995422223579 61.00045777774453 
96.99995422223579 61.00045777774453 
96.99995422223579 61.00045777774453 
97.99996948149052 61.00045777774453 
96.99995422223579 60.00022888892178 
96.99995422223579 59.00090029612858 
96.99995422223579 59.00090029612858 
96.99995422223579 59.00090029612858 
96.99995422223579 59.00090029612858 
97.99996948149052 59.00090029612858 
97.99996948149052 59.00090029612858 
97.99996948149052 59.00090029612858 
97.99996948149052 59.00090029612858 
97.99996948149052 59.00090029612858 
97.99996948149052 60.00022888892178 
97.99996948149052 60.00022888892178 
97.99996948149052 60.00022888892178 
97.99996948149052 60.00022888892178 
97.99996948149052 60.00022888892178 
97.99996948149052 60.00022888892178 
97.99996948149052 60.00022888892178 
97.99996948149052 61.00045777774453 
97.99996948149052 61.00045777774453 
97.99996948149052 60.00022888892178 
97.99996948149052 60.00022888892178 
97.99996948149052 60.00022888892178 
97.99996948149052 59.00090029612858 
97.99996948149052 59.00090029612858 
97.99996948149052 59.00090029612858 
97.99996948149052 60.00022888892178 
97.99996948149052 60.00022888892178 
97.99996948149052 60.00022888892178 
97.99996948149052 61.00045777774453 
97.99996948149052 61.00045777774453 
97.99996948149052 60.00022888892178 
97.99996948149052 60.00022888892178 
97.99996948149052 59.00090029612858 
97.99996948149052 59.00090029612858 
96.99995422223579 59.00090029612858 
96.99995422223579 59.00090029612858 
96.99995422223579 59.00090029612858 
96.99995422223579 59.00090029612858 
96.99995422223579 58.00067140730582 
96.99995422223579 57.00044251848308 
96.99995422223579 57.00044251848308 
96.99995422223579 56.00021362966033 
96.99995422223579 56.00021362966033 
96.99995422223579 57.00044251848308 
96.99995422223579 57.00044251848308 
96.99995422223579 58.00067140730582 
96.99995422223579 59.00090029612858 
96.99995422223579 59.00090029612858 
96.99995422223579 59.00090029612858 
96.99995422223579 59.00090029612858 
96.99995422223579 60.00022888892178 
96.99995422223579 60.00022888892178 
96.99995422223579 60.00022888892178 
96.99995422223579 61.00045777774453 
96.99995422223579 62.000686666567276 
96.99995422223579 62.000686666567276 
97.99996948149052 62.000686666567276 
97.99996948149052 63.00001525936048 
97.99996948149052 63.00001525936048 
97.99996948149052 63.00001525936048 
97.99996948149052 63.00001525936048 
97.99996948149052 63.00001525936048 
97.99996948149052 64.00024414818323 
97.99996948149052 64.00024414818323 
97.99996948149052 64.00024414818323 
97.99996948149052 64.00024414818323 
97.99996948149052 65.00047303700599 
97.99996948149052 65.00047303700599 
97.99996948149052 65.00047303700599 
97.99996948149052 65.00047303700599 
97.99996948149052 64.00024414818323 
97.99996948149052 64.00024414818323 
97.99996948149052 63.00001525936048 
97.99996948149052 63.00001525936048 
97.99996948149052 63.00001525936048 
97.99996948149052 64.00024414818323 
97.99996948149052 64.00024414818323 
97.99996948149052 64.00024414818323 
97.99996948149052 66.00070192582874 
97.99996948149052 65.00047303700599 
97.99996948149052 64.00024414818323 
97.99996948149052 64.00024414818323 
97.99996948149052 63.00001525936048 
97.99996948149052 62.000686666567276 
97.99996948149052 62.000686666567276 
97.99996948149052 61.00045777774453 
97.99996948149052 61.00045777774453 
97.99996948149052 61.00045777774453 
97.99996948149052 61.00045777774453 
97.99996948149052 61.00045777774453 
97.99996948149052 61.00045777774453 
97.99996948149052 61.00045777774453 
97.99996948149052 60.00022888892178 
97.99996948149052 60.00022888892178 
97.99996948149052 60.00022888892178 
97.99996948149052 60.00022888892178 
97.99996948149052 61.00045777774453 
97.99996948149052 61.00045777774453 
97.99996948149052 61.00045777774453 
97.99996948149052 61.00045777774453 
97.99996948149052 61.00045777774453 
97.99996948149052 61.00045777774453 
97.99996948149052 61.00045777774453 
97.99996948149052 61.00045777774453 
97.99996948149052 62.000686666567276 
97.99996948149052 62.000686666567276 
97.99996948149052 62.000686666567276 
97.99996948149052 62.000686666567276 
97.99996948149052 63.00001525936048 
97.99996948149052 64.00024414818323 
97.99996948149052 63.00001525936048 
97.99996948149052 63.00001525936048 
97.99996948149052 64.00024414818323 
97.99996948149052 64.00024414818323 
97.99996948149052 65.00047303700599 
97.99996948149052 65.00047303700599 
97.99996948149052 65.00047303700599 
97.99996948149052 65.00047303700599 
97.99996948149052 65.00047303700599 
97.99996948149052 65.00047303700599 
97.99996948149052 64.00024414818323 
97.99996948149052 64.00024414818323 
97.99996948149052 63.00001525936048 
97.99996948149052 64.00024414818323 
97.99996948149052 64.00024414818323 
97.99996948149052 64.00024414818323 
97.99996948149052 63.00001525936048 
97.99996948149052 65.00047303700599 
97.99996948149052 65.00047303700599 
97.99996948149052 64.00024414818323 
97.99996948149052 64.00024414818323 
97.99996948149052 64.00024414818323 
97.99996948149052 63.00001525936048 
97.99996948149052 63.00001525936048 
97.99996948149052 63.00001525936048 
97.99996948149052 63.00001525936048 
97.99996948149052 63.00001525936048 
97.99996948149052 63.00001525936048 
96.99995422223579 63.00001525936048 
96.99995422223579 64.00024414818323 
96.99995422223579 64.00024414818323 
96.99995422223579 64.00024414818323 
96.99995422223579 63.00001525936048 
96.99995422223579 63.00001525936048 
96.99995422223579 61.00045777774453 
96.99995422223579 61.00045777774453 
96.99995422223579 60.00022888892178 
96.99995422223579 60.00022888892178 
96.99995422223579 60.00022888892178 
96.99995422223579 60.00022888892178 
96.99995422223579 60.00022888892178 
96.99995422223579 61.00045777774453 
96.99995422223579 61.00045777774453 
97.99996948149052 61.00045777774453 
97.99996948149052 61.00045777774453 
97.99996948149052 62.000686666567276 
97.99996948149052 62.000686666567276 
97.99996948149052 62.000686666567276 
97.99996948149052 62.000686666567276 
97.99996948149052 62.000686666567276 
97.99996948149052 62.000686666567276 
97.99996948149052 62.000686666567276 
97.99996948149052 62.000686666567276 
98.99998474074526 62.000686666567276 
98.99998474074526 62.000686666567276 
98.99998474074526 63.00001525936048 
98.99998474074526 64.00024414818323 
98.99998474074526 64.00024414818323 
97.99996948149052 65.00047303700599 
97.99996948149052 65.00047303700599 
97.99996948149052 64.00024414818323 
97.99996948149052 65.00047303700599 
97.99996948149052 64.00024414818323 
97.99996948149052 63.00001525936048 
97.99996948149052 63.00001525936048 
97.99996948149052 63.00001525936048 
97.99996948149052 62.000686666567276 
97.99996948149052 62.000686666567276 
97.99996948149052 61.00045777774453 
97.99996948149052 60.00022888892178 
97.99996948149052 60.00022888892178 
97.99996948149052 59.00090029612858 
97.99996948149052 59.00090029612858 
97.99996948149052 60.00022888892178 
98.99998474074526 60.00022888892178 
98.99998474074526 60.00022888892178 
98.99998474074526 60.00022888892178 
98.99998474074526 60.00022888892178 
98.99998474074526 60.00022888892178 
98.99998474074526 60.00022888892178 
98.99998474074526 60.00022888892178 
97.99996948149052 60.00022888892178 
97.99996948149052 60.00022888892178 
97.99996948149052 60.00022888892178 
97.99996948149052 60.00022888892178 
97.99996948149052 61.00045777774453 
97.99996948149052 61.00045777774453 
97.99996948149052 61.00045777774453 
97.99996948149052 61.00045777774453 
97.99996948149052 61.00045777774453 
97.99996948149052 61.00045777774453 
97.99996948149052 61.00045777774453 
97.99996948149052 63.00001525936048 
97.99996948149052 64.00024414818323 
97.99996948149052 65.00047303700599 
97.99996948149052 65.00047303700599 
97.99996948149052 65.00047303700599 
97.99996948149052 64.00024414818323 
97.99996948149052 64.00024414818323 
97.99996948149052 63.00001525936048 
97.99996948149052 63.00001525936048 
97.99996948149052 63.00001525936048 
97.99996948149052 63.00001525936048 
97.99996948149052 63.00001525936048 
97.99996948149052 64.00024414818323 
97.99996948149052 64.00024414818323 
97.99996948149052 63.00001525936048 
97.99996948149052 64.00024414818323 
97.99996948149052 64.00024414818323 
97.99996948149052 64.00024414818323 
97.99996948149052 64.00024414818323 
97.99996948149052 65.00047303700599 
97.99996948149052 65.00047303700599 
97.99996948149052 64.00024414818323 
97.99996948149052 64.00024414818323 
97.99996948149052 64.00024414818323 
97.99996948149052 63.00001525936048 
97.99996948149052 63.00001525936048 
97.99996948149052 63.00001525936048 
97.99996948149052 63.00001525936048 
97.99996948149052 63.00001525936048 
97.99996948149052 63.00001525936048 
97.99996948149052 64.00024414818323 
97.99996948149052 64.00024414818323 
97.99996948149052 63.00001525936048 
97.99996948149052 64.00024414818323 
97.99996948149052 64.00024414818323 
97.99996948149052 64.00024414818323 
97.99996948149052 63.00001525936048 
97.99996948149052 63.00001525936048 
97.99996948149052 64.00024414818323 
97.99996948149052 63.00001525936048 
97.99996948149052 63.00001525936048 
97.99996948149052 64.00024414818323 
97.99996948149052 64.00024414818323 
97.99996948149052 64.00024414818323 
97.99996948149052 64.00024414818323 
97.99996948149052 64.00024414818323 
97.99996948149052 64.00024414818323 
98.99998474074526 64.00024414818323 
98.99998474074526 63.00001525936048 
98.99998474074526 63.00001525936048 
98.99998474074526 64.00024414818323 
97.99996948149052 68.00025940744469 
97.99996948149052 68.00025940744469 
97.99996948149052 68.00025940744469 
97.99996948149052 68.00025940744469 
97.99996948149052 70.00071718509018 
97.99996948149052 70.00071718509018 
97.99996948149052 70.00071718509018 
97.99996948149052 70.00071718509018 
97.99996948149052 71.00004577788339 
97.99996948149052 70.00071718509018 
97.99996948149052 68.00025940744469 
97.99996948149052 64.00024414818323 
97.99996948149052 63.00001525936048 
96.99995422223579 61.00045777774453 
96.99995422223579 60.00022888892178 
96.99995422223579 60.00022888892178 
96.99995422223579 60.00022888892178 
96.99995422223579 60.00022888892178 
96.99995422223579 60.00022888892178 
96.99995422223579 60.00022888892178 
96.99995422223579 60.00022888892178 
96.99995422223579 59.00090029612858 
96.99995422223579 59.00090029612858 
97.99996948149052 58.00067140730582 
97.99996948149052 58.00067140730582 
97.99996948149052 58.00067140730582 
97.99996948149052 58.00067140730582 
97.99996948149052 58.00067140730582 
97.99996948149052 58.00067140730582 
97.99996948149052 58.00067140730582 
97.99996948149052 58.00067140730582 
97.99996948149052 58.00067140730582 
97.99996948149052 57.00044251848308 
97.99996948149052 57.00044251848308 
97.99996948149052 57.00044251848308 
97.99996948149052 57.00044251848308 
97.99996948149052 57.00044251848308 
97.99996948149052 58.00067140730582 
97.99996948149052 64.00024414818323 
97.99996948149052 64.00024414818323 
97.99996948149052 67.00003051862194 
97.99996948149052 66.00070192582874 
97.99996948149052 64.00024414818323 
97.99996948149052 63.00001525936048 
97.99996948149052 62.000686666567276 
97.99996948149052 61.00045777774453 
97.99996948149052 60.00022888892178 
97.99996948149052 60.00022888892178 
97.99996948149052 60.00022888892178 
97.99996948149052 60.00022888892178 
97.99996948149052 60.00022888892178 
97.99996948149052 60.00022888892178 
97.99996948149052 61.00045777774453 
97.99996948149052 61.00045777774453 
97.99996948149052 61.00045777774453 
97.99996948149052 61.00045777774453 
97.99996948149052 60.00022888892178 
97.99996948149052 59.00090029612858 
98.99998474074526 59.00090029612858 
98.99998474074526 59.00090029612858 
98.99998474074526 59.00090029612858 
98.99998474074526 59.00090029612858 
98.99998474074526 59.00090029612858 
98.99998474074526 59.00090029612858 
98.99998474074526 59.00090029612858 
98.99998474074526 59.00090029612858 
98.99998474074526 59.00090029612858 
98.99998474074526 59.00090029612858 
98.99998474074526 58.00067140730582 
97.99996948149052 58.00067140730582 
97.99996948149052 58.00067140730582 
97.99996948149052 58.00067140730582 
97.99996948149052 58.00067140730582 
97.99996948149052 58.00067140730582 
97.99996948149052 58.00067140730582 
97.99996948149052 58.00067140730582 
97.99996948149052 58.00067140730582 
97.99996948149052 58.00067140730582 
97.99996948149052 58.00067140730582 
97.99996948149052 59.00090029612858 
97.99996948149052 58.00067140730582 
97.99996948149052 58.00067140730582 
97.99996948149052 59.00090029612858 
97.99996948149052 59.00090029612858 
97.99996948149052 59.00090029612858 
97.99996948149052 59.00090029612858 
97.99996948149052 59.00090029612858 
97.99996948149052 58.00067140730582 
97.99996948149052 58.00067140730582 
97.99996948149052 58.00067140730582 
97.99996948149052 58.00067140730582 
97.99996948149052 58.00067140730582 
97.99996948149052 58.00067140730582 
97.99996948149052 59.00090029612858 
97.99996948149052 59.00090029612858 
97.99996948149052 59.00090029612858 
97.99996948149052 59.00090029612858 
97.99996948149052 59.00090029612858 
97.99996948149052 59.00090029612858 
97.99996948149052 59.00090029612858 
97.99996948149052 58.00067140730582 
97.99996948149052 59.00090029612858 
97.99996948149052 59.00090029612858 
97.99996948149052 59.00090029612858 
97.99996948149052 59.00090029612858 
97.99996948149052 59.00090029612858 
97.99996948149052 59.00090029612858 
97.99996948149052 59.00090029612858 
97.99996948149052 59.00090029612858 
97.99996948149052 59.00090029612858 
97.99996948149052 59.00090029612858 
97.99996948149052 59.00090029612858 
97.99996948149052 59.00090029612858 
97.99996948149052 59.00090029612858 
97.99996948149052 59.00090029612858 
97.99996948149052 59.00090029612858 
97.99996948149052 59.00090029612858 
97.99996948149052 59.00090029612858 
97.99996948149052 59.00090029612858 
97.99996948149052 60.00022888892178 
97.99996948149052 59.00090029612858 
97.99996948149052 59.00090029612858 
97.99996948149052 59.00090029612858 
97.99996948149052 59.00090029612858 
97.99996948149052 59.00090029612858 
97.99996948149052 59.00090029612858 
97.99996948149052 60.00022888892178 
97.99996948149052 60.00022888892178 
96.99995422223579 59.00090029612858 
96.99995422223579 59.00090029612858 
96.99995422223579 59.00090029612858 
96.99995422223579 59.00090029612858 
96.99995422223579 59.00090029612858 
96.99995422223579 59.00090029612858 
96.99995422223579 59.00090029612858 
96.99995422223579 59.00090029612858 
96.99995422223579 59.00090029612858 
96.99995422223579 59.00090029612858 
96.99995422223579 59.00090029612858 
96.99995422223579 59.00090029612858 
96.99995422223579 58.00067140730582 
96.99995422223579 58.00067140730582 
96.99995422223579 57.00044251848308 
96.99995422223579 57.00044251848308 
96.99995422223579 57.00044251848308 
96.99995422223579 57.00044251848308 
96.99995422223579 57.00044251848308 
96.99995422223579 57.00044251848308 
96.99995422223579 57.00044251848308 
96.99995422223579 57.00044251848308 
96.99995422223579 57.00044251848308 
96.99995422223579 57.00044251848308 
96.99995422223579 57.00044251848308 
96.99995422223579 57.00044251848308 
96.99995422223579 57.00044251848308 
96.99995422223579 57.00044251848308 
96.99995422223579 57.00044251848308 
96.99995422223579 57.00044251848308 
96.99995422223579 57.00044251848308 
96.99995422223579 57.00044251848308 
96.99995422223579 56.00021362966033 
96.99995422223579 56.00021362966033 
96.99995422223579 56.00021362966033 
96.99995422223579 56.00021362966033 
96.99995422223579 56.00021362966033 
96.99995422223579 57.00044251848308 
96.99995422223579 58.00067140730582 
96.99995422223579 59.00090029612858 
96.99995422223579 60.00022888892178 
96.99995422223579 60.00022888892178 
96.99995422223579 59.00090029612858 
96.99995422223579 57.00044251848308 
96.00001525925474 56.00021362966033 
96.00001525925474 56.00021362966033 
96.00001525925474 55.000885036867125 
96.00001525925474 55.000885036867125 
96.00001525925474 55.000885036867125 
96.00001525925474 55.000885036867125 
96.00001525925474 56.00021362966033 
96.99995422223579 56.00021362966033 
96.99995422223579 56.00021362966033 
96.99995422223579 57.00044251848308 
96.99995422223579 57.00044251848308 
96.99995422223579 57.00044251848308 
96.99995422223579 56.00021362966033 
96.99995422223579 56.00021362966033 
96.99995422223579 56.00021362966033 
96.99995422223579 56.00021362966033 
96.99995422223579 56.00021362966033 
96.99995422223579 56.00021362966033 
96.99995422223579 56.00021362966033 
96.99995422223579 57.00044251848308 
96.99995422223579 57.00044251848308 
96.99995422223579 57.00044251848308 
96.99995422223579 57.00044251848308 
96.99995422223579 57.00044251848308 
96.99995422223579 57.00044251848308 
96.99995422223579 57.00044251848308 
96.99995422223579 56.00021362966033 
96.99995422223579 57.00044251848308 
96.99995422223579 57.00044251848308 
96.99995422223579 57.00044251848308 
96.99995422223579 57.00044251848308 
96.99995422223579 57.00044251848308 
96.99995422223579 57.00044251848308 
96.99995422223579 57.00044251848308 
96.99995422223579 56.00021362966033 
96.99995422223579 56.00021362966033 
96.99995422223579 56.00021362966033 
96.99995422223579 56.00021362966033 
96.99995422223579 56.00021362966033 
96.99995422223579 57.00044251848308 
96.99995422223579 57.00044251848308 
96.99995422223579 57.00044251848308 
96.99995422223579 58.00067140730582 
96.99995422223579 58.00067140730582 
96.99995422223579 58.00067140730582 
96.99995422223579 58.00067140730582 
96.99995422223579 58.00067140730582 
96.99995422223579 58.00067140730582 
96.99995422223579 58.00067140730582 
96.99995422223579 58.00067140730582 
96.99995422223579 58.00067140730582 
96.99995422223579 59.00090029612858 
97.99996948149052 58.00067140730582 
96.99995422223579 59.00090029612858 
96.99995422223579 59.00090029612858 
96.99995422223579 58.00067140730582 
96.99995422223579 58.00067140730582 
96.99995422223579 58.00067140730582 
96.99995422223579 58.00067140730582 
96.99995422223579 57.00044251848308 
96.99995422223579 58.00067140730582 
96.99995422223579 58.00067140730582 
96.99995422223579 58.00067140730582 
96.99995422223579 58.00067140730582 
96.99995422223579 59.00090029612858 
96.99995422223579 59.00090029612858 
97.99996948149052 59.00090029612858 
97.99996948149052 59.00090029612858 
97.99996948149052 60.00022888892178 
97.99996948149052 60.00022888892178 
97.99996948149052 60.00022888892178 
97.99996948149052 59.00090029612858 
97.99996948149052 59.00090029612858 
97.99996948149052 59.00090029612858 
96.99995422223579 59.00090029612858 
97.99996948149052 60.00022888892178 
97.99996948149052 60.00022888892178 
97.99996948149052 61.00045777774453 
97.99996948149052 61.00045777774453 
97.99996948149052 60.00022888892178 
97.99996948149052 59.00090029612858 
97.99996948149052 59.00090029612858 
97.99996948149052 58.00067140730582 
97.99996948149052 58.00067140730582 
97.99996948149052 57.00044251848308 
97.99996948149052 57.00044251848308 
97.99996948149052 57.00044251848308 
97.99996948149052 57.00044251848308 
97.99996948149052 57.00044251848308 
97.99996948149052 58.00067140730582 
97.99996948149052 58.00067140730582 
97.99996948149052 58.00067140730582 
97.99996948149052 58.00067140730582 
97.99996948149052 58.00067140730582 
97.99996948149052 58.00067140730582 
97.99996948149052 58.00067140730582 
97.99996948149052 58.00067140730582 
97.99996948149052 59.00090029612858 
97.99996948149052 59.00090029612858 
97.99996948149052 58.00067140730582 
97.99996948149052 58.00067140730582 
97.99996948149052 59.00090029612858 
97.99996948149052 59.00090029612858 
97.99996948149052 59.00090029612858 
97.99996948149052 58.00067140730582 
97.99996948149052 60.00022888892178 
97.99996948149052 60.00022888892178 
97.99996948149052 63.00001525936048 
97.99996948149052 66.00070192582874 
97.99996948149052 70.00071718509018 
97.99996948149052 70.00071718509018 
97.99996948149052 69.00048829626743 
97.99996948149052 69.00048829626743 
97.99996948149052 68.00025940744469 
97.99996948149052 67.00003051862194 
97.99996948149052 66.00070192582874 
97.99996948149052 66.00070192582874 
97.99996948149052 65.00047303700599 
97.99996948149052 65.00047303700599 
97.99996948149052 64.00024414818323 
97.99996948149052 64.00024414818323 
97.99996948149052 64.00024414818323 
97.99996948149052 63.00001525936048 
97.99996948149052 63.00001525936048 
97.99996948149052 62.000686666567276 
97.99996948149052 62.000686666567276 
97.99996948149052 61.00045777774453 
97.99996948149052 60.00022888892178 
