96.00001525925474 57.00019837031594 
96.00001525925474 57.00019837031594 
96.00001525925474 58.00007629627812 
96.00001525925474 58.00007629627812 
96.00001525925474 58.00007629627812 
96.00001525925474 58.00007629627812 
96.00001525925474 58.00007629627812 
96.00001525925474 57.00019837031594 
96.00001525925474 57.00019837031594 
96.00001525925474 57.00019837031594 
96.00001525925474 58.00007629627812 
96.00001525925474 58.00007629627812 
96.00001525925474 58.00007629627812 
96.00001525925474 59.00097659230774 
96.00001525925474 59.00097659230774 
96.00001525925474 59.00097659230774 
96.00001525925474 59.00097659230774 
96.00001525925474 60.00085451826991 
96.00001525925474 60.00085451826991 
96.00001525925474 60.00085451826991 
96.00001525925474 60.00085451826991 
96.00001525925474 61.00073244423208 
96.00001525925474 61.00073244423208 
96.00001525925474 61.00073244423208 
96.00001525925474 61.00073244423208 
96.00001525925474 61.00073244423208 
96.00001525925474 61.00073244423208 
96.00001525925474 60.00085451826991 
96.00001525925474 59.00097659230774 
96.00001525925474 59.00097659230774 
96.00001525925474 59.00097659230774 
96.00001525925474 59.00097659230774 
96.00001525925474 59.00097659230774 
96.00001525925474 59.00097659230774 
96.00001525925474 59.00097659230774 
96.00001525925474 59.00097659230774 
96.00001525925474 60.00085451826991 
96.00001525925474 60.00085451826991 
96.00001525925474 60.00085451826991 
96.00001525925474 60.00085451826991 
96.00001525925474 61.00073244423208 
96.00001525925474 61.00073244423208 
96.00001525925474 61.00073244423208 
96.00001525925474 61.00073244423208 
96.00001525925474 61.00073244423208 
96.00001525925474 60.00085451826991 
96.00001525925474 60.00085451826991 
96.00001525925474 60.00085451826991 
96.00001525925474 60.00085451826991 
96.00001525925474 60.00085451826991 
96.00001525925474 60.00085451826991 
96.00001525925474 59.00097659230774 
96.00001525925474 59.00097659230774 
96.00001525925474 59.00097659230774 
96.00001525925474 59.00097659230774 
96.00001525925474 59.00097659230774 
96.00001525925474 60.00085451826991 
96.00001525925474 60.00085451826991 
96.00001525925474 59.00097659230774 
96.00001525925474 59.00097659230774 
96.00001525925474 59.00097659230774 
95.0 59.00097659230774 
95.0 58.00007629627812 
95.0 58.00007629627812 
96.00001525925474 58.00007629627812 
96.00001525925474 58.00007629627812 
96.00001525925474 58.00007629627812 
96.00001525925474 58.00007629627812 
96.00001525925474 58.00007629627812 
96.00001525925474 58.00007629627812 
96.00001525925474 58.00007629627812 
96.00001525925474 58.00007629627812 
96.00001525925474 58.00007629627812 
96.99995422223579 58.00007629627812 
96.00001525925474 58.00007629627812 
96.00001525925474 58.00007629627812 
96.00001525925474 58.00007629627812 
96.00001525925474 58.00007629627812 
96.00001525925474 58.00007629627812 
96.00001525925474 58.00007629627812 
96.00001525925474 58.00007629627812 
96.00001525925474 58.00007629627812 
96.00001525925474 58.00007629627812 
96.00001525925474 58.00007629627812 
96.00001525925474 58.00007629627812 
96.00001525925474 58.00007629627812 
96.00001525925474 58.00007629627812 
96.00001525925474 58.00007629627812 
96.00001525925474 58.00007629627812 
96.00001525925474 58.00007629627812 
96.00001525925474 58.00007629627812 
96.00001525925474 59.00097659230774 
96.00001525925474 59.00097659230774 
96.00001525925474 59.00097659230774 
96.00001525925474 59.00097659230774 
96.00001525925474 58.00007629627812 
96.99995422223579 58.00007629627812 
96.99995422223579 58.00007629627812 
96.00001525925474 58.00007629627812 
96.00001525925474 59.00097659230774 
96.00001525925474 59.00097659230774 
96.00001525925474 59.00097659230774 
96.00001525925474 59.00097659230774 
96.00001525925474 59.00097659230774 
96.00001525925474 59.00097659230774 
96.00001525925474 59.00097659230774 
96.00001525925474 59.00097659230774 
96.00001525925474 59.00097659230774 
95.0 59.00097659230774 
95.0 60.00085451826991 
95.0 60.00085451826991 
95.0 60.00085451826991 
95.0 59.00097659230774 
96.00001525925474 59.00097659230774 
96.00001525925474 59.00097659230774 
96.00001525925474 58.00007629627812 
96.00001525925474 59.00097659230774 
96.00001525925474 59.00097659230774 
96.00001525925474 59.00097659230774 
96.00001525925474 60.00085451826991 
96.00001525925474 60.00085451826991 
96.00001525925474 60.00085451826991 
96.00001525925474 60.00085451826991 
96.00001525925474 61.00073244423208 
96.00001525925474 61.00073244423208 
96.00001525925474 61.00073244423208 
96.00001525925474 61.00073244423208 
96.00001525925474 61.00073244423208 
96.00001525925474 61.00073244423208 
96.00001525925474 61.00073244423208 
96.00001525925474 61.00073244423208 
96.00001525925474 61.00073244423208 
96.00001525925474 60.00085451826991 
96.00001525925474 60.00085451826991 
96.00001525925474 60.00085451826991 
96.00001525925474 60.00085451826991 
96.00001525925474 59.00097659230774 
96.00001525925474 59.00097659230774 
96.00001525925474 60.00085451826991 
96.00001525925474 60.00085451826991 
96.00001525925474 59.00097659230774 
96.00001525925474 59.00097659230774 
96.00001525925474 60.00085451826991 
96.00001525925474 59.00097659230774 
96.00001525925474 59.00097659230774 
96.00001525925474 59.00097659230774 
96.00001525925474 59.00097659230774 
96.00001525925474 59.00097659230774 
96.00001525925474 58.00007629627812 
96.00001525925474 59.00097659230774 
96.00001525925474 59.00097659230774 
96.00001525925474 58.00007629627812 
96.00001525925474 58.00007629627812 
96.00001525925474 58.00007629627812 
96.00001525925474 58.00007629627812 
96.00001525925474 58.00007629627812 
96.00001525925474 59.00097659230774 
96.00001525925474 60.00085451826991 
96.00001525925474 60.00085451826991 
96.00001525925474 60.00085451826991 
96.00001525925474 60.00085451826991 
96.00001525925474 61.00073244423208 
96.00001525925474 61.00073244423208 
96.00001525925474 60.00085451826991 
96.00001525925474 60.00085451826991 
96.00001525925474 61.00073244423208 
96.00001525925474 61.00073244423208 
96.00001525925474 61.00073244423208 
96.00001525925474 61.00073244423208 
96.00001525925474 61.00073244423208 
96.00001525925474 61.00073244423208 
96.00001525925474 60.00085451826991 
96.00001525925474 60.00085451826991 
96.00001525925474 60.00085451826991 
96.00001525925474 60.00085451826991 
96.00001525925474 60.00085451826991 
96.00001525925474 60.00085451826991 
96.00001525925474 60.00085451826991 
96.00001525925474 60.00085451826991 
96.00001525925474 60.00085451826991 
96.00001525925474 60.00085451826991 
96.00001525925474 60.00085451826991 
96.00001525925474 60.00085451826991 
96.00001525925474 60.00085451826991 
96.00001525925474 60.00085451826991 
96.00001525925474 59.00097659230774 
96.00001525925474 59.00097659230774 
96.00001525925474 59.00097659230774 
96.00001525925474 59.00097659230774 
96.00001525925474 59.00097659230774 
96.00001525925474 58.00007629627812 
96.00001525925474 58.00007629627812 
96.00001525925474 58.00007629627812 
96.00001525925474 58.00007629627812 
96.00001525925474 57.00019837031594 
96.00001525925474 57.00019837031594 
96.00001525925474 57.00019837031594 
96.00001525925474 57.00019837031594 
96.00001525925474 57.00019837031594 
96.00001525925474 57.00019837031594 
96.00001525925474 57.00019837031594 
96.00001525925474 57.00019837031594 
96.00001525925474 58.00007629627812 
96.00001525925474 58.00007629627812 
96.00001525925474 58.00007629627812 
96.00001525925474 58.00007629627812 
96.00001525925474 58.00007629627812 
96.00001525925474 58.00007629627812 
96.00001525925474 58.00007629627812 
96.00001525925474 59.00097659230774 
96.00001525925474 59.00097659230774 
95.0 59.00097659230774 
95.0 59.00097659230774 
95.0 60.00085451826991 
95.0 59.00097659230774 
95.0 59.00097659230774 
95.0 59.00097659230774 
95.0 59.00097659230774 
95.0 59.00097659230774 
96.00001525925474 59.00097659230774 
96.00001525925474 59.00097659230774 
96.00001525925474 59.00097659230774 
96.00001525925474 58.00007629627812 
96.00001525925474 58.00007629627812 
96.00001525925474 58.00007629627812 
96.00001525925474 58.00007629627812 
96.00001525925474 58.00007629627812 
96.00001525925474 59.00097659230774 
96.00001525925474 60.00085451826991 
96.00001525925474 60.00085451826991 
96.00001525925474 61.00073244423208 
96.00001525925474 62.00061037019425 
96.00001525925474 62.00061037019425 
96.00001525925474 61.00073244423208 
96.00001525925474 60.00085451826991 
96.00001525925474 59.00097659230774 
96.00001525925474 58.00007629627812 
96.00001525925474 57.00019837031594 
96.00001525925474 57.00019837031594 
96.00001525925474 57.00019837031594 
96.00001525925474 57.00019837031594 
96.00001525925474 57.00019837031594 
96.00001525925474 57.00019837031594 
96.00001525925474 57.00019837031594 
96.00001525925474 58.00007629627812 
96.00001525925474 58.00007629627812 
96.00001525925474 58.00007629627812 
96.00001525925474 59.00097659230774 
96.00001525925474 59.00097659230774 
96.00001525925474 59.00097659230774 
96.00001525925474 60.00085451826991 
96.00001525925474 61.00073244423208 
96.00001525925474 61.00073244423208 
96.00001525925474 61.00073244423208 
96.00001525925474 61.00073244423208 
96.00001525925474 61.00073244423208 
96.00001525925474 61.00073244423208 
96.00001525925474 62.00061037019425 
96.99995422223579 62.00061037019425 
96.99995422223579 61.00073244423208 
96.99995422223579 62.00061037019425 
96.99995422223579 62.00061037019425 
96.99995422223579 62.00061037019425 
96.99995422223579 62.00061037019425 
96.99995422223579 62.00061037019425 
96.99995422223579 62.00061037019425 
96.00001525925474 62.00061037019425 
96.00001525925474 62.00061037019425 
96.00001525925474 63.000488296156426 
96.00001525925474 63.000488296156426 
96.99995422223579 63.000488296156426 
96.00001525925474 63.000488296156426 
96.00001525925474 64.0003662221186 
96.00001525925474 65.00024414808077 
96.00001525925474 64.0003662221186 
96.00001525925474 64.0003662221186 
96.00001525925474 63.000488296156426 
96.00001525925474 63.000488296156426 
96.00001525925474 62.00061037019425 
96.00001525925474 63.000488296156426 
96.00001525925474 63.000488296156426 
96.00001525925474 63.000488296156426 
96.00001525925474 63.000488296156426 
96.00001525925474 63.000488296156426 
96.00001525925474 63.000488296156426 
96.99995422223579 63.000488296156426 
96.99995422223579 63.000488296156426 
96.99995422223579 66.00012207404295 
96.99995422223579 66.00012207404295 
96.00001525925474 66.00012207404295 
96.00001525925474 65.00024414808077 
96.00001525925474 63.000488296156426 
96.00001525925474 62.00061037019425 
96.00001525925474 61.00073244423208 
96.00001525925474 60.00085451826991 
96.00001525925474 60.00085451826991 
96.00001525925474 63.000488296156426 
96.00001525925474 63.000488296156426 
96.00001525925474 62.00061037019425 
96.00001525925474 64.0003662221186 
96.00001525925474 62.00061037019425 
96.00001525925474 58.00007629627812 
96.00001525925474 58.00007629627812 
96.00001525925474 59.00097659230774 
96.00001525925474 59.00097659230774 
96.00001525925474 59.00097659230774 
96.00001525925474 59.00097659230774 
96.00001525925474 59.00097659230774 
96.00001525925474 59.00097659230774 
96.00001525925474 59.00097659230774 
96.00001525925474 59.00097659230774 
96.99995422223579 61.00073244423208 
96.99995422223579 68.00090029603473 
96.99995422223579 77.00082399976174 
96.99995422223579 83.00009155553477 
96.99995422223579 83.00009155553477 
96.99995422223579 87.99948118534563 
96.99995422223579 89.99923703726996 
96.99995422223579 89.99923703726996 
96.99995422223579 89.99923703726996 
96.99995422223579 89.99923703726996 
96.99995422223579 90.99911496323215 
96.99995422223579 90.99911496323215 
96.00001525925474 86.99960325938345 
96.00001525925474 81.00033570361042 
96.00001525925474 81.00033570361042 
96.00001525925474 75.00004577776994 
95.0 69.00077822199691 
95.0 65.00024414808077 
95.0 62.00061037019425 
95.0 60.00085451826991 
94.00006103701895 59.00097659230774 
94.00006103701895 59.00097659230774 
94.00006103701895 59.00097659230774 
94.00006103701895 60.00085451826991 
94.00006103701895 61.00073244423208 
94.00006103701895 63.000488296156426 
94.00006103701895 63.000488296156426 
94.00006103701895 63.000488296156426 
94.00006103701895 64.0003662221186 
94.00006103701895 65.00024414808077 
94.00006103701895 66.00012207404295 
94.00006103701895 67.00000000000512 
94.00006103701895 67.00000000000512 
94.00006103701895 69.00077822199691 
94.00006103701895 72.00041199988343 
94.00006103701895 75.00004577776994 
94.00006103701895 75.00004577776994 
94.00006103701895 76.00094607379955 
95.0 77.00082399976174 
94.00006103701895 77.00082399976174 
95.0 74.00016785180776 
94.00006103701895 73.00028992584559 
95.0 72.00041199988343 
95.0 72.00041199988343 
94.00006103701895 72.00041199988343 
94.00006103701895 72.00041199988343 
94.00006103701895 73.00028992584559 
94.00006103701895 74.00016785180776 
95.0 75.00004577776994 
94.00006103701895 75.00004577776994 
94.00006103701895 74.00016785180776 
94.00006103701895 74.00016785180776 
94.00006103701895 73.00028992584559 
94.00006103701895 73.00028992584559 
94.00006103701895 73.00028992584559 
94.00006103701895 74.00016785180776 
94.00006103701895 74.00016785180776 
94.00006103701895 74.00016785180776 
94.00006103701895 75.00004577776994 
94.00006103701895 75.00004577776994 
94.00006103701895 75.00004577776994 
94.00006103701895 75.00004577776994 
94.00006103701895 75.00004577776994 
94.00006103701895 75.00004577776994 
94.00006103701895 75.00004577776994 
94.00006103701895 75.00004577776994 
94.00006103701895 75.00004577776994 
94.00006103701895 76.00094607379955 
94.00006103701895 76.00094607379955 
95.0 76.00094607379955 
95.0 76.00094607379955 
95.0 75.00004577776994 
95.0 73.00028992584559 
95.0 72.00041199988343 
95.0 71.00053407392124 
95.0 70.00065614795908 
95.0 69.00077822199691 
95.0 68.00090029603473 
95.0 68.00090029603473 
95.0 69.00077822199691 
95.0 69.00077822199691 
95.0 69.00077822199691 
95.0 70.00065614795908 
95.0 70.00065614795908 
95.0 70.00065614795908 
95.0 70.00065614795908 
95.0 71.00053407392124 
95.0 71.00053407392124 
95.0 71.00053407392124 
95.0 71.00053407392124 
95.0 71.00053407392124 
95.0 71.00053407392124 
95.0 71.00053407392124 
95.0 71.00053407392124 
95.0 73.00028992584559 
95.0 73.00028992584559 
95.0 74.00016785180776 
95.0 74.00016785180776 
95.0 74.00016785180776 
95.0 78.0007019257239 
96.00001525925474 79.00057985168607 
96.00001525925474 80.00045777764825 
96.00001525925474 80.00045777764825 
96.00001525925474 81.00033570361042 
96.00001525925474 81.00033570361042 
96.00001525925474 81.00033570361042 
96.00001525925474 81.00033570361042 
96.00001525925474 81.00033570361042 
96.00001525925474 81.00033570361042 
96.00001525925474 81.00033570361042 
96.00001525925474 81.00033570361042 
96.00001525925474 81.00033570361042 
96.00001525925474 81.00033570361042 
96.00001525925474 81.00033570361042 
96.00001525925474 81.00033570361042 
96.00001525925474 81.00033570361042 
96.00001525925474 81.00033570361042 
96.00001525925474 81.00033570361042 
96.00001525925474 81.00033570361042 
96.00001525925474 81.00033570361042 
96.00001525925474 81.00033570361042 
96.00001525925474 81.00033570361042 
96.00001525925474 81.00033570361042 
96.00001525925474 81.00033570361042 
96.00001525925474 81.00033570361042 
96.00001525925474 81.00033570361042 
96.00001525925474 81.00033570361042 
95.0 82.00021362957258 
95.0 82.00021362957258 
95.0 82.00021362957258 
95.0 81.00033570361042 
95.0 81.00033570361042 
95.0 81.00033570361042 
95.0 80.00045777764825 
95.0 80.00045777764825 
95.0 76.00094607379955 
95.0 76.00094607379955 
95.0 76.00094607379955 
95.0 76.00094607379955 
95.0 76.00094607379955 
95.0 76.00094607379955 
95.0 77.00082399976174 
95.0 77.00082399976174 
95.0 77.00082399976174 
95.0 77.00082399976174 
95.0 77.00082399976174 
95.0 77.00082399976174 
95.0 77.00082399976174 
95.0 77.00082399976174 
95.0 77.00082399976174 
95.0 77.00082399976174 
95.0 77.00082399976174 
95.0 77.00082399976174 
95.0 77.00082399976174 
95.0 77.00082399976174 
95.0 77.00082399976174 
95.0 77.00082399976174 
95.0 77.00082399976174 
95.0 77.00082399976174 
95.0 80.00045777764825 
95.0 80.00045777764825 
95.0 80.00045777764825 
95.0 83.99996948149693 
95.0 83.99996948149693 
95.0 84.99984740745911 
95.0 84.99984740745911 
95.0 86.99960325938345 
95.0 86.99960325938345 
95.0 86.99960325938345 
95.0 86.99960325938345 
95.0 86.99960325938345 
95.0 85.99972533342128 
95.0 85.99972533342128 
95.0 85.99972533342128 
95.0 85.99972533342128 
95.0 85.99972533342128 
95.0 85.99972533342128 
95.0 85.99972533342128 
95.0 84.99984740745911 
95.0 84.99984740745911 
95.0 88.9993591113078 
95.0 92.99989318522394 
95.0 92.99989318522394 
95.0 92.99989318522394 
95.0 92.99989318522394 
95.0 92.99989318522394 
95.0 94.99964903714827 
95.0 94.99964903714827 
95.0 94.99964903714827 
95.0 94.99964903714827 
95.0 94.99964903714827 
95.0 94.99964903714827 
95.0 93.9997711111861 
95.0 93.9997711111861 
95.0 93.9997711111861 
95.0 93.9997711111861 
95.0 93.9997711111861 
95.0 92.99989318522394 
95.0 91.99899288919431 
95.0 85.99972533342128 
95.0 81.00033570361042 
95.0 81.00033570361042 
95.0 87.99948118534563 
95.0 87.99948118534563 
95.0 90.99911496323215 
95.0 95.99952696311045 
95.0 95.99952696311045 
95.0 95.99952696311045 
95.0 96.99940488907262 
95.0 96.99940488907262 
95.0 97.99928281503479 
95.0 98.99916074099697 
95.0 98.99916074099697 
95.0 98.99916074099697 
95.0 99.99903866695914 
95.0 99.99903866695914 
95.0 99.99903866695914 
95.0 99.99903866695914 
95.0 99.99903866695914 
95.0 99.99903866695914 
95.0 99.99903866695914 
95.0 99.99903866695914 
95.0 99.99903866695914 
95.0 99.99903866695914 
95.0 99.99903866695914 
95.0 99.99903866695914 
95.0 99.99903866695914 
95.0 99.99903866695914 
95.0 99.99903866695914 
95.0 99.99903866695914 
95.0 99.99903866695914 
95.0 99.99903866695914 
95.0 99.99903866695914 
95.0 99.99903866695914 
95.0 99.99903866695914 
95.0 99.99903866695914 
95.0 99.99903866695914 
95.0 100.99993896298876 
95.0 101.99981688895093 
95.0 101.99981688895093 
95.0 101.99981688895093 
95.0 101.99981688895093 
95.0 101.99981688895093 
95.0 103.99957274087528 
95.0 102.9996948149131 
95.0 102.9996948149131 
95.0 102.9996948149131 
95.0 102.9996948149131 
95.0 102.9996948149131 
95.0 102.9996948149131 
94.00006103701895 101.99981688895093 
94.00006103701895 101.99981688895093 
94.00006103701895 101.99981688895093 
94.00006103701895 101.99981688895093 
94.00006103701895 101.99981688895093 
94.00006103701895 101.99981688895093 
94.00006103701895 101.99981688895093 
94.00006103701895 102.9996948149131 
94.00006103701895 103.99957274087528 
94.00006103701895 103.99957274087528 
94.00006103701895 103.99957274087528 
94.00006103701895 103.99957274087528 
94.00006103701895 103.99957274087528 
94.00006103701895 104.99945066683745 
94.00006103701895 105.99932859279961 
94.00006103701895 105.99932859279961 
94.00006103701895 105.99932859279961 
94.00006103701895 107.99908444472396 
94.00006103701895 107.99908444472396 
94.00006103701895 107.99908444472396 
94.00006103701895 107.99908444472396 
94.00006103701895 107.99908444472396 
94.00006103701895 107.99908444472396 
94.00006103701895 108.99998474075358 
94.00006103701895 108.99998474075358 
94.00006103701895 107.99908444472396 
94.00006103701895 107.99908444472396 
94.00006103701895 107.99908444472396 
94.00006103701895 108.99998474075358 
94.00006103701895 108.99998474075358 
94.00006103701895 107.99908444472396 
94.00006103701895 107.99908444472396 
94.00006103701895 112.99949644460227 
95.0 114.99925229652662 
95.0 114.99925229652662 
95.0 116.99900814845095 
95.0 114.99925229652662 
95.0 112.99949644460227 
95.0 112.99949644460227 
95.0 112.99949644460227 
95.0 112.99949644460227 
95.0 111.9996185186401 
95.0 109.99986266671576 
95.0 107.99908444472396 
95.0 104.99945066683745 
95.0 105.99932859279961 
95.0 103.99957274087528 
94.00006103701895 103.99957274087528 
94.00006103701895 105.99932859279961 
94.00006103701895 105.99932859279961 
94.00006103701895 105.99932859279961 
94.00006103701895 105.99932859279961 
94.00006103701895 105.99932859279961 
94.00006103701895 106.9992065187618 
94.00006103701895 106.9992065187618 
94.00006103701895 105.99932859279961 
94.00006103701895 105.99932859279961 
94.00006103701895 105.99932859279961 
94.00006103701895 104.99945066683745 
95.0 104.99945066683745 
95.0 105.99932859279961 
95.0 105.99932859279961 
95.0 105.99932859279961 
95.0 107.99908444472396 
95.0 107.99908444472396 
96.00001525925474 78.0007019257239 
96.00001525925474 79.00057985168607 
96.00001525925474 78.0007019257239 
96.00001525925474 79.00057985168607 
95.0 80.00045777764825 
95.0 75.00004577776994 
95.0 75.00004577776994 
95.0 75.00004577776994 
95.0 73.00028992584559 
95.0 71.00053407392124 
95.0 70.00065614795908 
96.00001525925474 68.00090029603473 
96.00001525925474 67.00000000000512 
96.00001525925474 65.00024414808077 
96.00001525925474 64.0003662221186 
96.99995422223579 62.00061037019425 
96.99995422223579 60.00085451826991 
96.99995422223579 59.00097659230774 
96.99995422223579 58.00007629627812 
96.99995422223579 58.00007629627812 
96.99995422223579 58.00007629627812 
96.99995422223579 57.00019837031594 
96.99995422223579 57.00019837031594 
96.99995422223579 57.00019837031594 
96.99995422223579 57.00019837031594 
96.99995422223579 57.00019837031594 
96.99995422223579 58.00007629627812 
96.99995422223579 58.00007629627812 
96.99995422223579 58.00007629627812 
96.99995422223579 58.00007629627812 
96.99995422223579 58.00007629627812 
96.99995422223579 58.00007629627812 
96.99995422223579 58.00007629627812 
96.99995422223579 59.00097659230774 
96.99995422223579 59.00097659230774 
96.99995422223579 60.00085451826991 
96.99995422223579 60.00085451826991 
96.99995422223579 60.00085451826991 
96.99995422223579 61.00073244423208 
96.99995422223579 62.00061037019425 
96.00001525925474 65.00024414808077 
96.00001525925474 66.00012207404295 
96.00001525925474 68.00090029603473 
96.00001525925474 66.00012207404295 
96.00001525925474 64.0003662221186 
96.00001525925474 62.00061037019425 
96.00001525925474 62.00061037019425 
96.00001525925474 61.00073244423208 
96.00001525925474 61.00073244423208 
96.00001525925474 61.00073244423208 
96.00001525925474 60.00085451826991 
96.00001525925474 60.00085451826991 
96.00001525925474 59.00097659230774 
96.00001525925474 58.00007629627812 
96.00001525925474 58.00007629627812 
96.00001525925474 58.00007629627812 
96.00001525925474 58.00007629627812 
96.00001525925474 58.00007629627812 
96.00001525925474 58.00007629627812 
96.00001525925474 58.00007629627812 
96.00001525925474 58.00007629627812 
96.00001525925474 58.00007629627812 
96.00001525925474 58.00007629627812 
96.00001525925474 59.00097659230774 
96.00001525925474 59.00097659230774 
96.00001525925474 59.00097659230774 
96.00001525925474 60.00085451826991 
96.00001525925474 60.00085451826991 
96.00001525925474 60.00085451826991 
96.00001525925474 60.00085451826991 
96.00001525925474 60.00085451826991 
96.00001525925474 60.00085451826991 
96.00001525925474 60.00085451826991 
96.00001525925474 59.00097659230774 
96.00001525925474 59.00097659230774 
96.00001525925474 59.00097659230774 
96.00001525925474 59.00097659230774 
96.99995422223579 60.00085451826991 
96.99995422223579 60.00085451826991 
96.99995422223579 59.00097659230774 
96.99995422223579 59.00097659230774 
96.00001525925474 59.00097659230774 
96.00001525925474 59.00097659230774 
96.00001525925474 59.00097659230774 
96.00001525925474 59.00097659230774 
96.00001525925474 59.00097659230774 
96.99995422223579 59.00097659230774 
96.99995422223579 59.00097659230774 
96.99995422223579 59.00097659230774 
96.99995422223579 59.00097659230774 
96.99995422223579 59.00097659230774 
96.99995422223579 59.00097659230774 
96.99995422223579 60.00085451826991 
96.99995422223579 59.00097659230774 
96.99995422223579 59.00097659230774 
96.99995422223579 59.00097659230774 
96.99995422223579 59.00097659230774 
96.99995422223579 59.00097659230774 
96.99995422223579 59.00097659230774 
96.99995422223579 59.00097659230774 
96.99995422223579 59.00097659230774 
96.99995422223579 59.00097659230774 
96.99995422223579 59.00097659230774 
96.99995422223579 60.00085451826991 
96.00001525925474 59.00097659230774 
96.00001525925474 59.00097659230774 
96.00001525925474 59.00097659230774 
96.00001525925474 59.00097659230774 
96.00001525925474 59.00097659230774 
96.00001525925474 59.00097659230774 
96.00001525925474 59.00097659230774 
96.00001525925474 59.00097659230774 
96.00001525925474 58.00007629627812 
96.00001525925474 58.00007629627812 
96.00001525925474 58.00007629627812 
96.00001525925474 58.00007629627812 
96.00001525925474 58.00007629627812 
96.00001525925474 58.00007629627812 
96.00001525925474 58.00007629627812 
96.00001525925474 59.00097659230774 
96.00001525925474 59.00097659230774 
96.00001525925474 59.00097659230774 
96.00001525925474 59.00097659230774 
96.00001525925474 59.00097659230774 
96.00001525925474 59.00097659230774 
96.00001525925474 59.00097659230774 
96.00001525925474 58.00007629627812 
96.00001525925474 58.00007629627812 
96.00001525925474 58.00007629627812 
96.00001525925474 57.00019837031594 
96.00001525925474 57.00019837031594 
96.00001525925474 57.00019837031594 
96.00001525925474 57.00019837031594 
96.00001525925474 57.00019837031594 
96.00001525925474 58.00007629627812 
96.00001525925474 58.00007629627812 
96.00001525925474 58.00007629627812 
96.00001525925474 58.00007629627812 
96.00001525925474 58.00007629627812 
96.00001525925474 58.00007629627812 
96.00001525925474 58.00007629627812 
96.00001525925474 59.00097659230774 
96.00001525925474 59.00097659230774 
96.00001525925474 59.00097659230774 
96.00001525925474 59.00097659230774 
96.00001525925474 60.00085451826991 
96.00001525925474 60.00085451826991 
96.00001525925474 60.00085451826991 
96.00001525925474 60.00085451826991 
96.00001525925474 60.00085451826991 
96.00001525925474 59.00097659230774 
96.00001525925474 59.00097659230774 
96.00001525925474 59.00097659230774 
96.00001525925474 58.00007629627812 
96.99995422223579 58.00007629627812 
96.99995422223579 58.00007629627812 
96.99995422223579 58.00007629627812 
96.99995422223579 58.00007629627812 
96.00001525925474 58.00007629627812 
96.00001525925474 58.00007629627812 
96.00001525925474 58.00007629627812 
96.00001525925474 58.00007629627812 
96.00001525925474 58.00007629627812 
96.00001525925474 57.00019837031594 
96.00001525925474 57.00019837031594 
96.00001525925474 57.00019837031594 
96.00001525925474 57.00019837031594 
96.00001525925474 58.00007629627812 
96.00001525925474 58.00007629627812 
96.00001525925474 59.00097659230774 
96.00001525925474 59.00097659230774 
96.00001525925474 59.00097659230774 
96.00001525925474 59.00097659230774 
96.00001525925474 59.00097659230774 
96.00001525925474 59.00097659230774 
96.00001525925474 59.00097659230774 
96.00001525925474 59.00097659230774 
96.00001525925474 59.00097659230774 
96.00001525925474 59.00097659230774 
96.00001525925474 59.00097659230774 
96.00001525925474 59.00097659230774 
96.00001525925474 60.00085451826991 
96.00001525925474 60.00085451826991 
96.00001525925474 60.00085451826991 
96.00001525925474 60.00085451826991 
96.00001525925474 60.00085451826991 
96.99995422223579 60.00085451826991 
96.99995422223579 60.00085451826991 
96.99995422223579 60.00085451826991 
96.99995422223579 60.00085451826991 
96.00001525925474 61.00073244423208 
96.00001525925474 61.00073244423208 
96.00001525925474 61.00073244423208 
96.00001525925474 62.00061037019425 
96.00001525925474 62.00061037019425 
96.00001525925474 62.00061037019425 
96.00001525925474 62.00061037019425 
96.00001525925474 62.00061037019425 
96.00001525925474 61.00073244423208 
96.00001525925474 60.00085451826991 
96.00001525925474 60.00085451826991 
96.00001525925474 60.00085451826991 
96.00001525925474 60.00085451826991 
96.00001525925474 60.00085451826991 
96.00001525925474 60.00085451826991 
96.00001525925474 60.00085451826991 
96.00001525925474 60.00085451826991 
96.00001525925474 60.00085451826991 
96.00001525925474 60.00085451826991 
96.00001525925474 60.00085451826991 
96.00001525925474 60.00085451826991 
96.00001525925474 60.00085451826991 
96.00001525925474 60.00085451826991 
96.00001525925474 59.00097659230774 
96.00001525925474 59.00097659230774 
96.00001525925474 59.00097659230774 
96.00001525925474 59.00097659230774 
96.00001525925474 58.00007629627812 
96.00001525925474 58.00007629627812 
96.00001525925474 58.00007629627812 
96.00001525925474 58.00007629627812 
96.00001525925474 58.00007629627812 
96.00001525925474 59.00097659230774 
96.00001525925474 59.00097659230774 
96.00001525925474 59.00097659230774 
96.00001525925474 59.00097659230774 
96.00001525925474 59.00097659230774 
96.00001525925474 59.00097659230774 
96.00001525925474 59.00097659230774 
96.00001525925474 59.00097659230774 
96.00001525925474 60.00085451826991 
95.0 60.00085451826991 
95.0 60.00085451826991 
95.0 59.00097659230774 
95.0 59.00097659230774 
95.0 59.00097659230774 
95.0 59.00097659230774 
95.0 59.00097659230774 
95.0 59.00097659230774 
95.0 60.00085451826991 
96.00001525925474 60.00085451826991 
95.0 60.00085451826991 
96.00001525925474 60.00085451826991 
96.00001525925474 60.00085451826991 
96.00001525925474 60.00085451826991 
96.00001525925474 60.00085451826991 
96.00001525925474 60.00085451826991 
96.00001525925474 60.00085451826991 
96.00001525925474 60.00085451826991 
96.00001525925474 59.00097659230774 
96.00001525925474 59.00097659230774 
96.00001525925474 59.00097659230774 
96.00001525925474 59.00097659230774 
96.00001525925474 59.00097659230774 
96.00001525925474 59.00097659230774 
96.00001525925474 59.00097659230774 
96.00001525925474 58.00007629627812 
96.00001525925474 58.00007629627812 
96.00001525925474 58.00007629627812 
96.00001525925474 59.00097659230774 
96.00001525925474 59.00097659230774 
96.00001525925474 59.00097659230774 
96.00001525925474 60.00085451826991 
96.00001525925474 60.00085451826991 
96.00001525925474 60.00085451826991 
96.00001525925474 59.00097659230774 
96.00001525925474 58.00007629627812 
96.00001525925474 57.00019837031594 
96.00001525925474 57.00019837031594 
96.00001525925474 57.00019837031594 
96.00001525925474 57.00019837031594 
96.00001525925474 58.00007629627812 
96.00001525925474 58.00007629627812 
96.00001525925474 57.00019837031594 
96.00001525925474 57.00019837031594 
96.00001525925474 57.00019837031594 
96.00001525925474 57.00019837031594 
96.00001525925474 57.00019837031594 
96.00001525925474 57.00019837031594 
96.00001525925474 56.000320444353775 
96.00001525925474 56.000320444353775 
96.00001525925474 56.000320444353775 
96.00001525925474 57.00019837031594 
96.00001525925474 57.00019837031594 
96.00001525925474 57.00019837031594 
96.00001525925474 57.00019837031594 
96.00001525925474 58.00007629627812 
96.00001525925474 58.00007629627812 
96.00001525925474 58.00007629627812 
96.00001525925474 58.00007629627812 
96.00001525925474 58.00007629627812 
96.00001525925474 57.00019837031594 
96.00001525925474 57.00019837031594 
96.00001525925474 57.00019837031594 
96.00001525925474 57.00019837031594 
96.00001525925474 57.00019837031594 
96.00001525925474 57.00019837031594 
96.00001525925474 57.00019837031594 
96.00001525925474 58.00007629627812 
96.00001525925474 58.00007629627812 
96.00001525925474 58.00007629627812 
96.99995422223579 65.00024414808077 
96.99995422223579 67.00000000000512 
96.99995422223579 69.00077822199691 
96.99995422223579 69.00077822199691 
96.99995422223579 69.00077822199691 
96.99995422223579 69.00077822199691 
96.99995422223579 71.00053407392124 
96.99995422223579 72.00041199988343 
96.99995422223579 73.00028992584559 
96.99995422223579 75.00004577776994 
96.99995422223579 75.00004577776994 
96.99995422223579 76.00094607379955 
96.99995422223579 76.00094607379955 
96.99995422223579 79.00057985168607 
96.99995422223579 79.00057985168607 
96.99995422223579 80.00045777764825 
96.99995422223579 80.00045777764825 
96.99995422223579 81.00033570361042 
96.99995422223579 81.00033570361042 
96.99995422223579 80.00045777764825 
96.00001525925474 75.00004577776994 
96.00001525925474 69.00077822199691 
96.00001525925474 64.0003662221186 
96.00001525925474 60.00085451826991 
96.00001525925474 60.00085451826991 
96.00001525925474 57.00019837031594 
96.99995422223579 55.0004425183916 
96.99995422223579 53.00068666646725 
96.99995422223579 53.00068666646725 
96.99995422223579 53.00068666646725 
96.99995422223579 55.0004425183916 
96.99995422223579 57.00019837031594 
96.99995422223579 56.000320444353775 
96.99995422223579 55.0004425183916 
96.99995422223579 55.0004425183916 
97.99996948149052 55.0004425183916 
97.99996948149052 54.00056459242943 
97.99996948149052 53.00068666646725 
97.99996948149052 53.00068666646725 
97.99996948149052 53.00068666646725 
97.99996948149052 53.00068666646725 
97.99996948149052 53.00068666646725 
97.99996948149052 53.00068666646725 
96.99995422223579 53.00068666646725 
96.99995422223579 53.00068666646725 
96.99995422223579 53.00068666646725 
96.99995422223579 53.00068666646725 
96.99995422223579 53.00068666646725 
96.99995422223579 54.00056459242943 
96.00001525925474 55.0004425183916 
96.00001525925474 57.00019837031594 
96.00001525925474 57.00019837031594 
96.00001525925474 59.00097659230774 
96.00001525925474 60.00085451826991 
96.99995422223579 62.00061037019425 
96.99995422223579 61.00073244423208 
96.99995422223579 61.00073244423208 
96.99995422223579 61.00073244423208 
96.99995422223579 61.00073244423208 
96.99995422223579 61.00073244423208 
96.99995422223579 61.00073244423208 
96.99995422223579 61.00073244423208 
96.99995422223579 61.00073244423208 
96.99995422223579 60.00085451826991 
96.99995422223579 61.00073244423208 
96.00001525925474 61.00073244423208 
96.00001525925474 61.00073244423208 
96.00001525925474 62.00061037019425 
96.99995422223579 63.000488296156426 
96.99995422223579 66.00012207404295 
96.00001525925474 67.00000000000512 
96.99995422223579 68.00090029603473 
96.00001525925474 68.00090029603473 
96.00001525925474 67.00000000000512 
96.00001525925474 66.00012207404295 
96.00001525925474 66.00012207404295 
96.00001525925474 65.00024414808077 
96.99995422223579 65.00024414808077 
96.99995422223579 64.0003662221186 
96.00001525925474 64.0003662221186 
96.00001525925474 64.0003662221186 
96.00001525925474 64.0003662221186 
96.00001525925474 64.0003662221186 
96.00001525925474 64.0003662221186 
96.00001525925474 64.0003662221186 
96.00001525925474 64.0003662221186 
96.00001525925474 64.0003662221186 
96.00001525925474 65.00024414808077 
96.00001525925474 64.0003662221186 
96.00001525925474 65.00024414808077 
96.00001525925474 65.00024414808077 
96.00001525925474 65.00024414808077 
96.00001525925474 66.00012207404295 
96.00001525925474 64.0003662221186 
96.00001525925474 62.00061037019425 
96.00001525925474 61.00073244423208 
96.00001525925474 60.00085451826991 
96.00001525925474 59.00097659230774 
96.00001525925474 59.00097659230774 
96.00001525925474 60.00085451826991 
96.00001525925474 59.00097659230774 
96.00001525925474 60.00085451826991 
96.00001525925474 61.00073244423208 
96.00001525925474 61.00073244423208 
96.00001525925474 62.00061037019425 
96.00001525925474 64.0003662221186 
96.00001525925474 66.00012207404295 
96.00001525925474 68.00090029603473 
96.00001525925474 68.00090029603473 
96.00001525925474 69.00077822199691 
96.00001525925474 70.00065614795908 
96.00001525925474 69.00077822199691 
96.00001525925474 68.00090029603473 
96.00001525925474 66.00012207404295 
96.00001525925474 65.00024414808077 
96.00001525925474 63.000488296156426 
96.00001525925474 63.000488296156426 
96.00001525925474 63.000488296156426 
96.00001525925474 64.0003662221186 
96.00001525925474 64.0003662221186 
96.00001525925474 64.0003662221186 
96.00001525925474 65.00024414808077 
96.00001525925474 65.00024414808077 
96.00001525925474 65.00024414808077 
96.00001525925474 64.0003662221186 
96.00001525925474 63.000488296156426 
96.00001525925474 62.00061037019425 
96.00001525925474 61.00073244423208 
96.00001525925474 61.00073244423208 
96.00001525925474 62.00061037019425 
96.00001525925474 63.000488296156426 
96.00001525925474 63.000488296156426 
96.00001525925474 64.0003662221186 
96.00001525925474 65.00024414808077 
96.00001525925474 65.00024414808077 
96.00001525925474 64.0003662221186 
96.00001525925474 64.0003662221186 
95.0 63.000488296156426 
95.0 62.00061037019425 
95.0 62.00061037019425 
95.0 65.00024414808077 
95.0 65.00024414808077 
95.0 65.00024414808077 
95.0 66.00012207404295 
95.0 66.00012207404295 
95.0 63.000488296156426 
95.0 62.00061037019425 
96.00001525925474 61.00073244423208 
96.00001525925474 60.00085451826991 
96.00001525925474 60.00085451826991 
96.00001525925474 60.00085451826991 
96.00001525925474 62.00061037019425 
96.00001525925474 62.00061037019425 
96.00001525925474 63.000488296156426 
96.00001525925474 63.000488296156426 
96.00001525925474 63.000488296156426 
96.00001525925474 64.0003662221186 
96.00001525925474 63.000488296156426 
95.0 64.0003662221186 
96.00001525925474 63.000488296156426 
96.00001525925474 63.000488296156426 
96.00001525925474 62.00061037019425 
96.00001525925474 62.00061037019425 
96.00001525925474 62.00061037019425 
96.00001525925474 62.00061037019425 
96.00001525925474 63.000488296156426 
96.00001525925474 63.000488296156426 
96.00001525925474 63.000488296156426 
96.00001525925474 63.000488296156426 
96.00001525925474 63.000488296156426 
96.00001525925474 63.000488296156426 
96.00001525925474 67.00000000000512 
96.00001525925474 67.00000000000512 
96.00001525925474 69.00077822199691 
96.00001525925474 70.00065614795908 
96.00001525925474 68.00090029603473 
96.00001525925474 65.00024414808077 
96.00001525925474 63.000488296156426 
96.00001525925474 62.00061037019425 
96.00001525925474 60.00085451826991 
96.00001525925474 60.00085451826991 
96.00001525925474 60.00085451826991 
96.00001525925474 60.00085451826991 
96.00001525925474 61.00073244423208 
96.00001525925474 63.000488296156426 
96.00001525925474 63.000488296156426 
96.00001525925474 65.00024414808077 
96.00001525925474 67.00000000000512 
96.00001525925474 67.00000000000512 
96.00001525925474 66.00012207404295 
96.00001525925474 64.0003662221186 
96.00001525925474 63.000488296156426 
96.00001525925474 62.00061037019425 
95.0 62.00061037019425 
95.0 63.000488296156426 
95.0 64.0003662221186 
95.0 65.00024414808077 
95.0 66.00012207404295 
95.0 65.00024414808077 
95.0 65.00024414808077 
95.0 64.0003662221186 
95.0 63.000488296156426 
95.0 62.00061037019425 
95.0 62.00061037019425 
95.0 63.000488296156426 
95.0 63.000488296156426 
95.0 64.0003662221186 
95.0 66.00012207404295 
95.0 68.00090029603473 
95.0 68.00090029603473 
95.0 68.00090029603473 
95.0 67.00000000000512 
95.0 65.00024414808077 
95.0 65.00024414808077 
95.0 64.0003662221186 
95.0 64.0003662221186 
95.0 65.00024414808077 
95.0 66.00012207404295 
95.0 66.00012207404295 
95.0 66.00012207404295 
95.0 66.00012207404295 
95.0 66.00012207404295 
95.0 66.00012207404295 
95.0 67.00000000000512 
95.0 67.00000000000512 
95.0 66.00012207404295 
95.0 66.00012207404295 
95.0 66.00012207404295 
95.0 65.00024414808077 
95.0 64.0003662221186 
95.0 63.000488296156426 
95.0 63.000488296156426 
95.0 64.0003662221186 
95.0 65.00024414808077 
95.0 68.00090029603473 
95.0 68.00090029603473 
95.0 69.00077822199691 
95.0 71.00053407392124 
95.0 70.00065614795908 
95.0 68.00090029603473 
95.0 65.00024414808077 
96.00001525925474 65.00024414808077 
96.00001525925474 63.000488296156426 
96.00001525925474 64.0003662221186 
96.00001525925474 64.0003662221186 
96.00001525925474 65.00024414808077 
96.00001525925474 65.00024414808077 
96.00001525925474 65.00024414808077 
96.00001525925474 63.000488296156426 
96.00001525925474 63.000488296156426 
96.00001525925474 63.000488296156426 
96.00001525925474 67.00000000000512 
96.00001525925474 69.00077822199691 
96.00001525925474 70.00065614795908 
96.00001525925474 70.00065614795908 
96.00001525925474 70.00065614795908 
96.00001525925474 69.00077822199691 
96.00001525925474 68.00090029603473 
96.00001525925474 67.00000000000512 
95.0 66.00012207404295 
95.0 66.00012207404295 
95.0 66.00012207404295 
95.0 66.00012207404295 
95.0 66.00012207404295 
95.0 66.00012207404295 
95.0 66.00012207404295 
95.0 66.00012207404295 
95.0 66.00012207404295 
95.0 66.00012207404295 
95.0 66.00012207404295 
96.00001525925474 67.00000000000512 
96.00001525925474 67.00000000000512 
96.00001525925474 66.00012207404295 
96.00001525925474 65.00024414808077 
96.00001525925474 64.0003662221186 
95.0 62.00061037019425 
95.0 60.00085451826991 
95.0 59.00097659230774 
95.0 59.00097659230774 
96.00001525925474 59.00097659230774 
96.00001525925474 61.00073244423208 
96.00001525925474 62.00061037019425 
96.00001525925474 64.0003662221186 
96.99995422223579 64.0003662221186 
96.99995422223579 65.00024414808077 
96.99995422223579 65.00024414808077 
96.99995422223579 64.0003662221186 
96.99995422223579 64.0003662221186 
96.99995422223579 64.0003662221186 
96.99995422223579 65.00024414808077 
96.99995422223579 68.00090029603473 
96.99995422223579 68.00090029603473 
96.99995422223579 69.00077822199691 
96.99995422223579 72.00041199988343 
96.99995422223579 72.00041199988343 
96.99995422223579 73.00028992584559 
96.99995422223579 73.00028992584559 
96.99995422223579 72.00041199988343 
96.99995422223579 72.00041199988343 
96.99995422223579 71.00053407392124 
96.99995422223579 71.00053407392124 
96.99995422223579 70.00065614795908 
96.99995422223579 70.00065614795908 
96.99995422223579 69.00077822199691 
96.99995422223579 69.00077822199691 
97.99996948149052 69.00077822199691 
96.99995422223579 69.00077822199691 
96.99995422223579 69.00077822199691 
96.00001525925474 71.00053407392124 
96.00001525925474 73.00028992584559 
96.00001525925474 73.00028992584559 
96.00001525925474 73.00028992584559 
96.00001525925474 73.00028992584559 
96.00001525925474 70.00065614795908 
96.00001525925474 69.00077822199691 
96.00001525925474 68.00090029603473 
96.00001525925474 67.00000000000512 
96.00001525925474 67.00000000000512 
96.00001525925474 68.00090029603473 
96.00001525925474 69.00077822199691 
96.00001525925474 69.00077822199691 
96.00001525925474 70.00065614795908 
96.00001525925474 72.00041199988343 
96.00001525925474 73.00028992584559 
96.00001525925474 73.00028992584559 
96.00001525925474 71.00053407392124 
96.00001525925474 70.00065614795908 
96.00001525925474 69.00077822199691 
96.00001525925474 69.00077822199691 
96.00001525925474 71.00053407392124 
95.0 71.00053407392124 
95.0 72.00041199988343 
95.0 72.00041199988343 
95.0 72.00041199988343 
95.0 72.00041199988343 
95.0 72.00041199988343 
95.0 71.00053407392124 
95.0 71.00053407392124 
95.0 71.00053407392124 
95.0 71.00053407392124 
95.0 71.00053407392124 
95.0 71.00053407392124 
95.0 71.00053407392124 
95.0 71.00053407392124 
95.0 71.00053407392124 
95.0 72.00041199988343 
95.0 72.00041199988343 
95.0 72.00041199988343 
95.0 71.00053407392124 
95.0 68.00090029603473 
95.0 67.00000000000512 
95.0 67.00000000000512 
95.0 66.00012207404295 
95.0 66.00012207404295 
95.0 66.00012207404295 
95.0 66.00012207404295 
95.0 66.00012207404295 
95.0 66.00012207404295 
95.0 66.00012207404295 
95.0 66.00012207404295 
95.0 66.00012207404295 
95.0 66.00012207404295 
96.00001525925474 67.00000000000512 
96.00001525925474 68.00090029603473 
96.00001525925474 68.00090029603473 
96.00001525925474 69.00077822199691 
95.0 70.00065614795908 
95.0 70.00065614795908 
95.0 71.00053407392124 
95.0 72.00041199988343 
95.0 73.00028992584559 
95.0 74.00016785180776 
95.0 72.00041199988343 
95.0 71.00053407392124 
95.0 71.00053407392124 
95.0 71.00053407392124 
95.0 71.00053407392124 
95.0 71.00053407392124 
95.0 71.00053407392124 
95.0 71.00053407392124 
95.0 71.00053407392124 
95.0 72.00041199988343 
95.0 72.00041199988343 
95.0 71.00053407392124 
95.0 71.00053407392124 
95.0 70.00065614795908 
95.0 70.00065614795908 
95.0 70.00065614795908 
95.0 71.00053407392124 
95.0 71.00053407392124 
95.0 72.00041199988343 
95.0 71.00053407392124 
95.0 70.00065614795908 
95.0 70.00065614795908 
95.0 70.00065614795908 
95.0 70.00065614795908 
95.0 82.00021362957258 
95.0 83.00009155553477 
96.00001525925474 85.99972533342128 
96.00001525925474 85.99972533342128 
96.00001525925474 85.99972533342128 
96.00001525925474 86.99960325938345 
96.00001525925474 86.99960325938345 
96.00001525925474 86.99960325938345 
96.99995422223579 83.00009155553477 
96.99995422223579 83.00009155553477 
96.99995422223579 77.00082399976174 
96.99995422223579 72.00041199988343 
96.99995422223579 66.00012207404295 
96.99995422223579 62.00061037019425 
96.99995422223579 60.00085451826991 
96.99995422223579 58.00007629627812 
96.99995422223579 57.00019837031594 
96.99995422223579 57.00019837031594 
96.99995422223579 57.00019837031594 
96.99995422223579 57.00019837031594 
96.99995422223579 56.000320444353775 
96.99995422223579 56.000320444353775 
96.99995422223579 57.00019837031594 
96.00001525925474 57.00019837031594 
96.00001525925474 57.00019837031594 
96.00001525925474 58.00007629627812 
96.00001525925474 58.00007629627812 
96.00001525925474 58.00007629627812 
96.00001525925474 58.00007629627812 
96.00001525925474 59.00097659230774 
96.00001525925474 59.00097659230774 
96.00001525925474 61.00073244423208 
96.00001525925474 61.00073244423208 
95.0 63.000488296156426 
95.0 63.000488296156426 
95.0 63.000488296156426 
95.0 62.00061037019425 
95.0 62.00061037019425 
95.0 63.000488296156426 
95.0 62.00061037019425 
96.00001525925474 62.00061037019425 
95.0 60.00085451826991 
95.0 58.00007629627812 
95.0 58.00007629627812 
95.0 57.00019837031594 
95.0 57.00019837031594 
95.0 57.00019837031594 
95.0 57.00019837031594 
96.00001525925474 58.00007629627812 
96.00001525925474 58.00007629627812 
96.00001525925474 59.00097659230774 
96.00001525925474 60.00085451826991 
96.00001525925474 60.00085451826991 
96.00001525925474 60.00085451826991 
96.00001525925474 60.00085451826991 
96.00001525925474 59.00097659230774 
96.00001525925474 58.00007629627812 
96.00001525925474 57.00019837031594 
96.00001525925474 56.000320444353775 
96.00001525925474 57.00019837031594 
96.00001525925474 57.00019837031594 
96.00001525925474 57.00019837031594 
96.00001525925474 57.00019837031594 
96.00001525925474 57.00019837031594 
96.00001525925474 57.00019837031594 
96.00001525925474 56.000320444353775 
96.00001525925474 56.000320444353775 
96.00001525925474 56.000320444353775 
96.00001525925474 56.000320444353775 
96.00001525925474 56.000320444353775 
96.00001525925474 57.00019837031594 
96.00001525925474 57.00019837031594 
96.00001525925474 56.000320444353775 
96.00001525925474 56.000320444353775 
96.00001525925474 56.000320444353775 
96.00001525925474 56.000320444353775 
96.00001525925474 55.0004425183916 
96.00001525925474 55.0004425183916 
96.99995422223579 55.0004425183916 
96.99995422223579 55.0004425183916 
96.99995422223579 55.0004425183916 
96.99995422223579 55.0004425183916 
96.99995422223579 55.0004425183916 
96.99995422223579 56.000320444353775 
96.99995422223579 56.000320444353775 
96.99995422223579 56.000320444353775 
96.99995422223579 56.000320444353775 
96.99995422223579 56.000320444353775 
96.99995422223579 56.000320444353775 
96.99995422223579 56.000320444353775 
96.00001525925474 56.000320444353775 
96.00001525925474 56.000320444353775 
96.00001525925474 56.000320444353775 
96.00001525925474 56.000320444353775 
96.00001525925474 56.000320444353775 
96.00001525925474 56.000320444353775 
96.00001525925474 56.000320444353775 
96.00001525925474 56.000320444353775 
96.00001525925474 56.000320444353775 
96.00001525925474 56.000320444353775 
96.00001525925474 56.000320444353775 
96.00001525925474 56.000320444353775 
96.00001525925474 56.000320444353775 
96.00001525925474 56.000320444353775 
95.0 56.000320444353775 
95.0 56.000320444353775 
95.0 56.000320444353775 
95.0 56.000320444353775 
95.0 56.000320444353775 
95.0 56.000320444353775 
96.00001525925474 56.000320444353775 
96.00001525925474 56.000320444353775 
96.00001525925474 56.000320444353775 
96.00001525925474 56.000320444353775 
96.00001525925474 57.00019837031594 
96.00001525925474 57.00019837031594 
96.00001525925474 57.00019837031594 
96.00001525925474 56.000320444353775 
96.00001525925474 56.000320444353775 
96.00001525925474 57.00019837031594 
96.00001525925474 57.00019837031594 
96.00001525925474 57.00019837031594 
96.00001525925474 57.00019837031594 
96.00001525925474 57.00019837031594 
96.00001525925474 57.00019837031594 
96.00001525925474 57.00019837031594 
96.00001525925474 57.00019837031594 
96.00001525925474 57.00019837031594 
96.00001525925474 57.00019837031594 
96.00001525925474 56.000320444353775 
96.00001525925474 56.000320444353775 
96.00001525925474 56.000320444353775 
96.00001525925474 56.000320444353775 
96.00001525925474 56.000320444353775 
96.00001525925474 56.000320444353775 
96.00001525925474 56.000320444353775 
96.00001525925474 56.000320444353775 
96.00001525925474 56.000320444353775 
96.00001525925474 56.000320444353775 
96.00001525925474 56.000320444353775 
96.00001525925474 56.000320444353775 
96.00001525925474 56.000320444353775 
96.00001525925474 56.000320444353775 
96.00001525925474 56.000320444353775 
96.00001525925474 56.000320444353775 
96.00001525925474 57.00019837031594 
96.00001525925474 57.00019837031594 
96.00001525925474 56.000320444353775 
96.00001525925474 56.000320444353775 
96.00001525925474 56.000320444353775 
96.00001525925474 57.00019837031594 
96.00001525925474 57.00019837031594 
96.00001525925474 57.00019837031594 
96.00001525925474 57.00019837031594 
96.00001525925474 57.00019837031594 
96.00001525925474 57.00019837031594 
96.00001525925474 57.00019837031594 
96.00001525925474 57.00019837031594 
96.00001525925474 57.00019837031594 
96.00001525925474 56.000320444353775 
96.00001525925474 56.000320444353775 
96.00001525925474 56.000320444353775 
96.00001525925474 56.000320444353775 
96.00001525925474 56.000320444353775 
96.00001525925474 56.000320444353775 
96.00001525925474 56.000320444353775 
96.00001525925474 56.000320444353775 
96.00001525925474 56.000320444353775 
96.00001525925474 56.000320444353775 
96.00001525925474 56.000320444353775 
96.00001525925474 56.000320444353775 
96.00001525925474 56.000320444353775 
96.00001525925474 56.000320444353775 
96.00001525925474 55.0004425183916 
96.00001525925474 55.0004425183916 
96.00001525925474 55.0004425183916 
96.00001525925474 55.0004425183916 
96.00001525925474 55.0004425183916 
96.00001525925474 54.00056459242943 
96.00001525925474 54.00056459242943 
96.00001525925474 54.00056459242943 
96.00001525925474 54.00056459242943 
96.00001525925474 55.0004425183916 
96.00001525925474 55.0004425183916 
96.00001525925474 55.0004425183916 
96.00001525925474 55.0004425183916 
95.0 55.0004425183916 
95.0 55.0004425183916 
95.0 55.0004425183916 
95.0 55.0004425183916 
95.0 55.0004425183916 
95.0 55.0004425183916 
95.0 56.000320444353775 
95.0 55.0004425183916 
95.0 55.0004425183916 
95.0 55.0004425183916 
95.0 55.0004425183916 
96.00001525925474 55.0004425183916 
96.00001525925474 54.00056459242943 
96.00001525925474 54.00056459242943 
96.00001525925474 54.00056459242943 
96.00001525925474 54.00056459242943 
96.00001525925474 54.00056459242943 
96.00001525925474 54.00056459242943 
96.00001525925474 54.00056459242943 
96.00001525925474 54.00056459242943 
96.00001525925474 54.00056459242943 
96.00001525925474 54.00056459242943 
96.00001525925474 54.00056459242943 
96.00001525925474 54.00056459242943 
96.00001525925474 54.00056459242943 
96.00001525925474 54.00056459242943 
96.00001525925474 54.00056459242943 
96.00001525925474 54.00056459242943 
96.00001525925474 54.00056459242943 
96.00001525925474 54.00056459242943 
96.00001525925474 54.00056459242943 
96.00001525925474 54.00056459242943 
96.00001525925474 54.00056459242943 
96.00001525925474 54.00056459242943 
96.00001525925474 54.00056459242943 
96.00001525925474 54.00056459242943 
96.00001525925474 54.00056459242943 
96.00001525925474 55.0004425183916 
96.00001525925474 55.0004425183916 
96.00001525925474 55.0004425183916 
96.00001525925474 55.0004425183916 
96.00001525925474 56.000320444353775 
96.00001525925474 56.000320444353775 
96.00001525925474 55.0004425183916 
96.00001525925474 56.000320444353775 
96.00001525925474 55.0004425183916 
96.00001525925474 55.0004425183916 
95.0 55.0004425183916 
95.0 56.000320444353775 
95.0 56.000320444353775 
95.0 56.000320444353775 
95.0 56.000320444353775 
95.0 56.000320444353775 
96.00001525925474 55.0004425183916 
96.00001525925474 55.0004425183916 
96.00001525925474 55.0004425183916 
96.00001525925474 54.00056459242943 
96.00001525925474 54.00056459242943 
96.00001525925474 54.00056459242943 
96.00001525925474 54.00056459242943 
96.00001525925474 55.0004425183916 
96.00001525925474 55.0004425183916 
96.00001525925474 55.0004425183916 
96.00001525925474 55.0004425183916 
96.00001525925474 54.00056459242943 
96.00001525925474 54.00056459242943 
96.00001525925474 54.00056459242943 
96.00001525925474 53.00068666646725 
96.00001525925474 53.00068666646725 
96.00001525925474 53.00068666646725 
96.00001525925474 53.00068666646725 
96.00001525925474 53.00068666646725 
96.00001525925474 53.00068666646725 
96.00001525925474 53.00068666646725 
96.00001525925474 53.00068666646725 
96.00001525925474 53.00068666646725 
96.00001525925474 53.00068666646725 
96.00001525925474 53.00068666646725 
96.00001525925474 53.00068666646725 
95.0 53.00068666646725 
95.0 54.00056459242943 
95.0 54.00056459242943 
95.0 54.00056459242943 
95.0 54.00056459242943 
95.0 54.00056459242943 
95.0 54.00056459242943 
95.0 54.00056459242943 
95.0 54.00056459242943 
95.0 54.00056459242943 
95.0 54.00056459242943 
96.00001525925474 54.00056459242943 
96.00001525925474 54.00056459242943 
96.00001525925474 54.00056459242943 
96.00001525925474 55.0004425183916 
96.00001525925474 55.0004425183916 
96.00001525925474 55.0004425183916 
95.0 55.0004425183916 
95.0 55.0004425183916 
95.0 55.0004425183916 
95.0 55.0004425183916 
95.0 55.0004425183916 
95.0 55.0004425183916 
95.0 55.0004425183916 
95.0 55.0004425183916 
95.0 55.0004425183916 
95.0 55.0004425183916 
95.0 55.0004425183916 
95.0 55.0004425183916 
95.0 55.0004425183916 
95.0 55.0004425183916 
95.0 55.0004425183916 
95.0 55.0004425183916 
95.0 55.0004425183916 
95.0 55.0004425183916 
95.0 55.0004425183916 
96.00001525925474 60.00085451826991 
96.00001525925474 60.00085451826991 
96.99995422223579 61.00073244423208 
96.99995422223579 61.00073244423208 
96.99995422223579 61.00073244423208 
96.99995422223579 62.00061037019425 
96.99995422223579 62.00061037019425 
96.99995422223579 62.00061037019425 
96.99995422223579 62.00061037019425 
96.99995422223579 63.000488296156426 
96.99995422223579 70.00065614795908 
96.99995422223579 70.00065614795908 
96.99995422223579 74.00016785180776 
96.99995422223579 74.00016785180776 
97.99996948149052 83.00009155553477 
97.99996948149052 83.00009155553477 
97.99996948149052 83.00009155553477 
97.99996948149052 83.00009155553477 
97.99996948149052 84.99984740745911 
97.99996948149052 84.99984740745911 
97.99996948149052 84.99984740745911 
97.99996948149052 84.99984740745911 
97.99996948149052 84.99984740745911 
97.99996948149052 84.99984740745911 
97.99996948149052 83.00009155553477 
97.99996948149052 79.00057985168607 
96.99995422223579 73.00028992584559 
96.99995422223579 73.00028992584559 
96.99995422223579 67.00000000000512 
96.99995422223579 62.00061037019425 
96.99995422223579 59.00097659230774 
96.99995422223579 56.000320444353775 
96.99995422223579 56.000320444353775 
96.99995422223579 54.00056459242943 
96.99995422223579 53.00068666646725 
96.99995422223579 51.00093081454291 
96.99995422223579 51.00093081454291 
96.00001525925474 50.00003051851329 
96.00001525925474 50.00003051851329 
96.00001525925474 50.00003051851329 
96.00001525925474 51.00093081454291 
96.00001525925474 51.00093081454291 
96.00001525925474 51.00093081454291 
96.00001525925474 51.00093081454291 
96.00001525925474 52.000808740505086 
95.0 54.00056459242943 
96.00001525925474 55.0004425183916 
96.00001525925474 56.000320444353775 
96.00001525925474 56.000320444353775 
96.00001525925474 56.000320444353775 
96.00001525925474 56.000320444353775 
96.99995422223579 56.000320444353775 
96.99995422223579 55.0004425183916 
96.99995422223579 55.0004425183916 
96.99995422223579 55.0004425183916 
96.99995422223579 55.0004425183916 
96.99995422223579 56.000320444353775 
96.99995422223579 56.000320444353775 
96.99995422223579 56.000320444353775 
96.99995422223579 56.000320444353775 
96.99995422223579 56.000320444353775 
96.99995422223579 56.000320444353775 
96.99995422223579 56.000320444353775 
96.99995422223579 56.000320444353775 
96.99995422223579 55.0004425183916 
96.99995422223579 55.0004425183916 
96.99995422223579 55.0004425183916 
96.99995422223579 55.0004425183916 
96.99995422223579 55.0004425183916 
96.99995422223579 55.0004425183916 
96.99995422223579 55.0004425183916 
96.99995422223579 55.0004425183916 
96.99995422223579 55.0004425183916 
96.99995422223579 56.000320444353775 
96.99995422223579 57.00019837031594 
96.99995422223579 57.00019837031594 
96.99995422223579 57.00019837031594 
96.99995422223579 57.00019837031594 
96.99995422223579 57.00019837031594 
96.99995422223579 58.00007629627812 
96.99995422223579 58.00007629627812 
96.99995422223579 58.00007629627812 
96.99995422223579 58.00007629627812 
96.99995422223579 58.00007629627812 
96.99995422223579 58.00007629627812 
96.99995422223579 58.00007629627812 
96.99995422223579 58.00007629627812 
96.99995422223579 58.00007629627812 
96.99995422223579 58.00007629627812 
96.99995422223579 57.00019837031594 
96.99995422223579 57.00019837031594 
96.99995422223579 56.000320444353775 
96.99995422223579 56.000320444353775 
96.99995422223579 56.000320444353775 
96.99995422223579 56.000320444353775 
96.99995422223579 56.000320444353775 
96.99995422223579 56.000320444353775 
96.99995422223579 56.000320444353775 
96.99995422223579 56.000320444353775 
96.99995422223579 56.000320444353775 
96.99995422223579 56.000320444353775 
96.99995422223579 55.0004425183916 
96.99995422223579 55.0004425183916 
96.99995422223579 55.0004425183916 
96.99995422223579 55.0004425183916 
96.99995422223579 55.0004425183916 
96.99995422223579 55.0004425183916 
96.99995422223579 56.000320444353775 
96.99995422223579 56.000320444353775 
96.99995422223579 56.000320444353775 
96.99995422223579 56.000320444353775 
96.99995422223579 56.000320444353775 
96.99995422223579 57.00019837031594 
96.99995422223579 57.00019837031594 
96.99995422223579 57.00019837031594 
96.99995422223579 57.00019837031594 
96.99995422223579 57.00019837031594 
96.99995422223579 57.00019837031594 
96.99995422223579 57.00019837031594 
96.99995422223579 57.00019837031594 
96.99995422223579 57.00019837031594 
96.99995422223579 57.00019837031594 
96.99995422223579 57.00019837031594 
96.99995422223579 57.00019837031594 
96.99995422223579 57.00019837031594 
96.99995422223579 58.00007629627812 
96.99995422223579 58.00007629627812 
96.99995422223579 58.00007629627812 
96.99995422223579 58.00007629627812 
96.99995422223579 58.00007629627812 
96.99995422223579 58.00007629627812 
96.99995422223579 58.00007629627812 
96.99995422223579 58.00007629627812 
96.99995422223579 57.00019837031594 
96.99995422223579 57.00019837031594 
96.99995422223579 58.00007629627812 
96.99995422223579 58.00007629627812 
96.99995422223579 58.00007629627812 
96.99995422223579 58.00007629627812 
96.99995422223579 58.00007629627812 
96.99995422223579 58.00007629627812 
96.99995422223579 58.00007629627812 
96.99995422223579 58.00007629627812 
96.99995422223579 58.00007629627812 
96.99995422223579 58.00007629627812 
96.99995422223579 58.00007629627812 
96.99995422223579 58.00007629627812 
96.99995422223579 58.00007629627812 
96.99995422223579 58.00007629627812 
96.99995422223579 58.00007629627812 
96.99995422223579 58.00007629627812 
96.99995422223579 58.00007629627812 
96.99995422223579 58.00007629627812 
96.99995422223579 58.00007629627812 
96.99995422223579 58.00007629627812 
96.99995422223579 58.00007629627812 
96.99995422223579 58.00007629627812 
96.99995422223579 58.00007629627812 
96.99995422223579 58.00007629627812 
96.99995422223579 58.00007629627812 
96.99995422223579 58.00007629627812 
96.99995422223579 58.00007629627812 
96.99995422223579 58.00007629627812 
96.99995422223579 58.00007629627812 
96.99995422223579 58.00007629627812 
96.99995422223579 57.00019837031594 
96.99995422223579 57.00019837031594 
96.99995422223579 57.00019837031594 
96.99995422223579 57.00019837031594 
96.99995422223579 57.00019837031594 
96.99995422223579 57.00019837031594 
96.99995422223579 57.00019837031594 
96.99995422223579 57.00019837031594 
96.00001525925474 57.00019837031594 
96.00001525925474 56.000320444353775 
96.00001525925474 56.000320444353775 
96.00001525925474 56.000320444353775 
96.00001525925474 56.000320444353775 
96.00001525925474 57.00019837031594 
96.00001525925474 57.00019837031594 
96.00001525925474 56.000320444353775 
96.00001525925474 56.000320444353775 
96.00001525925474 56.000320444353775 
96.00001525925474 56.000320444353775 
96.00001525925474 56.000320444353775 
96.00001525925474 56.000320444353775 
96.00001525925474 56.000320444353775 
96.00001525925474 56.000320444353775 
96.00001525925474 55.0004425183916 
96.00001525925474 55.0004425183916 
96.00001525925474 55.0004425183916 
96.00001525925474 55.0004425183916 
96.00001525925474 55.0004425183916 
96.99995422223579 56.000320444353775 
96.99995422223579 56.000320444353775 
96.99995422223579 57.00019837031594 
96.99995422223579 57.00019837031594 
96.99995422223579 57.00019837031594 
96.99995422223579 57.00019837031594 
96.99995422223579 57.00019837031594 
96.99995422223579 57.00019837031594 
96.99995422223579 57.00019837031594 
96.99995422223579 57.00019837031594 
96.99995422223579 57.00019837031594 
96.99995422223579 57.00019837031594 
96.00001525925474 57.00019837031594 
96.00001525925474 57.00019837031594 
96.00001525925474 57.00019837031594 
96.00001525925474 57.00019837031594 
96.00001525925474 57.00019837031594 
96.00001525925474 57.00019837031594 
96.00001525925474 57.00019837031594 
96.00001525925474 57.00019837031594 
96.00001525925474 57.00019837031594 
96.00001525925474 56.000320444353775 
96.00001525925474 56.000320444353775 
96.00001525925474 57.00019837031594 
96.00001525925474 57.00019837031594 
96.00001525925474 57.00019837031594 
96.00001525925474 57.00019837031594 
96.99995422223579 57.00019837031594 
96.99995422223579 57.00019837031594 
96.99995422223579 58.00007629627812 
96.99995422223579 58.00007629627812 
96.99995422223579 58.00007629627812 
96.99995422223579 58.00007629627812 
96.99995422223579 58.00007629627812 
96.99995422223579 58.00007629627812 
96.99995422223579 58.00007629627812 
96.99995422223579 58.00007629627812 
96.00001525925474 58.00007629627812 
96.00001525925474 57.00019837031594 
96.00001525925474 57.00019837031594 
96.00001525925474 56.000320444353775 
96.00001525925474 56.000320444353775 
96.00001525925474 56.000320444353775 
96.99995422223579 56.000320444353775 
96.99995422223579 56.000320444353775 
96.99995422223579 56.000320444353775 
96.99995422223579 57.00019837031594 
96.99995422223579 57.00019837031594 
96.99995422223579 57.00019837031594 
96.99995422223579 57.00019837031594 
96.99995422223579 57.00019837031594 
96.99995422223579 57.00019837031594 
96.99995422223579 57.00019837031594 
96.99995422223579 57.00019837031594 
96.99995422223579 57.00019837031594 
96.99995422223579 57.00019837031594 
96.99995422223579 57.00019837031594 
96.99995422223579 57.00019837031594 
96.99995422223579 57.00019837031594 
96.99995422223579 57.00019837031594 
96.99995422223579 57.00019837031594 
96.99995422223579 57.00019837031594 
96.99995422223579 57.00019837031594 
96.99995422223579 57.00019837031594 
96.99995422223579 57.00019837031594 
96.99995422223579 57.00019837031594 
96.99995422223579 56.000320444353775 
96.99995422223579 56.000320444353775 
96.99995422223579 56.000320444353775 
96.99995422223579 56.000320444353775 
96.99995422223579 56.000320444353775 
96.99995422223579 56.000320444353775 
96.99995422223579 56.000320444353775 
96.99995422223579 56.000320444353775 
96.99995422223579 56.000320444353775 
96.99995422223579 56.000320444353775 
96.99995422223579 57.00019837031594 
96.99995422223579 57.00019837031594 
96.99995422223579 58.00007629627812 
96.99995422223579 58.00007629627812 
96.99995422223579 58.00007629627812 
96.99995422223579 58.00007629627812 
96.99995422223579 57.00019837031594 
96.99995422223579 57.00019837031594 
96.00001525925474 57.00019837031594 
96.00001525925474 57.00019837031594 
96.00001525925474 57.00019837031594 
96.00001525925474 57.00019837031594 
96.00001525925474 58.00007629627812 
96.00001525925474 58.00007629627812 
96.00001525925474 58.00007629627812 
96.00001525925474 58.00007629627812 
96.00001525925474 58.00007629627812 
96.00001525925474 57.00019837031594 
96.00001525925474 57.00019837031594 
96.00001525925474 57.00019837031594 
96.00001525925474 56.000320444353775 
96.00001525925474 56.000320444353775 
96.00001525925474 56.000320444353775 
96.00001525925474 57.00019837031594 
96.00001525925474 57.00019837031594 
96.00001525925474 58.00007629627812 
96.00001525925474 58.00007629627812 
96.00001525925474 58.00007629627812 
96.00001525925474 58.00007629627812 
96.00001525925474 58.00007629627812 
96.00001525925474 58.00007629627812 
96.00001525925474 58.00007629627812 
96.00001525925474 58.00007629627812 
96.00001525925474 58.00007629627812 
96.00001525925474 58.00007629627812 
96.00001525925474 58.00007629627812 
96.00001525925474 58.00007629627812 
96.00001525925474 57.00019837031594 
96.00001525925474 57.00019837031594 
96.00001525925474 57.00019837031594 
96.00001525925474 57.00019837031594 
96.00001525925474 57.00019837031594 
96.00001525925474 57.00019837031594 
96.00001525925474 57.00019837031594 
96.99995422223579 57.00019837031594 
96.99995422223579 57.00019837031594 
96.99995422223579 57.00019837031594 
96.99995422223579 57.00019837031594 
96.99995422223579 57.00019837031594 
96.99995422223579 57.00019837031594 
96.99995422223579 57.00019837031594 
96.99995422223579 57.00019837031594 
96.99995422223579 58.00007629627812 
96.99995422223579 58.00007629627812 
96.99995422223579 58.00007629627812 
96.99995422223579 58.00007629627812 
96.99995422223579 58.00007629627812 
96.99995422223579 58.00007629627812 
96.99995422223579 58.00007629627812 
96.99995422223579 58.00007629627812 
96.00001525925474 58.00007629627812 
96.00001525925474 59.00097659230774 
96.00001525925474 59.00097659230774 
96.00001525925474 59.00097659230774 
96.00001525925474 59.00097659230774 
96.00001525925474 59.00097659230774 
96.00001525925474 58.00007629627812 
96.00001525925474 58.00007629627812 
96.00001525925474 58.00007629627812 
96.00001525925474 58.00007629627812 
96.99995422223579 58.00007629627812 
96.99995422223579 58.00007629627812 
96.99995422223579 58.00007629627812 
96.99995422223579 58.00007629627812 
96.99995422223579 58.00007629627812 
96.99995422223579 58.00007629627812 
96.99995422223579 58.00007629627812 
96.00001525925474 58.00007629627812 
96.00001525925474 58.00007629627812 
96.00001525925474 57.00019837031594 
96.00001525925474 57.00019837031594 
96.00001525925474 57.00019837031594 
96.00001525925474 57.00019837031594 
96.00001525925474 57.00019837031594 
96.00001525925474 57.00019837031594 
96.00001525925474 57.00019837031594 
96.00001525925474 57.00019837031594 
96.00001525925474 57.00019837031594 
96.00001525925474 57.00019837031594 
96.00001525925474 57.00019837031594 
96.00001525925474 57.00019837031594 
98.99998474074526 69.00077822199691 
98.99998474074526 69.00077822199691 
98.99998474074526 69.00077822199691 
98.99998474074526 69.00077822199691 
98.99998474074526 67.00000000000512 
98.99998474074526 67.00000000000512 
98.99998474074526 67.00000000000512 
98.99998474074526 67.00000000000512 
98.99998474074526 66.00012207404295 
98.99998474074526 66.00012207404295 
97.99996948149052 65.00024414808077 
97.99996948149052 64.0003662221186 
97.99996948149052 63.000488296156426 
97.99996948149052 61.00073244423208 
97.99996948149052 61.00073244423208 
97.99996948149052 60.00085451826991 
97.99996948149052 59.00097659230774 
97.99996948149052 58.00007629627812 
97.99996948149052 57.00019837031594 
97.99996948149052 57.00019837031594 
97.99996948149052 57.00019837031594 
96.99995422223579 57.00019837031594 
96.99995422223579 57.00019837031594 
96.99995422223579 57.00019837031594 
96.99995422223579 57.00019837031594 
96.00001525925474 57.00019837031594 
96.00001525925474 56.000320444353775 
96.00001525925474 56.000320444353775 
96.00001525925474 56.000320444353775 
96.00001525925474 56.000320444353775 
95.0 56.000320444353775 
95.0 56.000320444353775 
95.0 56.000320444353775 
95.0 56.000320444353775 
95.0 57.00019837031594 
95.0 57.00019837031594 
95.0 58.00007629627812 
95.0 59.00097659230774 
95.0 60.00085451826991 
95.0 60.00085451826991 
95.0 58.00007629627812 
95.0 57.00019837031594 
95.0 56.000320444353775 
96.00001525925474 55.0004425183916 
96.00001525925474 54.00056459242943 
96.00001525925474 54.00056459242943 
96.00001525925474 55.0004425183916 
96.00001525925474 55.0004425183916 
96.00001525925474 56.000320444353775 
96.00001525925474 56.000320444353775 
96.00001525925474 57.00019837031594 
96.00001525925474 57.00019837031594 
96.00001525925474 57.00019837031594 
96.00001525925474 57.00019837031594 
96.00001525925474 57.00019837031594 
96.00001525925474 56.000320444353775 
96.00001525925474 56.000320444353775 
96.00001525925474 56.000320444353775 
96.00001525925474 55.0004425183916 
96.00001525925474 55.0004425183916 
96.00001525925474 55.0004425183916 
96.00001525925474 56.000320444353775 
96.00001525925474 56.000320444353775 
96.00001525925474 56.000320444353775 
96.00001525925474 56.000320444353775 
96.00001525925474 56.000320444353775 
96.00001525925474 56.000320444353775 
96.00001525925474 56.000320444353775 
96.00001525925474 56.000320444353775 
96.00001525925474 56.000320444353775 
96.00001525925474 56.000320444353775 
96.00001525925474 56.000320444353775 
96.00001525925474 57.00019837031594 
96.00001525925474 57.00019837031594 
96.00001525925474 57.00019837031594 
96.00001525925474 57.00019837031594 
96.00001525925474 56.000320444353775 
96.00001525925474 56.000320444353775 
96.00001525925474 56.000320444353775 
96.00001525925474 56.000320444353775 
96.00001525925474 55.0004425183916 
96.00001525925474 55.0004425183916 
96.99995422223579 55.0004425183916 
96.99995422223579 55.0004425183916 
96.99995422223579 55.0004425183916 
96.99995422223579 55.0004425183916 
96.99995422223579 56.000320444353775 
96.99995422223579 57.00019837031594 
96.99995422223579 57.00019837031594 
96.99995422223579 57.00019837031594 
96.99995422223579 57.00019837031594 
96.99995422223579 57.00019837031594 
96.99995422223579 57.00019837031594 
96.00001525925474 56.000320444353775 
96.00001525925474 56.000320444353775 
96.00001525925474 56.000320444353775 
96.00001525925474 56.000320444353775 
96.00001525925474 56.000320444353775 
96.00001525925474 56.000320444353775 
96.00001525925474 56.000320444353775 
96.00001525925474 56.000320444353775 
96.00001525925474 56.000320444353775 
96.00001525925474 56.000320444353775 
96.00001525925474 56.000320444353775 
96.00001525925474 55.0004425183916 
96.00001525925474 55.0004425183916 
96.00001525925474 55.0004425183916 
96.00001525925474 55.0004425183916 
96.00001525925474 55.0004425183916 
96.00001525925474 56.000320444353775 
96.00001525925474 56.000320444353775 
96.00001525925474 56.000320444353775 
96.00001525925474 56.000320444353775 
96.00001525925474 56.000320444353775 
96.00001525925474 55.0004425183916 
96.00001525925474 55.0004425183916 
96.00001525925474 55.0004425183916 
96.00001525925474 55.0004425183916 
96.00001525925474 55.0004425183916 
96.00001525925474 55.0004425183916 
96.00001525925474 54.00056459242943 
96.00001525925474 54.00056459242943 
96.00001525925474 54.00056459242943 
96.00001525925474 54.00056459242943 
96.00001525925474 55.0004425183916 
96.00001525925474 55.0004425183916 
96.00001525925474 55.0004425183916 
96.00001525925474 55.0004425183916 
96.00001525925474 55.0004425183916 
96.00001525925474 55.0004425183916 
96.00001525925474 55.0004425183916 
96.00001525925474 55.0004425183916 
96.00001525925474 55.0004425183916 
96.00001525925474 55.0004425183916 
96.00001525925474 55.0004425183916 
96.00001525925474 56.000320444353775 
96.00001525925474 56.000320444353775 
96.00001525925474 56.000320444353775 
96.00001525925474 57.00019837031594 
96.00001525925474 57.00019837031594 
96.00001525925474 57.00019837031594 
96.00001525925474 57.00019837031594 
96.00001525925474 57.00019837031594 
96.00001525925474 57.00019837031594 
96.00001525925474 57.00019837031594 
96.00001525925474 58.00007629627812 
96.00001525925474 58.00007629627812 
96.00001525925474 58.00007629627812 
96.00001525925474 59.00097659230774 
96.00001525925474 59.00097659230774 
96.00001525925474 59.00097659230774 
96.00001525925474 59.00097659230774 
96.00001525925474 59.00097659230774 
96.99995422223579 59.00097659230774 
96.99995422223579 59.00097659230774 
96.99995422223579 58.00007629627812 
96.99995422223579 58.00007629627812 
96.99995422223579 58.00007629627812 
96.99995422223579 58.00007629627812 
96.99995422223579 58.00007629627812 
96.99995422223579 58.00007629627812 
96.99995422223579 58.00007629627812 
96.99995422223579 58.00007629627812 
96.99995422223579 59.00097659230774 
96.99995422223579 58.00007629627812 
96.99995422223579 58.00007629627812 
96.99995422223579 58.00007629627812 
96.99995422223579 57.00019837031594 
96.99995422223579 57.00019837031594 
96.99995422223579 57.00019837031594 
96.99995422223579 57.00019837031594 
96.99995422223579 57.00019837031594 
96.99995422223579 57.00019837031594 
96.99995422223579 58.00007629627812 
96.99995422223579 62.00061037019425 
96.00001525925474 64.0003662221186 
96.00001525925474 64.0003662221186 
96.00001525925474 64.0003662221186 
96.00001525925474 64.0003662221186 
96.00001525925474 64.0003662221186 
96.00001525925474 65.00024414808077 
96.00001525925474 65.00024414808077 
96.00001525925474 64.0003662221186 
96.00001525925474 63.000488296156426 
96.99995422223579 62.00061037019425 
96.99995422223579 61.00073244423208 
96.99995422223579 61.00073244423208 
96.99995422223579 59.00097659230774 
96.00001525925474 58.00007629627812 
96.00001525925474 58.00007629627812 
96.00001525925474 57.00019837031594 
96.00001525925474 57.00019837031594 
96.00001525925474 57.00019837031594 
96.00001525925474 56.000320444353775 
96.00001525925474 56.000320444353775 
96.00001525925474 56.000320444353775 
96.00001525925474 56.000320444353775 
96.00001525925474 56.000320444353775 
95.0 56.000320444353775 
95.0 56.000320444353775 
95.0 56.000320444353775 
95.0 56.000320444353775 
95.0 56.000320444353775 
95.0 56.000320444353775 
95.0 56.000320444353775 
95.0 56.000320444353775 
95.0 56.000320444353775 
95.0 56.000320444353775 
95.0 56.000320444353775 
95.0 55.0004425183916 
95.0 55.0004425183916 
96.00001525925474 56.000320444353775 
96.00001525925474 56.000320444353775 
96.00001525925474 56.000320444353775 
96.00001525925474 56.000320444353775 
96.00001525925474 56.000320444353775 
96.00001525925474 56.000320444353775 
96.00001525925474 57.00019837031594 
96.00001525925474 56.000320444353775 
96.00001525925474 56.000320444353775 
96.00001525925474 56.000320444353775 
96.00001525925474 56.000320444353775 
96.00001525925474 56.000320444353775 
96.00001525925474 56.000320444353775 
96.00001525925474 56.000320444353775 
96.00001525925474 56.000320444353775 
96.00001525925474 55.0004425183916 
96.00001525925474 55.0004425183916 
96.00001525925474 55.0004425183916 
96.00001525925474 55.0004425183916 
96.00001525925474 55.0004425183916 
96.00001525925474 55.0004425183916 
96.00001525925474 55.0004425183916 
96.00001525925474 55.0004425183916 
96.00001525925474 55.0004425183916 
96.00001525925474 54.00056459242943 
96.00001525925474 54.00056459242943 
96.00001525925474 54.00056459242943 
96.00001525925474 54.00056459242943 
96.00001525925474 54.00056459242943 
96.99995422223579 54.00056459242943 
96.99995422223579 55.0004425183916 
96.99995422223579 55.0004425183916 
96.99995422223579 55.0004425183916 
96.99995422223579 55.0004425183916 
96.99995422223579 55.0004425183916 
96.99995422223579 55.0004425183916 
96.99995422223579 55.0004425183916 
96.99995422223579 55.0004425183916 
96.99995422223579 55.0004425183916 
96.99995422223579 56.000320444353775 
96.99995422223579 56.000320444353775 
96.99995422223579 56.000320444353775 
96.99995422223579 56.000320444353775 
96.99995422223579 56.000320444353775 
96.99995422223579 56.000320444353775 
96.99995422223579 56.000320444353775 
96.99995422223579 55.0004425183916 
96.99995422223579 55.0004425183916 
96.99995422223579 56.000320444353775 
96.99995422223579 56.000320444353775 
96.99995422223579 56.000320444353775 
96.00001525925474 56.000320444353775 
96.00001525925474 56.000320444353775 
96.00001525925474 57.00019837031594 
96.99995422223579 57.00019837031594 
96.99995422223579 56.000320444353775 
96.99995422223579 56.000320444353775 
96.99995422223579 56.000320444353775 
96.99995422223579 56.000320444353775 
96.99995422223579 56.000320444353775 
96.99995422223579 56.000320444353775 
96.99995422223579 56.000320444353775 
96.00001525925474 56.000320444353775 
96.00001525925474 56.000320444353775 
96.00001525925474 56.000320444353775 
96.00001525925474 56.000320444353775 
96.00001525925474 56.000320444353775 
96.00001525925474 56.000320444353775 
96.00001525925474 56.000320444353775 
96.00001525925474 57.00019837031594 
96.00001525925474 57.00019837031594 
96.00001525925474 57.00019837031594 
96.00001525925474 57.00019837031594 
96.00001525925474 57.00019837031594 
96.00001525925474 57.00019837031594 
96.00001525925474 57.00019837031594 
96.00001525925474 58.00007629627812 
96.00001525925474 59.00097659230774 
96.00001525925474 59.00097659230774 
96.00001525925474 59.00097659230774 
96.00001525925474 58.00007629627812 
96.00001525925474 57.00019837031594 
96.00001525925474 56.000320444353775 
96.00001525925474 55.0004425183916 
96.99995422223579 55.0004425183916 
96.99995422223579 55.0004425183916 
96.99995422223579 55.0004425183916 
96.99995422223579 55.0004425183916 
