95.99993896298105 95.00067140721572 
96.99995422223579 93.00091555529139 
95.99993896298105 92.00001525926176 
95.99993896298105 90.00025940733741 
95.99993896298105 89.00038148137524 
95.99993896298105 88.00050355541308 
95.99993896298105 88.00050355541308 
95.99993896298105 88.00050355541308 
96.99995422223579 88.00050355541308 
96.99995422223579 90.00025940733741 
96.99995422223579 92.00001525926176 
96.99995422223579 93.00091555529139 
95.99993896298105 94.00079348125355 
95.99993896298105 91.00013733329959 
95.99993896298105 88.00050355541308 
95.99993896298105 87.0006256294509 
95.99993896298105 87.0006256294509 
95.99993896298105 85.00086977752656 
95.99993896298105 84.00099185156438 
95.99993896298105 83.00009155553477 
95.0 81.00033570361042 
95.0 81.00033570361042 
95.0 81.00033570361042 
95.0 81.00033570361042 
95.0 81.00033570361042 
95.0 82.00021362957258 
95.0 82.00021362957258 
95.0 82.00021362957258 
95.0 82.00021362957258 
95.0 80.00045777764825 
95.0 79.00057985168607 
95.0 78.0007019257239 
95.0 77.00082399976174 
95.0 77.00082399976174 
95.0 77.00082399976174 
95.0 76.00094607379955 
95.0 76.00094607379955 
95.0 75.00004577776994 
94.00006103701895 74.00016785180776 
94.00006103701895 74.00016785180776 
94.00006103701895 74.00016785180776 
95.0 73.00028992584559 
95.0 73.00028992584559 
95.0 73.00028992584559 
95.0 72.00041199988343 
95.0 72.00041199988343 
95.0 72.00041199988343 
95.0 71.00053407392124 
95.0 71.00053407392124 
95.0 74.00016785180776 
95.0 74.00016785180776 
95.99993896298105 76.00094607379955 
95.99993896298105 75.00004577776994 
95.99993896298105 73.00028992584559 
95.99993896298105 70.00065614795908 
95.0 69.00077822199691 
95.0 67.00000000000512 
95.0 67.00000000000512 
95.0 68.00090029603473 
95.0 69.00077822199691 
95.0 69.00077822199691 
95.0 70.00065614795908 
95.0 69.00077822199691 
95.0 67.00000000000512 
95.0 66.00012207404295 
95.0 65.00024414808077 
95.0 64.0003662221186 
95.0 65.00024414808077 
95.0 65.00024414808077 
95.0 66.00012207404295 
95.0 66.00012207404295 
95.99993896298105 67.00000000000512 
95.99993896298105 68.00090029603473 
95.99993896298105 69.00077822199691 
95.99993896298105 69.00077822199691 
95.99993896298105 70.00065614795908 
95.99993896298105 70.00065614795908 
95.99993896298105 69.00077822199691 
95.99993896298105 68.00090029603473 
95.99993896298105 68.00090029603473 
95.99993896298105 67.00000000000512 
95.99993896298105 67.00000000000512 
95.99993896298105 67.00000000000512 
95.99993896298105 67.00000000000512 
95.99993896298105 67.00000000000512 
95.99993896298105 67.00000000000512 
95.99993896298105 68.00090029603473 
95.99993896298105 68.00090029603473 
95.99993896298105 68.00090029603473 
95.99993896298105 68.00090029603473 
95.99993896298105 69.00077822199691 
95.99993896298105 70.00065614795908 
95.99993896298105 71.00053407392124 
95.99993896298105 72.00041199988343 
95.99993896298105 72.00041199988343 
95.99993896298105 73.00028992584559 
95.99993896298105 73.00028992584559 
95.99993896298105 74.00016785180776 
95.0 74.00016785180776 
95.0 75.00004577776994 
95.0 77.00082399976174 
95.0 77.00082399976174 
95.0 77.00082399976174 
95.99993896298105 77.00082399976174 
95.0 76.00094607379955 
95.0 76.00094607379955 
95.0 76.00094607379955 
95.0 76.00094607379955 
95.99993896298105 75.00004577776994 
95.99993896298105 75.00004577776994 
95.99993896298105 76.00094607379955 
95.99993896298105 76.00094607379955 
95.99993896298105 76.00094607379955 
95.99993896298105 76.00094607379955 
95.99993896298105 76.00094607379955 
95.99993896298105 75.00004577776994 
95.0 75.00004577776994 
95.0 73.00028992584559 
95.0 73.00028992584559 
95.0 73.00028992584559 
95.0 73.00028992584559 
95.0 73.00028992584559 
95.0 73.00028992584559 
95.0 73.00028992584559 
95.99993896298105 74.00016785180776 
95.99993896298105 74.00016785180776 
95.0 73.00028992584559 
95.0 73.00028992584559 
95.0 73.00028992584559 
95.0 73.00028992584559 
95.0 73.00028992584559 
95.0 72.00041199988343 
95.0 72.00041199988343 
95.0 72.00041199988343 
95.0 72.00041199988343 
95.0 72.00041199988343 
95.0 72.00041199988343 
95.0 73.00028992584559 
95.99993896298105 78.0007019257239 
95.99993896298105 80.00045777764825 
95.99993896298105 82.00021362957258 
95.99993896298105 82.00021362957258 
95.0 77.00082399976174 
95.0 75.00004577776994 
95.0 73.00028992584559 
95.0 72.00041199988343 
95.0 72.00041199988343 
95.0 71.00053407392124 
95.0 71.00053407392124 
95.0 72.00041199988343 
95.0 73.00028992584559 
95.0 73.00028992584559 
95.0 73.00028992584559 
95.0 73.00028992584559 
95.0 72.00041199988343 
95.0 72.00041199988343 
95.0 72.00041199988343 
95.0 72.00041199988343 
95.0 72.00041199988343 
95.0 72.00041199988343 
95.0 73.00028992584559 
95.0 73.00028992584559 
95.0 73.00028992584559 
95.0 73.00028992584559 
95.0 73.00028992584559 
95.0 73.00028992584559 
95.0 73.00028992584559 
95.0 72.00041199988343 
95.0 72.00041199988343 
95.0 71.00053407392124 
95.0 71.00053407392124 
95.0 72.00041199988343 
95.0 72.00041199988343 
95.0 72.00041199988343 
95.0 72.00041199988343 
95.0 72.00041199988343 
95.0 72.00041199988343 
95.0 72.00041199988343 
95.0 71.00053407392124 
95.0 70.00065614795908 
95.0 70.00065614795908 
95.0 69.00077822199691 
95.0 69.00077822199691 
95.0 71.00053407392124 
95.0 71.00053407392124 
95.0 73.00028992584559 
95.0 74.00016785180776 
95.0 75.00004577776994 
95.0 73.00028992584559 
95.0 72.00041199988343 
95.0 72.00041199988343 
95.0 72.00041199988343 
95.0 71.00053407392124 
95.0 71.00053407392124 
95.0 72.00041199988343 
95.0 72.00041199988343 
95.0 72.00041199988343 
95.0 71.00053407392124 
95.0 71.00053407392124 
95.0 70.00065614795908 
95.0 69.00077822199691 
95.0 69.00077822199691 
95.0 70.00065614795908 
95.0 73.00028992584559 
95.0 73.00028992584559 
95.0 76.00094607379955 
95.0 76.00094607379955 
95.0 75.00004577776994 
95.0 75.00004577776994 
95.0 74.00016785180776 
95.99993896298105 75.00004577776994 
95.0 74.00016785180776 
95.0 80.00045777764825 
95.0 80.00045777764825 
95.0 81.00033570361042 
95.99993896298105 81.00033570361042 
95.99993896298105 79.00057985168607 
95.99993896298105 75.00004577776994 
95.99993896298105 74.00016785180776 
95.99993896298105 73.00028992584559 
95.99993896298105 73.00028992584559 
95.99993896298105 73.00028992584559 
95.99993896298105 73.00028992584559 
95.99993896298105 73.00028992584559 
95.99993896298105 74.00016785180776 
95.99993896298105 75.00004577776994 
95.99993896298105 75.00004577776994 
95.99993896298105 75.00004577776994 
95.99993896298105 75.00004577776994 
95.99993896298105 75.00004577776994 
95.99993896298105 74.00016785180776 
95.99993896298105 74.00016785180776 
95.99993896298105 74.00016785180776 
95.99993896298105 74.00016785180776 
95.99993896298105 74.00016785180776 
95.99993896298105 74.00016785180776 
95.99993896298105 74.00016785180776 
95.99993896298105 75.00004577776994 
95.99993896298105 74.00016785180776 
95.99993896298105 74.00016785180776 
95.99993896298105 73.00028992584559 
95.99993896298105 73.00028992584559 
95.99993896298105 73.00028992584559 
95.99993896298105 73.00028992584559 
95.99993896298105 73.00028992584559 
95.99993896298105 74.00016785180776 
95.99993896298105 74.00016785180776 
95.99993896298105 74.00016785180776 
95.99993896298105 74.00016785180776 
95.99993896298105 75.00004577776994 
95.99993896298105 74.00016785180776 
95.99993896298105 75.00004577776994 
95.99993896298105 75.00004577776994 
95.99993896298105 75.00004577776994 
95.0 76.00094607379955 
95.0 75.00004577776994 
95.0 74.00016785180776 
95.0 73.00028992584559 
95.99993896298105 73.00028992584559 
95.99993896298105 73.00028992584559 
95.0 73.00028992584559 
95.0 73.00028992584559 
95.0 73.00028992584559 
95.0 73.00028992584559 
95.0 74.00016785180776 
95.0 74.00016785180776 
95.0 74.00016785180776 
95.0 74.00016785180776 
95.0 75.00004577776994 
95.0 81.00033570361042 
95.0 81.00033570361042 
95.0 83.00009155553477 
95.99993896298105 82.00021362957258 
96.99995422223579 78.0007019257239 
95.99993896298105 76.00094607379955 
95.99993896298105 75.00004577776994 
95.99993896298105 75.00004577776994 
95.99993896298105 75.00004577776994 
95.99993896298105 76.00094607379955 
95.99993896298105 77.00082399976174 
95.99993896298105 78.0007019257239 
95.99993896298105 78.0007019257239 
95.99993896298105 76.00094607379955 
95.99993896298105 75.00004577776994 
95.99993896298105 74.00016785180776 
95.99993896298105 73.00028992584559 
95.99993896298105 72.00041199988343 
95.99993896298105 72.00041199988343 
95.99993896298105 72.00041199988343 
95.99993896298105 72.00041199988343 
95.99993896298105 72.00041199988343 
95.99993896298105 72.00041199988343 
95.99993896298105 72.00041199988343 
95.99993896298105 72.00041199988343 
95.99993896298105 72.00041199988343 
95.99993896298105 72.00041199988343 
95.99993896298105 72.00041199988343 
95.99993896298105 73.00028992584559 
95.99993896298105 72.00041199988343 
95.99993896298105 73.00028992584559 
95.99993896298105 72.00041199988343 
95.99993896298105 82.00021362957258 
95.99993896298105 88.00050355541308 
95.99993896298105 88.00050355541308 
95.99993896298105 88.00050355541308 
95.99993896298105 88.00050355541308 
95.99993896298105 88.00050355541308 
95.99993896298105 91.00013733329959 
95.99993896298105 91.00013733329959 
95.99993896298105 91.00013733329959 
95.99993896298105 90.00025940733741 
95.99993896298105 90.00025940733741 
95.99993896298105 90.00025940733741 
95.99993896298105 90.00025940733741 
95.99993896298105 91.00013733329959 
95.99993896298105 92.00001525926176 
95.99993896298105 92.00001525926176 
95.99993896298105 93.00091555529139 
95.99993896298105 93.00091555529139 
96.99995422223579 95.00067140721572 
95.99993896298105 93.00091555529139 
95.99993896298105 90.00025940733741 
95.99993896298105 85.00086977752656 
95.99993896298105 81.00033570361042 
95.99993896298105 78.0007019257239 
95.99993896298105 75.00004577776994 
95.99993896298105 75.00004577776994 
95.99993896298105 76.00094607379955 
95.0 78.0007019257239 
95.0 78.0007019257239 
95.0 82.00021362957258 
95.0 82.00021362957258 
95.0 84.00099185156438 
95.0 84.00099185156438 
95.0 84.00099185156438 
94.00006103701895 85.00086977752656 
94.00006103701895 85.00086977752656 
94.00006103701895 86.00074770348873 
94.00006103701895 86.00074770348873 
94.00006103701895 88.00050355541308 
94.00006103701895 88.00050355541308 
94.00006103701895 88.00050355541308 
94.00006103701895 87.0006256294509 
94.00006103701895 87.0006256294509 
94.00006103701895 87.0006256294509 
94.00006103701895 87.0006256294509 
94.00006103701895 87.0006256294509 
94.00006103701895 89.00038148137524 
94.00006103701895 91.00013733329959 
94.00006103701895 90.00025940733741 
94.00006103701895 89.00038148137524 
94.00006103701895 90.00025940733741 
94.00006103701895 90.00025940733741 
94.00006103701895 91.00013733329959 
94.00006103701895 91.00013733329959 
94.00006103701895 91.00013733329959 
94.00006103701895 91.00013733329959 
94.00006103701895 90.00025940733741 
94.00006103701895 89.00038148137524 
94.00006103701895 88.00050355541308 
94.00006103701895 88.00050355541308 
94.00006103701895 88.00050355541308 
94.00006103701895 88.00050355541308 
94.00006103701895 88.00050355541308 
94.00006103701895 88.00050355541308 
94.00006103701895 87.0006256294509 
94.00006103701895 86.00074770348873 
94.00006103701895 86.00074770348873 
94.00006103701895 86.00074770348873 
94.00006103701895 86.00074770348873 
94.00006103701895 86.00074770348873 
94.00006103701895 87.0006256294509 
94.00006103701895 87.0006256294509 
95.0 88.00050355541308 
95.0 88.00050355541308 
95.0 89.00038148137524 
95.0 90.00025940733741 
95.99993896298105 90.00025940733741 
95.0 91.00013733329959 
95.0 91.00013733329959 
95.99993896298105 94.00079348125355 
95.99993896298105 97.99928281503479 
95.99993896298105 99.99903866695914 
95.99993896298105 100.99993896298876 
95.99993896298105 100.99993896298876 
95.99993896298105 99.99903866695914 
95.0 97.00042725914007 
95.0 95.00067140721572 
95.0 94.00079348125355 
95.0 94.00079348125355 
95.0 92.00001525926176 
95.0 91.00013733329959 
95.99993896298105 90.00025940733741 
95.99993896298105 89.00038148137524 
95.99993896298105 89.00038148137524 
95.99993896298105 89.00038148137524 
95.99993896298105 95.00067140721572 
95.0 96.0005493331779 
95.0 96.0005493331779 
95.0 96.0005493331779 
95.0 96.0005493331779 
95.0 96.0005493331779 
95.99993896298105 96.0005493331779 
95.0 96.0005493331779 
95.0 97.00042725914007 
95.0 97.00042725914007 
95.0 97.00042725914007 
95.0 97.00042725914007 
95.0 97.00042725914007 
95.0 97.99928281503479 
95.0 97.99928281503479 
95.0 97.99928281503479 
95.0 97.99928281503479 
95.0 97.99928281503479 
95.0 98.99916074099697 
95.0 100.99993896298876 
95.0 100.99993896298876 
95.0 102.9996948149131 
95.0 102.9996948149131 
95.0 101.99981688895093 
95.0 100.99993896298876 
95.99993896298105 99.99903866695914 
95.0 97.99928281503479 
95.0 98.99916074099697 
95.99993896298105 99.99903866695914 
95.99993896298105 99.99903866695914 
95.99993896298105 99.99903866695914 
95.99993896298105 99.99903866695914 
95.99993896298105 99.99903866695914 
95.0 97.99928281503479 
95.0 96.0005493331779 
95.0 96.0005493331779 
95.0 96.0005493331779 
95.99993896298105 96.0005493331779 
95.99993896298105 96.0005493331779 
95.99993896298105 96.0005493331779 
95.99993896298105 96.0005493331779 
95.99993896298105 96.0005493331779 
95.99993896298105 96.0005493331779 
95.99993896298105 96.0005493331779 
95.99993896298105 91.00013733329959 
95.99993896298105 91.00013733329959 
95.0 90.00025940733741 
95.0 93.00091555529139 
95.99993896298105 90.00025940733741 
95.99993896298105 90.00025940733741 
95.99993896298105 90.00025940733741 
95.0 90.00025940733741 
95.0 90.00025940733741 
95.0 90.00025940733741 
95.0 90.00025940733741 
95.0 89.00038148137524 
95.0 89.00038148137524 
95.0 89.00038148137524 
95.0 89.00038148137524 
95.0 89.00038148137524 
95.0 89.00038148137524 
95.0 90.00025940733741 
95.0 91.00013733329959 
95.0 91.00013733329959 
95.0 92.00001525926176 
95.0 92.00001525926176 
95.0 91.00013733329959 
95.0 91.00013733329959 
95.0 91.00013733329959 
95.0 90.00025940733741 
95.0 90.00025940733741 
95.0 91.00013733329959 
95.0 91.00013733329959 
95.0 91.00013733329959 
95.0 91.00013733329959 
95.0 91.00013733329959 
95.0 91.00013733329959 
95.0 92.00001525926176 
95.0 93.00091555529139 
95.0 93.00091555529139 
95.0 93.00091555529139 
95.0 94.00079348125355 
95.0 94.00079348125355 
95.0 96.0005493331779 
95.0 96.0005493331779 
95.0 97.00042725914007 
95.0 97.00042725914007 
95.0 97.00042725914007 
95.0 97.99928281503479 
95.0 97.99928281503479 
95.0 97.99928281503479 
95.0 97.99928281503479 
95.0 97.00042725914007 
95.0 97.99928281503479 
95.0 97.99928281503479 
95.0 97.99928281503479 
95.0 97.99928281503479 
95.0 97.99928281503479 
95.0 97.99928281503479 
95.0 97.99928281503479 
95.0 97.99928281503479 
95.0 97.00042725914007 
95.0 97.00042725914007 
95.0 97.00042725914007 
95.0 97.00042725914007 
95.0 97.00042725914007 
95.0 97.99928281503479 
95.0 97.99928281503479 
95.0 97.99928281503479 
95.0 98.99916074099697 
95.0 99.99903866695914 
95.0 101.99981688895093 
95.0 101.99981688895093 
95.0 117.99990844448058 
95.99993896298105 117.99990844448058 
95.99993896298105 128.99958800013192 
95.99993896298105 128.99958800013192 
95.99993896298105 128.99958800013192 
95.99993896298105 130.99934385205626 
95.0 123.99917600025361 
95.0 115.99913022248879 
95.0 115.99913022248879 
95.0 115.99913022248879 
95.0 115.99913022248879 
95.0 115.99913022248879 
95.0 115.99913022248879 
95.0 112.99949644460227 
95.0 112.99949644460227 
95.0 112.99949644460227 
95.0 112.99949644460227 
95.0 112.99949644460227 
95.0 112.99949644460227 
95.0 112.99949644460227 
95.0 112.99949644460227 
95.0 112.99949644460227 
95.0 112.99949644460227 
95.0 112.99949644460227 
95.0 112.99949644460227 
95.0 111.9996185186401 
95.0 111.9996185186401 
95.0 111.9996185186401 
95.0 111.9996185186401 
95.0 111.9996185186401 
95.0 110.99974059267792 
95.0 110.99974059267792 
95.0 110.99974059267792 
95.0 109.99986266671576 
95.0 108.99998474075358 
95.99993896298105 109.99986266671576 
95.99993896298105 109.99986266671576 
95.99993896298105 109.99986266671576 
95.99993896298105 109.99986266671576 
95.99993896298105 109.99986266671576 
95.99993896298105 109.99986266671576 
95.99993896298105 109.99986266671576 
95.99993896298105 109.99986266671576 
95.99993896298105 109.99986266671576 
95.99993896298105 109.99986266671576 
95.99993896298105 109.99986266671576 
95.99993896298105 109.99986266671576 
95.99993896298105 109.99986266671576 
95.99993896298105 109.99986266671576 
95.99993896298105 109.99986266671576 
95.99993896298105 109.99986266671576 
95.99993896298105 110.99974059267792 
95.99993896298105 111.9996185186401 
95.99993896298105 113.99937437056444 
95.0 113.99937437056444 
95.99993896298105 114.99925229652662 
95.99993896298105 115.99913022248879 
95.99993896298105 114.99925229652662 
95.99993896298105 114.99925229652662 
95.0 115.99913022248879 
95.0 115.99913022248879 
95.0 115.99913022248879 
95.0 115.99913022248879 
95.0 115.99913022248879 
95.0 115.99913022248879 
95.99993896298105 115.99913022248879 
95.99993896298105 115.99913022248879 
95.99993896298105 115.99913022248879 
95.99993896298105 115.99913022248879 
95.99993896298105 115.99913022248879 
95.99993896298105 117.99990844448058 
95.99993896298105 118.99978637044275 
95.99993896298105 118.99978637044275 
95.99993896298105 119.99966429640493 
95.99993896298105 119.99966429640493 
95.99993896298105 119.99966429640493 
95.0 119.99966429640493 
95.0 119.99966429640493 
95.0 119.99966429640493 
95.0 119.99966429640493 
95.0 119.99966429640493 
95.99993896298105 118.99978637044275 
95.99993896298105 119.99966429640493 
95.99993896298105 119.99966429640493 
95.99993896298105 119.99966429640493 
95.99993896298105 120.9995422223671 
95.99993896298105 118.99978637044275 
96.99995422223579 119.99966429640493 
95.99993896298105 119.99966429640493 
95.99993896298105 119.99966429640493 
95.99993896298105 118.99978637044275 
95.99993896298105 118.99978637044275 
95.0 118.99978637044275 
95.0 118.99978637044275 
95.0 118.99978637044275 
95.0 118.99978637044275 
95.0 118.99978637044275 
95.0 118.99978637044275 
95.0 118.99978637044275 
95.0 118.99978637044275 
95.0 118.99978637044275 
95.0 118.99978637044275 
95.0 117.99990844448058 
95.0 114.99925229652662 
95.0 114.99925229652662 
95.0 113.99937437056444 
95.0 107.99908444472396 
95.0 107.99908444472396 
95.0 107.99908444472396 
95.0 107.99908444472396 
95.0 107.99908444472396 
95.0 107.99908444472396 
95.0 107.99908444472396 
95.0 107.99908444472396 
95.0 107.99908444472396 
95.0 107.99908444472396 
95.0 107.99908444472396 
95.0 107.99908444472396 
95.0 107.99908444472396 
95.0 107.99908444472396 
95.99993896298105 105.99932859279961 
95.99993896298105 102.9996948149131 
96.99995422223579 99.99903866695914 
95.99993896298105 95.00067140721572 
95.99993896298105 94.00079348125355 
95.99993896298105 92.00001525926176 
95.99993896298105 91.00013733329959 
95.99993896298105 91.00013733329959 
95.99993896298105 91.00013733329959 
95.99993896298105 92.00001525926176 
95.0 92.00001525926176 
95.0 92.00001525926176 
95.0 91.00013733329959 
95.99993896298105 88.00050355541308 
95.99993896298105 88.00050355541308 
95.99993896298105 87.0006256294509 
95.99993896298105 87.0006256294509 
95.99993896298105 86.00074770348873 
95.99993896298105 86.00074770348873 
95.99993896298105 86.00074770348873 
95.99993896298105 85.00086977752656 
95.99993896298105 85.00086977752656 
95.0 85.00086977752656 
95.99993896298105 87.0006256294509 
95.0 88.00050355541308 
95.0 87.0006256294509 
95.0 85.00086977752656 
95.0 82.00021362957258 
95.99993896298105 81.00033570361042 
95.99993896298105 79.00057985168607 
95.99993896298105 78.0007019257239 
95.99993896298105 78.0007019257239 
95.99993896298105 78.0007019257239 
95.99993896298105 79.00057985168607 
95.99993896298105 79.00057985168607 
95.99993896298105 79.00057985168607 
95.99993896298105 78.0007019257239 
95.99993896298105 78.0007019257239 
95.99993896298105 78.0007019257239 
95.99993896298105 79.00057985168607 
95.99993896298105 79.00057985168607 
95.99993896298105 80.00045777764825 
95.99993896298105 80.00045777764825 
95.99993896298105 81.00033570361042 
95.99993896298105 81.00033570361042 
95.0 80.00045777764825 
95.0 79.00057985168607 
95.0 77.00082399976174 
95.0 77.00082399976174 
95.0 76.00094607379955 
95.0 76.00094607379955 
95.0 77.00082399976174 
95.0 77.00082399976174 
95.0 77.00082399976174 
95.0 78.0007019257239 
95.0 77.00082399976174 
95.0 77.00082399976174 
95.0 77.00082399976174 
95.0 77.00082399976174 
95.0 78.0007019257239 
95.0 78.0007019257239 
95.0 78.0007019257239 
95.0 78.0007019257239 
95.0 78.0007019257239 
95.0 78.0007019257239 
95.0 78.0007019257239 
95.0 77.00082399976174 
95.0 77.00082399976174 
95.0 76.00094607379955 
95.0 75.00004577776994 
95.0 74.00016785180776 
95.0 74.00016785180776 
95.0 74.00016785180776 
95.0 74.00016785180776 
95.0 74.00016785180776 
95.0 74.00016785180776 
95.0 74.00016785180776 
95.0 75.00004577776994 
95.0 75.00004577776994 
95.0 75.00004577776994 
95.0 76.00094607379955 
95.0 76.00094607379955 
95.0 75.00004577776994 
95.0 75.00004577776994 
95.0 75.00004577776994 
95.0 75.00004577776994 
95.0 74.00016785180776 
95.0 74.00016785180776 
95.0 74.00016785180776 
95.0 75.00004577776994 
95.0 75.00004577776994 
95.0 75.00004577776994 
95.0 75.00004577776994 
95.0 75.00004577776994 
95.0 75.00004577776994 
95.0 74.00016785180776 
95.0 74.00016785180776 
95.0 74.00016785180776 
95.0 74.00016785180776 
95.0 74.00016785180776 
95.0 74.00016785180776 
95.0 74.00016785180776 
95.0 75.00004577776994 
95.0 75.00004577776994 
95.0 74.00016785180776 
95.0 74.00016785180776 
95.0 74.00016785180776 
95.0 75.00004577776994 
95.0 83.00009155553477 
95.0 83.00009155553477 
95.0 86.00074770348873 
95.0 83.00009155553477 
95.0 81.00033570361042 
95.0 79.00057985168607 
95.99993896298105 78.0007019257239 
95.0 77.00082399976174 
95.0 77.00082399976174 
95.0 78.0007019257239 
95.0 79.00057985168607 
95.0 79.00057985168607 
95.0 80.00045777764825 
95.0 80.00045777764825 
95.0 79.00057985168607 
95.0 79.00057985168607 
95.0 78.0007019257239 
95.0 78.0007019257239 
95.0 79.00057985168607 
95.0 80.00045777764825 
95.0 80.00045777764825 
95.0 81.00033570361042 
95.0 81.00033570361042 
95.0 81.00033570361042 
95.0 81.00033570361042 
95.99993896298105 80.00045777764825 
95.99993896298105 80.00045777764825 
95.99993896298105 80.00045777764825 
95.99993896298105 81.00033570361042 
95.99993896298105 81.00033570361042 
95.99993896298105 82.00021362957258 
95.99993896298105 82.00021362957258 
95.0 83.00009155553477 
95.0 84.00099185156438 
95.99993896298105 84.00099185156438 
95.99993896298105 84.00099185156438 
95.99993896298105 84.00099185156438 
95.99993896298105 84.00099185156438 
95.0 84.00099185156438 
95.0 86.00074770348873 
95.0 85.00086977752656 
95.0 86.00074770348873 
95.0 86.00074770348873 
95.0 84.00099185156438 
95.0 83.00009155553477 
95.0 82.00021362957258 
95.0 82.00021362957258 
95.0 83.00009155553477 
95.0 82.00021362957258 
95.0 83.00009155553477 
95.99993896298105 83.00009155553477 
95.99993896298105 84.00099185156438 
95.99993896298105 86.00074770348873 
95.99993896298105 85.00086977752656 
95.99993896298105 87.0006256294509 
95.99993896298105 86.00074770348873 
95.99993896298105 85.00086977752656 
95.99993896298105 85.00086977752656 
95.99993896298105 84.00099185156438 
95.99993896298105 83.00009155553477 
95.99993896298105 84.00099185156438 
95.99993896298105 83.00009155553477 
95.99993896298105 83.00009155553477 
95.99993896298105 82.00021362957258 
95.99993896298105 82.00021362957258 
95.99993896298105 81.00033570361042 
95.99993896298105 80.00045777764825 
95.99993896298105 80.00045777764825 
95.99993896298105 81.00033570361042 
95.99993896298105 81.00033570361042 
95.99993896298105 81.00033570361042 
95.99993896298105 82.00021362957258 
95.99993896298105 81.00033570361042 
95.99993896298105 80.00045777764825 
95.99993896298105 79.00057985168607 
95.0 79.00057985168607 
95.0 78.0007019257239 
95.0 78.0007019257239 
95.0 78.0007019257239 
95.0 79.00057985168607 
95.0 80.00045777764825 
95.0 82.00021362957258 
95.0 82.00021362957258 
95.0 82.00021362957258 
95.0 82.00021362957258 
95.0 82.00021362957258 
95.0 82.00021362957258 
95.99993896298105 82.00021362957258 
95.99993896298105 84.00099185156438 
95.99993896298105 84.00099185156438 
95.99993896298105 83.00009155553477 
95.99993896298105 81.00033570361042 
95.99993896298105 78.0007019257239 
95.99993896298105 76.00094607379955 
95.0 74.00016785180776 
95.0 74.00016785180776 
95.0 78.0007019257239 
95.0 78.0007019257239 
95.99993896298105 83.00009155553477 
95.99993896298105 83.00009155553477 
95.99993896298105 88.00050355541308 
95.99993896298105 88.00050355541308 
95.99993896298105 88.00050355541308 
95.99993896298105 89.00038148137524 
95.99993896298105 83.00009155553477 
95.99993896298105 81.00033570361042 
95.99993896298105 80.00045777764825 
95.99993896298105 78.0007019257239 
95.99993896298105 77.00082399976174 
95.99993896298105 79.00057985168607 
95.99993896298105 81.00033570361042 
95.99993896298105 82.00021362957258 
95.99993896298105 82.00021362957258 
95.99993896298105 80.00045777764825 
95.99993896298105 80.00045777764825 
95.99993896298105 79.00057985168607 
95.99993896298105 78.0007019257239 
95.99993896298105 78.0007019257239 
95.99993896298105 82.00021362957258 
95.99993896298105 82.00021362957258 
95.99993896298105 82.00021362957258 
95.99993896298105 82.00021362957258 
95.99993896298105 80.00045777764825 
95.99993896298105 79.00057985168607 
95.99993896298105 78.0007019257239 
95.99993896298105 78.0007019257239 
95.99993896298105 78.0007019257239 
95.99993896298105 78.0007019257239 
95.99993896298105 78.0007019257239 
95.99993896298105 79.00057985168607 
95.0 80.00045777764825 
95.0 80.00045777764825 
95.0 80.00045777764825 
95.0 80.00045777764825 
95.0 79.00057985168607 
95.0 79.00057985168607 
95.0 80.00045777764825 
95.0 80.00045777764825 
95.0 80.00045777764825 
95.0 80.00045777764825 
95.99993896298105 79.00057985168607 
95.99993896298105 79.00057985168607 
95.0 79.00057985168607 
95.99993896298105 79.00057985168607 
95.99993896298105 78.0007019257239 
95.99993896298105 77.00082399976174 
95.99993896298105 77.00082399976174 
95.99993896298105 76.00094607379955 
95.99993896298105 77.00082399976174 
95.99993896298105 78.0007019257239 
95.99993896298105 79.00057985168607 
95.99993896298105 79.00057985168607 
95.99993896298105 79.00057985168607 
95.99993896298105 78.0007019257239 
95.99993896298105 77.00082399976174 
95.99993896298105 75.00004577776994 
95.99993896298105 74.00016785180776 
95.99993896298105 74.00016785180776 
95.0 74.00016785180776 
95.0 74.00016785180776 
95.0 75.00004577776994 
95.0 76.00094607379955 
95.0 78.0007019257239 
95.0 78.0007019257239 
95.0 79.00057985168607 
95.0 79.00057985168607 
95.0 79.00057985168607 
95.0 78.0007019257239 
95.0 77.00082399976174 
95.0 76.00094607379955 
95.0 76.00094607379955 
95.0 78.0007019257239 
95.0 78.0007019257239 
95.0 81.00033570361042 
95.0 83.00009155553477 
95.0 84.00099185156438 
95.0 86.00074770348873 
95.0 86.00074770348873 
95.0 86.00074770348873 
95.0 88.00050355541308 
95.0 87.0006256294509 
95.0 86.00074770348873 
95.0 85.00086977752656 
95.0 83.00009155553477 
95.0 81.00033570361042 
95.0 80.00045777764825 
95.0 79.00057985168607 
95.0 79.00057985168607 
95.0 79.00057985168607 
95.0 80.00045777764825 
94.00006103701895 80.00045777764825 
94.00006103701895 79.00057985168607 
94.00006103701895 79.00057985168607 
95.0 89.00038148137524 
95.0 89.00038148137524 
95.0 89.00038148137524 
95.0 89.00038148137524 
95.0 89.00038148137524 
95.0 89.00038148137524 
95.0 89.00038148137524 
95.0 89.00038148137524 
95.0 89.00038148137524 
95.0 89.00038148137524 
95.0 89.00038148137524 
95.0 95.00067140721572 
95.0 100.99993896298876 
95.0 100.99993896298876 
95.99993896298105 103.99957274087528 
95.99993896298105 103.99957274087528 
95.0 101.99981688895093 
95.0 97.99928281503479 
95.0 94.00079348125355 
95.0 91.00013733329959 
95.0 88.00050355541308 
95.0 87.0006256294509 
95.99993896298105 87.0006256294509 
95.99993896298105 87.0006256294509 
96.99995422223579 87.0006256294509 
96.99995422223579 88.00050355541308 
96.99995422223579 91.00013733329959 
96.99995422223579 91.00013733329959 
96.99995422223579 91.00013733329959 
96.99995422223579 88.00050355541308 
96.99995422223579 87.0006256294509 
96.99995422223579 84.00099185156438 
96.99995422223579 84.00099185156438 
96.99995422223579 84.00099185156438 
96.99995422223579 84.00099185156438 
95.99993896298105 85.00086977752656 
95.99993896298105 85.00086977752656 
95.99993896298105 87.0006256294509 
96.99995422223579 89.00038148137524 
96.99995422223579 88.00050355541308 
96.99995422223579 88.00050355541308 
96.99995422223579 88.00050355541308 
96.99995422223579 88.00050355541308 
97.99996948149052 87.0006256294509 
97.99996948149052 86.00074770348873 
97.99996948149052 86.00074770348873 
96.99995422223579 85.00086977752656 
96.99995422223579 86.00074770348873 
96.99995422223579 86.00074770348873 
96.99995422223579 92.00001525926176 
96.99995422223579 94.00079348125355 
96.99995422223579 92.00001525926176 
96.99995422223579 89.00038148137524 
96.99995422223579 87.0006256294509 
96.99995422223579 85.00086977752656 
95.99993896298105 85.00086977752656 
95.99993896298105 85.00086977752656 
95.99993896298105 84.00099185156438 
95.99993896298105 82.00021362957258 
95.99993896298105 82.00021362957258 
95.99993896298105 81.00033570361042 
96.99995422223579 81.00033570361042 
96.99995422223579 83.00009155553477 
96.99995422223579 86.00074770348873 
96.99995422223579 86.00074770348873 
96.99995422223579 85.00086977752656 
96.99995422223579 84.00099185156438 
95.99993896298105 83.00009155553477 
95.99993896298105 85.00086977752656 
95.99993896298105 85.00086977752656 
95.99993896298105 91.00013733329959 
95.99993896298105 95.00067140721572 
96.99995422223579 95.00067140721572 
96.99995422223579 97.99928281503479 
96.99995422223579 93.00091555529139 
96.99995422223579 91.00013733329959 
95.99993896298105 86.00074770348873 
95.99993896298105 86.00074770348873 
95.99993896298105 85.00086977752656 
95.99993896298105 86.00074770348873 
96.99995422223579 88.00050355541308 
96.99995422223579 90.00025940733741 
96.99995422223579 91.00013733329959 
96.99995422223579 94.00079348125355 
96.99995422223579 95.00067140721572 
96.99995422223579 92.00001525926176 
96.99995422223579 87.0006256294509 
96.99995422223579 84.00099185156438 
96.99995422223579 81.00033570361042 
96.99995422223579 80.00045777764825 
96.99995422223579 79.00057985168607 
96.99995422223579 82.00021362957258 
96.99995422223579 87.0006256294509 
96.99995422223579 88.00050355541308 
96.99995422223579 90.00025940733741 
96.99995422223579 89.00038148137524 
96.99995422223579 88.00050355541308 
96.99995422223579 85.00086977752656 
95.99993896298105 84.00099185156438 
95.99993896298105 83.00009155553477 
95.99993896298105 81.00033570361042 
95.99993896298105 80.00045777764825 
95.99993896298105 78.0007019257239 
95.99993896298105 77.00082399976174 
95.99993896298105 76.00094607379955 
95.99993896298105 77.00082399976174 
95.99993896298105 80.00045777764825 
95.99993896298105 80.00045777764825 
96.99995422223579 85.00086977752656 
96.99995422223579 85.00086977752656 
96.99995422223579 88.00050355541308 
96.99995422223579 88.00050355541308 
96.99995422223579 87.0006256294509 
96.99995422223579 86.00074770348873 
97.99996948149052 87.0006256294509 
96.99995422223579 87.0006256294509 
96.99995422223579 87.0006256294509 
95.99993896298105 88.00050355541308 
96.99995422223579 89.00038148137524 
95.99993896298105 87.0006256294509 
95.99993896298105 85.00086977752656 
95.99993896298105 85.00086977752656 
95.99993896298105 84.00099185156438 
95.99993896298105 89.00038148137524 
96.99995422223579 89.00038148137524 
96.99995422223579 92.00001525926176 
96.99995422223579 90.00025940733741 
96.99995422223579 89.00038148137524 
96.99995422223579 87.0006256294509 
97.99996948149052 87.0006256294509 
97.99996948149052 88.00050355541308 
96.99995422223579 92.00001525926176 
96.99995422223579 92.00001525926176 
96.99995422223579 93.00091555529139 
96.99995422223579 93.00091555529139 
96.99995422223579 92.00001525926176 
96.99995422223579 93.00091555529139 
96.99995422223579 93.00091555529139 
96.99995422223579 93.00091555529139 
96.99995422223579 93.00091555529139 
96.99995422223579 93.00091555529139 
96.99995422223579 97.00042725914007 
96.99995422223579 97.00042725914007 
96.99995422223579 97.99928281503479 
96.99995422223579 93.00091555529139 
96.99995422223579 90.00025940733741 
96.99995422223579 88.00050355541308 
96.99995422223579 86.00074770348873 
96.99995422223579 85.00086977752656 
96.99995422223579 85.00086977752656 
96.99995422223579 90.00025940733741 
96.99995422223579 90.00025940733741 
96.99995422223579 93.00091555529139 
96.99995422223579 94.00079348125355 
96.99995422223579 87.0006256294509 
96.99995422223579 83.00009155553477 
96.99995422223579 80.00045777764825 
96.99995422223579 77.00082399976174 
96.99995422223579 77.00082399976174 
96.99995422223579 77.00082399976174 
96.99995422223579 77.00082399976174 
96.99995422223579 80.00045777764825 
96.99995422223579 82.00021362957258 
96.99995422223579 82.00021362957258 
96.99995422223579 83.00009155553477 
96.99995422223579 81.00033570361042 
96.99995422223579 79.00057985168607 
96.99995422223579 78.0007019257239 
96.99995422223579 78.0007019257239 
96.99995422223579 77.00082399976174 
96.99995422223579 77.00082399976174 
96.99995422223579 80.00045777764825 
96.99995422223579 81.00033570361042 
96.99995422223579 81.00033570361042 
96.99995422223579 82.00021362957258 
96.99995422223579 81.00033570361042 
96.99995422223579 81.00033570361042 
96.99995422223579 80.00045777764825 
96.99995422223579 79.00057985168607 
96.99995422223579 79.00057985168607 
96.99995422223579 78.0007019257239 
96.99995422223579 78.0007019257239 
95.99993896298105 79.00057985168607 
95.99993896298105 80.00045777764825 
95.99993896298105 82.00021362957258 
95.99993896298105 82.00021362957258 
95.99993896298105 82.00021362957258 
95.99993896298105 82.00021362957258 
95.99993896298105 84.00099185156438 
95.99993896298105 84.00099185156438 
95.99993896298105 83.00009155553477 
96.99995422223579 84.00099185156438 
96.99995422223579 83.00009155553477 
96.99995422223579 85.00086977752656 
96.99995422223579 87.0006256294509 
96.99995422223579 88.00050355541308 
96.99995422223579 87.0006256294509 
96.99995422223579 86.00074770348873 
96.99995422223579 84.00099185156438 
96.99995422223579 84.00099185156438 
96.99995422223579 84.00099185156438 
96.99995422223579 83.00009155553477 
96.99995422223579 86.00074770348873 
96.99995422223579 86.00074770348873 
96.99995422223579 89.00038148137524 
96.99995422223579 90.00025940733741 
96.99995422223579 83.00009155553477 
96.99995422223579 80.00045777764825 
96.99995422223579 77.00082399976174 
96.99995422223579 76.00094607379955 
96.99995422223579 77.00082399976174 
96.99995422223579 78.0007019257239 
96.99995422223579 79.00057985168607 
96.99995422223579 79.00057985168607 
96.99995422223579 78.0007019257239 
96.99995422223579 78.0007019257239 
96.99995422223579 76.00094607379955 
96.99995422223579 76.00094607379955 
96.99995422223579 75.00004577776994 
96.99995422223579 75.00004577776994 
96.99995422223579 75.00004577776994 
95.99993896298105 75.00004577776994 
95.99993896298105 75.00004577776994 
95.99993896298105 75.00004577776994 
95.99993896298105 75.00004577776994 
95.99993896298105 74.00016785180776 
96.99995422223579 74.00016785180776 
96.99995422223579 76.00094607379955 
96.99995422223579 76.00094607379955 
96.99995422223579 77.00082399976174 
96.99995422223579 78.0007019257239 
96.99995422223579 77.00082399976174 
96.99995422223579 76.00094607379955 
96.99995422223579 75.00004577776994 
96.99995422223579 74.00016785180776 
96.99995422223579 73.00028992584559 
95.99993896298105 73.00028992584559 
95.99993896298105 73.00028992584559 
95.99993896298105 73.00028992584559 
95.99993896298105 74.00016785180776 
95.99993896298105 75.00004577776994 
95.0 77.00082399976174 
95.0 79.00057985168607 
95.0 79.00057985168607 
95.0 78.0007019257239 
95.0 77.00082399976174 
95.0 76.00094607379955 
95.0 75.00004577776994 
95.0 75.00004577776994 
95.99993896298105 77.00082399976174 
95.99993896298105 77.00082399976174 
95.99993896298105 78.0007019257239 
95.99993896298105 79.00057985168607 
95.99993896298105 80.00045777764825 
95.99993896298105 81.00033570361042 
95.99993896298105 81.00033570361042 
95.99993896298105 81.00033570361042 
95.99993896298105 82.00021362957258 
95.99993896298105 81.00033570361042 
95.99993896298105 81.00033570361042 
95.99993896298105 80.00045777764825 
95.99993896298105 79.00057985168607 
95.99993896298105 78.0007019257239 
95.99993896298105 76.00094607379955 
95.99993896298105 75.00004577776994 
95.99993896298105 76.00094607379955 
95.99993896298105 76.00094607379955 
95.99993896298105 76.00094607379955 
95.99993896298105 79.00057985168607 
95.99993896298105 79.00057985168607 
95.99993896298105 83.00009155553477 
95.99993896298105 83.00009155553477 
95.99993896298105 87.0006256294509 
95.99993896298105 87.0006256294509 
95.99993896298105 86.00074770348873 
95.99993896298105 85.00086977752656 
95.99993896298105 82.00021362957258 
95.99993896298105 79.00057985168607 
95.99993896298105 78.0007019257239 
95.99993896298105 77.00082399976174 
95.99993896298105 76.00094607379955 
95.99993896298105 76.00094607379955 
95.99993896298105 77.00082399976174 
96.99995422223579 77.00082399976174 
96.99995422223579 77.00082399976174 
96.99995422223579 77.00082399976174 
96.99995422223579 77.00082399976174 
96.99995422223579 76.00094607379955 
96.99995422223579 77.00082399976174 
96.99995422223579 78.0007019257239 
96.99995422223579 79.00057985168607 
96.99995422223579 79.00057985168607 
96.99995422223579 79.00057985168607 
96.99995422223579 79.00057985168607 
96.99995422223579 79.00057985168607 
96.99995422223579 83.00009155553477 
96.99995422223579 84.00099185156438 
95.99993896298105 86.00074770348873 
95.99993896298105 82.00021362957258 
95.99993896298105 80.00045777764825 
95.99993896298105 78.0007019257239 
95.99993896298105 77.00082399976174 
95.99993896298105 77.00082399976174 
95.99993896298105 79.00057985168607 
95.99993896298105 80.00045777764825 
95.99993896298105 80.00045777764825 
95.99993896298105 81.00033570361042 
95.99993896298105 82.00021362957258 
95.99993896298105 84.00099185156438 
95.99993896298105 85.00086977752656 
95.99993896298105 82.00021362957258 
95.99993896298105 82.00021362957258 
96.99995422223579 80.00045777764825 
95.99993896298105 80.00045777764825 
95.99993896298105 83.00009155553477 
95.99993896298105 83.00009155553477 
95.99993896298105 85.00086977752656 
95.99993896298105 84.00099185156438 
95.99993896298105 84.00099185156438 
95.99993896298105 85.00086977752656 
95.99993896298105 85.00086977752656 
95.99993896298105 86.00074770348873 
95.99993896298105 86.00074770348873 
95.99993896298105 87.0006256294509 
95.99993896298105 87.0006256294509 
95.99993896298105 90.00025940733741 
95.99993896298105 92.00001525926176 
95.99993896298105 92.00001525926176 
95.99993896298105 92.00001525926176 
95.99993896298105 92.00001525926176 
95.99993896298105 91.00013733329959 
95.99993896298105 88.00050355541308 
95.99993896298105 88.00050355541308 
95.99993896298105 87.0006256294509 
95.99993896298105 84.00099185156438 
95.0 80.00045777764825 
95.0 78.0007019257239 
95.0 77.00082399976174 
95.0 77.00082399976174 
95.0 76.00094607379955 
95.0 76.00094607379955 
95.0 76.00094607379955 
95.99993896298105 78.0007019257239 
95.99993896298105 80.00045777764825 
95.0 83.00009155553477 
95.0 83.00009155553477 
95.0 81.00033570361042 
95.0 78.0007019257239 
95.0 76.00094607379955 
95.99993896298105 75.00004577776994 
95.99993896298105 74.00016785180776 
95.99993896298105 74.00016785180776 
95.99993896298105 75.00004577776994 
95.99993896298105 75.00004577776994 
95.99993896298105 75.00004577776994 
95.99993896298105 78.0007019257239 
95.0 79.00057985168607 
95.0 79.00057985168607 
95.99993896298105 79.00057985168607 
95.99993896298105 79.00057985168607 
95.99993896298105 78.0007019257239 
95.99993896298105 78.0007019257239 
95.99993896298105 78.0007019257239 
95.99993896298105 78.0007019257239 
95.99993896298105 78.0007019257239 
95.99993896298105 78.0007019257239 
95.99993896298105 82.00021362957258 
95.99993896298105 82.00021362957258 
95.99993896298105 84.00099185156438 
95.0 82.00021362957258 
95.0 79.00057985168607 
95.0 78.0007019257239 
95.0 76.00094607379955 
95.0 76.00094607379955 
95.0 76.00094607379955 
95.0 79.00057985168607 
95.0 86.00074770348873 
95.0 87.0006256294509 
95.0 88.00050355541308 
95.0 87.0006256294509 
95.0 81.00033570361042 
95.0 79.00057985168607 
95.99993896298105 77.00082399976174 
95.99993896298105 76.00094607379955 
95.99993896298105 76.00094607379955 
95.99993896298105 77.00082399976174 
95.99993896298105 79.00057985168607 
95.99993896298105 79.00057985168607 
95.99993896298105 79.00057985168607 
95.99993896298105 79.00057985168607 
95.99993896298105 79.00057985168607 
95.99993896298105 79.00057985168607 
95.99993896298105 79.00057985168607 
95.99993896298105 81.00033570361042 
95.99993896298105 82.00021362957258 
95.99993896298105 82.00021362957258 
95.99993896298105 81.00033570361042 
95.99993896298105 83.00009155553477 
95.99993896298105 82.00021362957258 
95.99993896298105 79.00057985168607 
95.99993896298105 78.0007019257239 
95.99993896298105 78.0007019257239 
95.99993896298105 77.00082399976174 
95.99993896298105 77.00082399976174 
95.99993896298105 77.00082399976174 
95.99993896298105 77.00082399976174 
96.99995422223579 77.00082399976174 
96.99995422223579 77.00082399976174 
95.99993896298105 77.00082399976174 
95.99993896298105 77.00082399976174 
95.99993896298105 77.00082399976174 
95.99993896298105 77.00082399976174 
95.99993896298105 77.00082399976174 
95.99993896298105 77.00082399976174 
95.0 77.00082399976174 
95.0 77.00082399976174 
95.0 77.00082399976174 
95.0 77.00082399976174 
95.0 77.00082399976174 
95.0 76.00094607379955 
95.0 76.00094607379955 
95.0 76.00094607379955 
95.0 76.00094607379955 
95.0 75.00004577776994 
95.0 75.00004577776994 
95.0 74.00016785180776 
95.0 74.00016785180776 
95.0 76.00094607379955 
94.00006103701895 78.0007019257239 
94.00006103701895 79.00057985168607 
94.00006103701895 80.00045777764825 
94.00006103701895 79.00057985168607 
94.00006103701895 78.0007019257239 
94.00006103701895 78.0007019257239 
94.00006103701895 77.00082399976174 
94.00006103701895 76.00094607379955 
94.00006103701895 76.00094607379955 
94.00006103701895 76.00094607379955 
94.00006103701895 76.00094607379955 
94.00006103701895 76.00094607379955 
95.0 77.00082399976174 
95.0 77.00082399976174 
94.00006103701895 77.00082399976174 
94.00006103701895 79.00057985168607 
94.00006103701895 81.00033570361042 
94.00006103701895 84.00099185156438 
94.00006103701895 84.00099185156438 
94.00006103701895 86.00074770348873 
94.00006103701895 85.00086977752656 
94.00006103701895 82.00021362957258 
94.00006103701895 81.00033570361042 
94.00006103701895 80.00045777764825 
94.00006103701895 79.00057985168607 
94.00006103701895 78.0007019257239 
94.00006103701895 78.0007019257239 
94.00006103701895 78.0007019257239 
94.00006103701895 78.0007019257239 
94.00006103701895 75.00004577776994 
94.00006103701895 74.00016785180776 
94.00006103701895 72.00041199988343 
94.00006103701895 72.00041199988343 
95.0 71.00053407392124 
95.0 71.00053407392124 
95.0 72.00041199988343 
95.0 73.00028992584559 
95.0 74.00016785180776 
95.0 75.00004577776994 
95.0 75.00004577776994 
94.00006103701895 75.00004577776994 
95.0 75.00004577776994 
94.00006103701895 75.00004577776994 
94.00006103701895 75.00004577776994 
94.00006103701895 75.00004577776994 
94.00006103701895 75.00004577776994 
94.00006103701895 75.00004577776994 
94.00006103701895 76.00094607379955 
94.00006103701895 76.00094607379955 
94.00006103701895 76.00094607379955 
94.00006103701895 77.00082399976174 
94.00006103701895 78.0007019257239 
94.00006103701895 78.0007019257239 
94.00006103701895 79.00057985168607 
94.00006103701895 79.00057985168607 
94.00006103701895 78.0007019257239 
94.00006103701895 77.00082399976174 
94.00006103701895 77.00082399976174 
94.00006103701895 76.00094607379955 
94.00006103701895 76.00094607379955 
94.00006103701895 76.00094607379955 
94.00006103701895 76.00094607379955 
94.00006103701895 76.00094607379955 
94.00006103701895 76.00094607379955 
94.00006103701895 75.00004577776994 
94.00006103701895 75.00004577776994 
94.00006103701895 75.00004577776994 
94.00006103701895 74.00016785180776 
94.00006103701895 75.00004577776994 
94.00006103701895 75.00004577776994 
94.00006103701895 75.00004577776994 
93.00004577776421 75.00004577776994 
93.00004577776421 76.00094607379955 
93.00004577776421 77.00082399976174 
93.00004577776421 77.00082399976174 
93.00004577776421 76.00094607379955 
93.00004577776421 76.00094607379955 
93.00004577776421 76.00094607379955 
93.00004577776421 75.00004577776994 
93.00004577776421 75.00004577776994 
94.00006103701895 74.00016785180776 
94.00006103701895 74.00016785180776 
94.00006103701895 75.00004577776994 
94.00006103701895 75.00004577776994 
94.00006103701895 75.00004577776994 
94.00006103701895 76.00094607379955 
94.00006103701895 75.00004577776994 
94.00006103701895 76.00094607379955 
94.00006103701895 76.00094607379955 
94.00006103701895 76.00094607379955 
94.00006103701895 78.0007019257239 
94.00006103701895 82.00021362957258 
94.00006103701895 82.00021362957258 
94.00006103701895 85.00086977752656 
94.00006103701895 84.00099185156438 
94.00006103701895 82.00021362957258 
94.00006103701895 80.00045777764825 
94.00006103701895 79.00057985168607 
94.00006103701895 77.00082399976174 
94.00006103701895 77.00082399976174 
94.00006103701895 78.0007019257239 
94.00006103701895 79.00057985168607 
94.00006103701895 79.00057985168607 
94.00006103701895 78.0007019257239 
94.00006103701895 77.00082399976174 
94.00006103701895 76.00094607379955 
94.00006103701895 74.00016785180776 
94.00006103701895 74.00016785180776 
94.00006103701895 74.00016785180776 
94.00006103701895 74.00016785180776 
94.00006103701895 74.00016785180776 
94.00006103701895 74.00016785180776 
94.00006103701895 74.00016785180776 
94.00006103701895 74.00016785180776 
94.00006103701895 74.00016785180776 
94.00006103701895 74.00016785180776 
94.00006103701895 74.00016785180776 
94.00006103701895 74.00016785180776 
94.00006103701895 74.00016785180776 
94.00006103701895 75.00004577776994 
94.00006103701895 75.00004577776994 
94.00006103701895 76.00094607379955 
93.00004577776421 76.00094607379955 
93.00004577776421 75.00004577776994 
93.00004577776421 75.00004577776994 
93.00004577776421 75.00004577776994 
93.00004577776421 74.00016785180776 
94.00006103701895 74.00016785180776 
94.00006103701895 74.00016785180776 
94.00006103701895 74.00016785180776 
94.00006103701895 75.00004577776994 
94.00006103701895 75.00004577776994 
94.00006103701895 75.00004577776994 
94.00006103701895 75.00004577776994 
94.00006103701895 76.00094607379955 
94.00006103701895 76.00094607379955 
93.00004577776421 76.00094607379955 
93.00004577776421 75.00004577776994 
93.00004577776421 75.00004577776994 
94.00006103701895 74.00016785180776 
94.00006103701895 73.00028992584559 
94.00006103701895 73.00028992584559 
94.00006103701895 75.00004577776994 
94.00006103701895 75.00004577776994 
94.00006103701895 76.00094607379955 
94.00006103701895 77.00082399976174 
94.00006103701895 78.0007019257239 
94.00006103701895 78.0007019257239 
94.00006103701895 77.00082399976174 
94.00006103701895 76.00094607379955 
94.00006103701895 75.00004577776994 
94.00006103701895 74.00016785180776 
94.00006103701895 72.00041199988343 
94.00006103701895 72.00041199988343 
94.00006103701895 71.00053407392124 
94.00006103701895 71.00053407392124 
94.00006103701895 72.00041199988343 
94.00006103701895 72.00041199988343 
94.00006103701895 73.00028992584559 
94.00006103701895 74.00016785180776 
94.00006103701895 74.00016785180776 
94.00006103701895 75.00004577776994 
94.00006103701895 75.00004577776994 
94.00006103701895 75.00004577776994 
94.00006103701895 75.00004577776994 
94.00006103701895 73.00028992584559 
94.00006103701895 73.00028992584559 
94.00006103701895 72.00041199988343 
94.00006103701895 72.00041199988343 
94.00006103701895 72.00041199988343 
94.00006103701895 72.00041199988343 
94.00006103701895 72.00041199988343 
94.00006103701895 73.00028992584559 
94.00006103701895 73.00028992584559 
94.00006103701895 73.00028992584559 
94.00006103701895 73.00028992584559 
94.00006103701895 74.00016785180776 
94.00006103701895 74.00016785180776 
94.00006103701895 74.00016785180776 
94.00006103701895 74.00016785180776 
94.00006103701895 75.00004577776994 
93.00004577776421 75.00004577776994 
93.00004577776421 75.00004577776994 
93.00004577776421 74.00016785180776 
94.00006103701895 73.00028992584559 
94.00006103701895 73.00028992584559 
94.00006103701895 74.00016785180776 
94.00006103701895 74.00016785180776 
94.00006103701895 74.00016785180776 
94.00006103701895 74.00016785180776 
94.00006103701895 74.00016785180776 
94.00006103701895 73.00028992584559 
94.00006103701895 73.00028992584559 
94.00006103701895 72.00041199988343 
94.00006103701895 71.00053407392124 
94.00006103701895 71.00053407392124 
94.00006103701895 71.00053407392124 
94.00006103701895 71.00053407392124 
94.00006103701895 72.00041199988343 
94.00006103701895 72.00041199988343 
94.00006103701895 72.00041199988343 
94.00006103701895 72.00041199988343 
94.00006103701895 72.00041199988343 
94.00006103701895 73.00028992584559 
94.00006103701895 74.00016785180776 
94.00006103701895 75.00004577776994 
94.00006103701895 75.00004577776994 
94.00006103701895 76.00094607379955 
94.00006103701895 76.00094607379955 
94.00006103701895 76.00094607379955 
94.00006103701895 76.00094607379955 
94.00006103701895 78.0007019257239 
94.00006103701895 81.00033570361042 
94.00006103701895 85.00086977752656 
94.00006103701895 85.00086977752656 
94.00006103701895 87.0006256294509 
94.00006103701895 86.00074770348873 
94.00006103701895 85.00086977752656 
94.00006103701895 82.00021362957258 
95.0 79.00057985168607 
95.0 77.00082399976174 
94.00006103701895 75.00004577776994 
94.00006103701895 75.00004577776994 
94.00006103701895 74.00016785180776 
94.00006103701895 74.00016785180776 
94.00006103701895 74.00016785180776 
94.00006103701895 74.00016785180776 
94.00006103701895 74.00016785180776 
95.0 74.00016785180776 
95.0 74.00016785180776 
95.0 74.00016785180776 
94.00006103701895 74.00016785180776 
94.00006103701895 74.00016785180776 
94.00006103701895 74.00016785180776 
94.00006103701895 74.00016785180776 
94.00006103701895 73.00028992584559 
94.00006103701895 73.00028992584559 
94.00006103701895 74.00016785180776 
94.00006103701895 74.00016785180776 
94.00006103701895 74.00016785180776 
94.00006103701895 73.00028992584559 
94.00006103701895 73.00028992584559 
94.00006103701895 73.00028992584559 
94.00006103701895 73.00028992584559 
94.00006103701895 73.00028992584559 
94.00006103701895 73.00028992584559 
94.00006103701895 74.00016785180776 
94.00006103701895 74.00016785180776 
94.00006103701895 73.00028992584559 
94.00006103701895 73.00028992584559 
94.00006103701895 72.00041199988343 
94.00006103701895 72.00041199988343 
94.00006103701895 72.00041199988343 
94.00006103701895 71.00053407392124 
94.00006103701895 71.00053407392124 
94.00006103701895 71.00053407392124 
94.00006103701895 71.00053407392124 
94.00006103701895 71.00053407392124 
94.00006103701895 71.00053407392124 
94.00006103701895 71.00053407392124 
94.00006103701895 71.00053407392124 
94.00006103701895 71.00053407392124 
94.00006103701895 74.00016785180776 
94.00006103701895 74.00016785180776 
94.00006103701895 77.00082399976174 
94.00006103701895 80.00045777764825 
93.00004577776421 82.00021362957258 
94.00006103701895 85.00086977752656 
94.00006103701895 83.00009155553477 
94.00006103701895 81.00033570361042 
95.0 76.00094607379955 
95.0 77.00082399976174 
95.0 77.00082399976174 
95.0 78.0007019257239 
95.0 78.0007019257239 
95.0 78.0007019257239 
95.0 79.00057985168607 
95.0 79.00057985168607 
95.0 80.00045777764825 
95.0 80.00045777764825 
95.0 81.00033570361042 
95.99993896298105 82.00021362957258 
95.0 82.00021362957258 
95.0 82.00021362957258 
95.0 82.00021362957258 
95.0 82.00021362957258 
95.0 82.00021362957258 
95.0 82.00021362957258 
95.0 82.00021362957258 
95.0 84.00099185156438 
95.0 84.00099185156438 
95.0 84.00099185156438 
95.0 84.00099185156438 
95.0 84.00099185156438 
95.0 84.00099185156438 
95.0 84.00099185156438 
95.0 84.00099185156438 
95.0 84.00099185156438 
94.00006103701895 87.0006256294509 
94.00006103701895 87.0006256294509 
94.00006103701895 90.00025940733741 
94.00006103701895 90.00025940733741 
94.00006103701895 93.00091555529139 
95.0 97.00042725914007 
95.0 97.00042725914007 
95.0 98.99916074099697 
96.99995422223579 100.99993896298876 
96.99995422223579 97.00042725914007 
95.99993896298105 94.00079348125355 
95.99993896298105 89.00038148137524 
95.99993896298105 85.00086977752656 
95.0 81.00033570361042 
95.0 80.00045777764825 
95.0 80.00045777764825 
95.0 80.00045777764825 
95.0 80.00045777764825 
95.0 80.00045777764825 
95.0 81.00033570361042 
95.99993896298105 81.00033570361042 
95.99993896298105 81.00033570361042 
95.99993896298105 81.00033570361042 
95.99993896298105 81.00033570361042 
95.99993896298105 81.00033570361042 
95.99993896298105 81.00033570361042 
95.99993896298105 84.00099185156438 
95.99993896298105 86.00074770348873 
95.99993896298105 87.0006256294509 
95.99993896298105 86.00074770348873 
95.99993896298105 85.00086977752656 
95.99993896298105 85.00086977752656 
95.99993896298105 85.00086977752656 
95.99993896298105 84.00099185156438 
95.0 84.00099185156438 
95.0 84.00099185156438 
95.0 84.00099185156438 
95.0 84.00099185156438 
94.00006103701895 84.00099185156438 
94.00006103701895 84.00099185156438 
94.00006103701895 83.00009155553477 
94.00006103701895 83.00009155553477 
94.00006103701895 83.00009155553477 
94.00006103701895 83.00009155553477 
94.00006103701895 83.00009155553477 
94.00006103701895 84.00099185156438 
94.00006103701895 84.00099185156438 
94.00006103701895 85.00086977752656 
94.00006103701895 85.00086977752656 
95.0 84.00099185156438 
95.0 83.00009155553477 
95.0 82.00021362957258 
95.0 79.00057985168607 
95.0 78.0007019257239 
95.0 77.00082399976174 
95.0 77.00082399976174 
95.0 76.00094607379955 
95.0 77.00082399976174 
94.00006103701895 77.00082399976174 
94.00006103701895 77.00082399976174 
94.00006103701895 77.00082399976174 
94.00006103701895 77.00082399976174 
94.00006103701895 77.00082399976174 
94.00006103701895 77.00082399976174 
94.00006103701895 75.00004577776994 
94.00006103701895 74.00016785180776 
94.00006103701895 74.00016785180776 
95.0 73.00028992584559 
95.0 73.00028992584559 
94.00006103701895 74.00016785180776 
94.00006103701895 76.00094607379955 
94.00006103701895 77.00082399976174 
94.00006103701895 77.00082399976174 
94.00006103701895 78.0007019257239 
95.0 78.0007019257239 
94.00006103701895 77.00082399976174 
94.00006103701895 77.00082399976174 
94.00006103701895 77.00082399976174 
94.00006103701895 77.00082399976174 
94.00006103701895 77.00082399976174 
94.00006103701895 78.0007019257239 
94.00006103701895 79.00057985168607 
94.00006103701895 81.00033570361042 
94.00006103701895 81.00033570361042 
94.00006103701895 80.00045777764825 
94.00006103701895 79.00057985168607 
94.00006103701895 78.0007019257239 
95.0 77.00082399976174 
95.0 76.00094607379955 
95.0 76.00094607379955 
95.0 76.00094607379955 
95.0 76.00094607379955 
95.0 77.00082399976174 
95.0 77.00082399976174 
95.0 77.00082399976174 
94.00006103701895 77.00082399976174 
94.00006103701895 76.00094607379955 
94.00006103701895 77.00082399976174 
94.00006103701895 76.00094607379955 
94.00006103701895 77.00082399976174 
94.00006103701895 78.0007019257239 
94.00006103701895 79.00057985168607 
94.00006103701895 79.00057985168607 
94.00006103701895 80.00045777764825 
94.00006103701895 79.00057985168607 
94.00006103701895 79.00057985168607 
94.00006103701895 76.00094607379955 
94.00006103701895 75.00004577776994 
94.00006103701895 75.00004577776994 
94.00006103701895 75.00004577776994 
94.00006103701895 75.00004577776994 
94.00006103701895 76.00094607379955 
94.00006103701895 77.00082399976174 
94.00006103701895 76.00094607379955 
94.00006103701895 75.00004577776994 
94.00006103701895 74.00016785180776 
94.00006103701895 73.00028992584559 
94.00006103701895 73.00028992584559 
94.00006103701895 72.00041199988343 
94.00006103701895 72.00041199988343 
94.00006103701895 72.00041199988343 
94.00006103701895 73.00028992584559 
94.00006103701895 73.00028992584559 
94.00006103701895 74.00016785180776 
94.00006103701895 75.00004577776994 
94.00006103701895 75.00004577776994 
94.00006103701895 75.00004577776994 
94.00006103701895 74.00016785180776 
94.00006103701895 74.00016785180776 
94.00006103701895 74.00016785180776 
93.00004577776421 75.00004577776994 
93.00004577776421 75.00004577776994 
94.00006103701895 77.00082399976174 
94.00006103701895 77.00082399976174 
94.00006103701895 77.00082399976174 
94.00006103701895 77.00082399976174 
94.00006103701895 77.00082399976174 
94.00006103701895 77.00082399976174 
94.00006103701895 77.00082399976174 
94.00006103701895 77.00082399976174 
94.00006103701895 77.00082399976174 
94.00006103701895 77.00082399976174 
94.00006103701895 77.00082399976174 
94.00006103701895 77.00082399976174 
94.00006103701895 78.0007019257239 
94.00006103701895 78.0007019257239 
93.00004577776421 81.00033570361042 
93.00004577776421 81.00033570361042 
93.00004577776421 83.00009155553477 
94.00006103701895 84.00099185156438 
94.00006103701895 84.00099185156438 
94.00006103701895 84.00099185156438 
94.00006103701895 82.00021362957258 
94.00006103701895 80.00045777764825 
94.00006103701895 80.00045777764825 
94.00006103701895 79.00057985168607 
94.00006103701895 78.0007019257239 
94.00006103701895 79.00057985168607 
94.00006103701895 79.00057985168607 
94.00006103701895 80.00045777764825 
94.00006103701895 83.00009155553477 
94.00006103701895 83.00009155553477 
94.00006103701895 82.00021362957258 
95.0 81.00033570361042 
95.0 81.00033570361042 
95.0 81.00033570361042 
95.0 80.00045777764825 
95.99993896298105 80.00045777764825 
95.0 79.00057985168607 
95.0 79.00057985168607 
95.0 78.0007019257239 
95.0 78.0007019257239 
95.0 77.00082399976174 
95.0 77.00082399976174 
94.00006103701895 76.00094607379955 
94.00006103701895 75.00004577776994 
94.00006103701895 75.00004577776994 
94.00006103701895 75.00004577776994 
94.00006103701895 76.00094607379955 
94.00006103701895 75.00004577776994 
94.00006103701895 76.00094607379955 
94.00006103701895 75.00004577776994 
94.00006103701895 76.00094607379955 
94.00006103701895 78.0007019257239 
94.00006103701895 78.0007019257239 
94.00006103701895 79.00057985168607 
95.0 79.00057985168607 
95.0 79.00057985168607 
95.0 78.0007019257239 
94.00006103701895 78.0007019257239 
94.00006103701895 77.00082399976174 
94.00006103701895 77.00082399976174 
94.00006103701895 78.0007019257239 
94.00006103701895 78.0007019257239 
94.00006103701895 78.0007019257239 
93.00004577776421 77.00082399976174 
93.00004577776421 76.00094607379955 
93.00004577776421 76.00094607379955 
93.00004577776421 75.00004577776994 
94.00006103701895 75.00004577776994 
94.00006103701895 75.00004577776994 
93.00004577776421 76.00094607379955 
93.00004577776421 77.00082399976174 
93.00004577776421 77.00082399976174 
93.00004577776421 76.00094607379955 
94.00006103701895 76.00094607379955 
94.00006103701895 75.00004577776994 
94.00006103701895 73.00028992584559 
94.00006103701895 72.00041199988343 
94.00006103701895 72.00041199988343 
94.00006103701895 72.00041199988343 
94.00006103701895 74.00016785180776 
94.00006103701895 76.00094607379955 
94.00006103701895 76.00094607379955 
94.00006103701895 77.00082399976174 
94.00006103701895 76.00094607379955 
94.00006103701895 75.00004577776994 
94.00006103701895 74.00016785180776 
94.00006103701895 73.00028992584559 
94.00006103701895 73.00028992584559 
94.00006103701895 73.00028992584559 
94.00006103701895 73.00028992584559 
94.00006103701895 74.00016785180776 
94.00006103701895 74.00016785180776 
94.00006103701895 75.00004577776994 
94.00006103701895 75.00004577776994 
94.00006103701895 75.00004577776994 
94.00006103701895 75.00004577776994 
94.00006103701895 74.00016785180776 
94.00006103701895 74.00016785180776 
94.00006103701895 74.00016785180776 
94.00006103701895 74.00016785180776 
94.00006103701895 74.00016785180776 
94.00006103701895 75.00004577776994 
94.00006103701895 75.00004577776994 
94.00006103701895 75.00004577776994 
94.00006103701895 80.00045777764825 
93.00004577776421 80.00045777764825 
93.00004577776421 82.00021362957258 
93.00004577776421 82.00021362957258 
93.00004577776421 80.00045777764825 
93.00004577776421 79.00057985168607 
93.00004577776421 78.0007019257239 
93.00004577776421 77.00082399976174 
93.00004577776421 77.00082399976174 
93.00004577776421 77.00082399976174 
94.00006103701895 77.00082399976174 
94.00006103701895 77.00082399976174 
94.00006103701895 75.00004577776994 
94.00006103701895 74.00016785180776 
94.00006103701895 73.00028992584559 
94.00006103701895 73.00028992584559 
94.00006103701895 73.00028992584559 
93.00004577776421 73.00028992584559 
93.00004577776421 73.00028992584559 
93.00004577776421 73.00028992584559 
94.00006103701895 74.00016785180776 
94.00006103701895 76.00094607379955 
94.00006103701895 76.00094607379955 
94.00006103701895 76.00094607379955 
94.00006103701895 75.00004577776994 
94.00006103701895 75.00004577776994 
94.00006103701895 74.00016785180776 
94.00006103701895 75.00004577776994 
94.00006103701895 75.00004577776994 
95.0 75.00004577776994 
95.0 75.00004577776994 
95.0 76.00094607379955 
95.0 76.00094607379955 
95.0 77.00082399976174 
95.0 78.0007019257239 
95.0 76.00094607379955 
95.0 74.00016785180776 
95.0 71.00053407392124 
95.0 68.00090029603473 
95.0 67.00000000000512 
94.00006103701895 66.00012207404295 
94.00006103701895 65.00024414808077 
94.00006103701895 65.00024414808077 
94.00006103701895 66.00012207404295 
95.0 68.00090029603473 
95.0 68.00090029603473 
95.0 69.00077822199691 
95.0 69.00077822199691 
95.0 69.00077822199691 
95.99993896298105 69.00077822199691 
95.99993896298105 70.00065614795908 
95.99993896298105 70.00065614795908 
95.99993896298105 70.00065614795908 
95.99993896298105 70.00065614795908 
95.99993896298105 73.00028992584559 
95.99993896298105 76.00094607379955 
95.99993896298105 76.00094607379955 
95.99993896298105 76.00094607379955 
95.99993896298105 78.0007019257239 
95.99993896298105 79.00057985168607 
95.99993896298105 80.00045777764825 
95.99993896298105 80.00045777764825 
95.99993896298105 81.00033570361042 
95.99993896298105 81.00033570361042 
95.99993896298105 86.00074770348873 
95.99993896298105 87.0006256294509 
95.99993896298105 89.00038148137524 
95.99993896298105 90.00025940733741 
95.99993896298105 89.00038148137524 
95.99993896298105 88.00050355541308 
95.99993896298105 86.00074770348873 
95.99993896298105 84.00099185156438 
95.99993896298105 80.00045777764825 
95.99993896298105 78.0007019257239 
95.99993896298105 73.00028992584559 
95.99993896298105 73.00028992584559 
95.99993896298105 72.00041199988343 
95.99993896298105 72.00041199988343 
95.99993896298105 74.00016785180776 
95.99993896298105 74.00016785180776 
95.99993896298105 76.00094607379955 
95.99993896298105 76.00094607379955 
95.99993896298105 75.00004577776994 
95.99993896298105 74.00016785180776 
95.0 73.00028992584559 
95.0 73.00028992584559 
95.0 73.00028992584559 
95.0 73.00028992584559 
95.0 74.00016785180776 
95.0 75.00004577776994 
95.0 76.00094607379955 
95.0 76.00094607379955 
95.0 77.00082399976174 
95.0 76.00094607379955 
95.0 74.00016785180776 
94.00006103701895 74.00016785180776 
94.00006103701895 73.00028992584559 
94.00006103701895 73.00028992584559 
94.00006103701895 73.00028992584559 
94.00006103701895 73.00028992584559 
94.00006103701895 73.00028992584559 
94.00006103701895 74.00016785180776 
94.00006103701895 74.00016785180776 
94.00006103701895 75.00004577776994 
94.00006103701895 75.00004577776994 
94.00006103701895 75.00004577776994 
94.00006103701895 74.00016785180776 
95.0 73.00028992584559 
95.0 71.00053407392124 
94.00006103701895 71.00053407392124 
94.00006103701895 70.00065614795908 
94.00006103701895 70.00065614795908 
94.00006103701895 71.00053407392124 
94.00006103701895 71.00053407392124 
94.00006103701895 71.00053407392124 
94.00006103701895 72.00041199988343 
94.00006103701895 71.00053407392124 
94.00006103701895 71.00053407392124 
94.00006103701895 70.00065614795908 
94.00006103701895 70.00065614795908 
94.00006103701895 70.00065614795908 
94.00006103701895 70.00065614795908 
94.00006103701895 70.00065614795908 
94.00006103701895 70.00065614795908 
94.00006103701895 70.00065614795908 
94.00006103701895 70.00065614795908 
94.00006103701895 69.00077822199691 
94.00006103701895 69.00077822199691 
94.00006103701895 69.00077822199691 
94.00006103701895 70.00065614795908 
94.00006103701895 70.00065614795908 
94.00006103701895 70.00065614795908 
94.00006103701895 69.00077822199691 
94.00006103701895 70.00065614795908 
94.00006103701895 69.00077822199691 
94.00006103701895 69.00077822199691 
94.00006103701895 70.00065614795908 
94.00006103701895 70.00065614795908 
94.00006103701895 70.00065614795908 
94.00006103701895 70.00065614795908 
94.00006103701895 70.00065614795908 
94.00006103701895 70.00065614795908 
94.00006103701895 71.00053407392124 
95.0 70.00065614795908 
95.0 71.00053407392124 
95.0 71.00053407392124 
95.0 71.00053407392124 
95.0 71.00053407392124 
95.0 72.00041199988343 
95.0 72.00041199988343 
95.0 72.00041199988343 
94.00006103701895 75.00004577776994 
94.00006103701895 75.00004577776994 
94.00006103701895 76.00094607379955 
94.00006103701895 75.00004577776994 
95.0 74.00016785180776 
95.0 72.00041199988343 
95.0 71.00053407392124 
95.0 71.00053407392124 
95.0 70.00065614795908 
95.0 70.00065614795908 
95.0 70.00065614795908 
95.0 70.00065614795908 
95.0 70.00065614795908 
95.0 70.00065614795908 
95.0 70.00065614795908 
95.0 70.00065614795908 
95.0 70.00065614795908 
95.0 69.00077822199691 
95.0 70.00065614795908 
95.0 72.00041199988343 
95.0 72.00041199988343 
95.0 73.00028992584559 
95.0 74.00016785180776 
95.0 72.00041199988343 
95.0 71.00053407392124 
95.0 70.00065614795908 
95.0 69.00077822199691 
95.0 68.00090029603473 
95.0 68.00090029603473 
95.0 69.00077822199691 
95.0 69.00077822199691 
95.0 69.00077822199691 
95.0 70.00065614795908 
95.0 70.00065614795908 
95.0 70.00065614795908 
95.0 69.00077822199691 
95.0 69.00077822199691 
95.0 69.00077822199691 
95.0 69.00077822199691 
95.0 69.00077822199691 
95.0 69.00077822199691 
95.0 69.00077822199691 
95.0 69.00077822199691 
95.0 70.00065614795908 
95.0 70.00065614795908 
95.0 71.00053407392124 
95.0 72.00041199988343 
95.0 74.00016785180776 
95.0 74.00016785180776 
95.0 75.00004577776994 
95.0 77.00082399976174 
95.0 77.00082399976174 
95.0 80.00045777764825 
95.0 80.00045777764825 
95.0 80.00045777764825 
95.0 80.00045777764825 
95.0 80.00045777764825 
95.0 80.00045777764825 
95.0 80.00045777764825 
94.00006103701895 80.00045777764825 
94.00006103701895 79.00057985168607 
94.00006103701895 79.00057985168607 
94.00006103701895 78.0007019257239 
95.0 76.00094607379955 
95.0 75.00004577776994 
95.0 74.00016785180776 
95.0 73.00028992584559 
95.0 72.00041199988343 
95.0 72.00041199988343 
95.0 72.00041199988343 
94.00006103701895 72.00041199988343 
94.00006103701895 72.00041199988343 
94.00006103701895 72.00041199988343 
94.00006103701895 72.00041199988343 
94.00006103701895 72.00041199988343 
94.00006103701895 71.00053407392124 
94.00006103701895 71.00053407392124 
94.00006103701895 71.00053407392124 
94.00006103701895 71.00053407392124 
94.00006103701895 71.00053407392124 
94.00006103701895 70.00065614795908 
94.00006103701895 70.00065614795908 
94.00006103701895 70.00065614795908 
94.00006103701895 71.00053407392124 
94.00006103701895 71.00053407392124 
94.00006103701895 72.00041199988343 
94.00006103701895 72.00041199988343 
94.00006103701895 73.00028992584559 
94.00006103701895 72.00041199988343 
94.00006103701895 72.00041199988343 
94.00006103701895 71.00053407392124 
94.00006103701895 70.00065614795908 
94.00006103701895 70.00065614795908 
94.00006103701895 70.00065614795908 
94.00006103701895 71.00053407392124 
94.00006103701895 71.00053407392124 
94.00006103701895 72.00041199988343 
94.00006103701895 73.00028992584559 
94.00006103701895 74.00016785180776 
94.00006103701895 73.00028992584559 
94.00006103701895 72.00041199988343 
94.00006103701895 71.00053407392124 
94.00006103701895 69.00077822199691 
95.0 68.00090029603473 
95.0 68.00090029603473 
94.00006103701895 68.00090029603473 
94.00006103701895 68.00090029603473 
94.00006103701895 68.00090029603473 
94.00006103701895 68.00090029603473 
94.00006103701895 69.00077822199691 
94.00006103701895 70.00065614795908 
94.00006103701895 70.00065614795908 
94.00006103701895 70.00065614795908 
94.00006103701895 70.00065614795908 
94.00006103701895 69.00077822199691 
94.00006103701895 69.00077822199691 
94.00006103701895 69.00077822199691 
94.00006103701895 69.00077822199691 
94.00006103701895 69.00077822199691 
94.00006103701895 70.00065614795908 
94.00006103701895 70.00065614795908 
94.00006103701895 71.00053407392124 
95.0 75.00004577776994 
95.0 77.00082399976174 
95.0 77.00082399976174 
95.0 79.00057985168607 
94.00006103701895 78.0007019257239 
95.0 76.00094607379955 
95.0 75.00004577776994 
95.0 75.00004577776994 
95.0 77.00082399976174 
95.0 77.00082399976174 
95.0 78.0007019257239 
95.0 78.0007019257239 
95.0 77.00082399976174 
95.0 77.00082399976174 
95.0 75.00004577776994 
95.0 74.00016785180776 
95.0 73.00028992584559 
94.00006103701895 72.00041199988343 
94.00006103701895 72.00041199988343 
94.00006103701895 73.00028992584559 
94.00006103701895 74.00016785180776 
94.00006103701895 74.00016785180776 
94.00006103701895 74.00016785180776 
95.0 74.00016785180776 
94.00006103701895 74.00016785180776 
95.0 73.00028992584559 
94.00006103701895 73.00028992584559 
94.00006103701895 75.00004577776994 
94.00006103701895 76.00094607379955 
94.00006103701895 76.00094607379955 
94.00006103701895 77.00082399976174 
94.00006103701895 76.00094607379955 
95.0 75.00004577776994 
95.0 75.00004577776994 
95.0 79.00057985168607 
95.0 79.00057985168607 
95.0 83.00009155553477 
95.0 83.00009155553477 
95.0 84.00099185156438 
95.0 84.00099185156438 
95.0 84.00099185156438 
95.0 83.00009155553477 
95.0 81.00033570361042 
95.0 79.00057985168607 
95.0 78.0007019257239 
95.0 77.00082399976174 
95.0 76.00094607379955 
95.0 76.00094607379955 
95.0 75.00004577776994 
95.0 75.00004577776994 
95.0 74.00016785180776 
95.0 74.00016785180776 
95.0 72.00041199988343 
95.0 72.00041199988343 
95.0 71.00053407392124 
95.0 71.00053407392124 
95.0 71.00053407392124 
95.0 72.00041199988343 
95.0 72.00041199988343 
95.0 72.00041199988343 
95.0 72.00041199988343 
95.0 72.00041199988343 
95.0 72.00041199988343 
95.0 72.00041199988343 
95.0 72.00041199988343 
95.0 73.00028992584559 
95.0 75.00004577776994 
95.0 75.00004577776994 
95.0 77.00082399976174 
95.0 77.00082399976174 
95.0 76.00094607379955 
95.0 76.00094607379955 
95.0 75.00004577776994 
95.0 75.00004577776994 
95.99993896298105 84.00099185156438 
95.99993896298105 84.00099185156438 
95.99993896298105 85.00086977752656 
96.99995422223579 90.00025940733741 
96.99995422223579 93.00091555529139 
96.99995422223579 94.00079348125355 
95.99993896298105 97.00042725914007 
95.99993896298105 97.00042725914007 
95.99993896298105 94.00079348125355 
95.99993896298105 91.00013733329959 
95.99993896298105 89.00038148137524 
95.99993896298105 84.00099185156438 
95.99993896298105 83.00009155553477 
95.99993896298105 82.00021362957258 
95.99993896298105 81.00033570361042 
95.99993896298105 82.00021362957258 
95.99993896298105 84.00099185156438 
95.99993896298105 84.00099185156438 
95.99993896298105 85.00086977752656 
95.99993896298105 83.00009155553477 
95.0 82.00021362957258 
95.0 81.00033570361042 
95.0 79.00057985168607 
95.0 78.0007019257239 
95.0 78.0007019257239 
95.0 78.0007019257239 
95.0 78.0007019257239 
95.0 80.00045777764825 
94.00006103701895 80.00045777764825 
94.00006103701895 81.00033570361042 
94.00006103701895 82.00021362957258 
93.00004577776421 83.00009155553477 
93.00004577776421 83.00009155553477 
93.00004577776421 83.00009155553477 
93.00004577776421 82.00021362957258 
93.00004577776421 83.00009155553477 
93.00004577776421 83.00009155553477 
94.00006103701895 81.00033570361042 
94.00006103701895 80.00045777764825 
94.00006103701895 79.00057985168607 
94.00006103701895 78.0007019257239 
93.00004577776421 77.00082399976174 
93.00004577776421 76.00094607379955 
93.00004577776421 75.00004577776994 
94.00006103701895 76.00094607379955 
94.00006103701895 75.00004577776994 
94.00006103701895 76.00094607379955 
93.00004577776421 76.00094607379955 
93.00004577776421 77.00082399976174 
93.00004577776421 77.00082399976174 
93.00004577776421 76.00094607379955 
93.00004577776421 76.00094607379955 
93.00004577776421 75.00004577776994 
93.00004577776421 74.00016785180776 
93.00004577776421 74.00016785180776 
94.00006103701895 74.00016785180776 
94.00006103701895 74.00016785180776 
94.00006103701895 75.00004577776994 
94.00006103701895 74.00016785180776 
94.00006103701895 74.00016785180776 
94.00006103701895 73.00028992584559 
94.00006103701895 72.00041199988343 
94.00006103701895 72.00041199988343 
94.00006103701895 72.00041199988343 
94.00006103701895 72.00041199988343 
94.00006103701895 73.00028992584559 
94.00006103701895 73.00028992584559 
94.00006103701895 75.00004577776994 
94.00006103701895 76.00094607379955 
94.00006103701895 77.00082399976174 
94.00006103701895 77.00082399976174 
95.0 78.0007019257239 
94.00006103701895 81.00033570361042 
95.0 82.00021362957258 
94.00006103701895 83.00009155553477 
95.0 83.00009155553477 
95.0 81.00033570361042 
95.0 80.00045777764825 
94.00006103701895 78.0007019257239 
94.00006103701895 76.00094607379955 
94.00006103701895 75.00004577776994 
94.00006103701895 75.00004577776994 
94.00006103701895 75.00004577776994 
94.00006103701895 75.00004577776994 
94.00006103701895 75.00004577776994 
94.00006103701895 75.00004577776994 
95.0 74.00016785180776 
95.0 73.00028992584559 
95.0 73.00028992584559 
95.0 73.00028992584559 
95.0 73.00028992584559 
95.0 73.00028992584559 
95.0 73.00028992584559 
94.00006103701895 74.00016785180776 
94.00006103701895 75.00004577776994 
94.00006103701895 77.00082399976174 
94.00006103701895 77.00082399976174 
94.00006103701895 77.00082399976174 
94.00006103701895 78.0007019257239 
94.00006103701895 77.00082399976174 
94.00006103701895 75.00004577776994 
95.0 75.00004577776994 
95.0 74.00016785180776 
95.0 73.00028992584559 
95.0 74.00016785180776 
95.0 74.00016785180776 
95.0 74.00016785180776 
95.0 76.00094607379955 
95.0 76.00094607379955 
95.0 77.00082399976174 
95.0 77.00082399976174 
95.0 77.00082399976174 
95.0 77.00082399976174 
95.0 77.00082399976174 
95.0 77.00082399976174 
94.00006103701895 77.00082399976174 
94.00006103701895 78.0007019257239 
94.00006103701895 78.0007019257239 
94.00006103701895 80.00045777764825 
94.00006103701895 81.00033570361042 
94.00006103701895 79.00057985168607 
94.00006103701895 77.00082399976174 
94.00006103701895 73.00028992584559 
94.00006103701895 73.00028992584559 
94.00006103701895 72.00041199988343 
94.00006103701895 71.00053407392124 
94.00006103701895 71.00053407392124 
94.00006103701895 71.00053407392124 
94.00006103701895 71.00053407392124 
94.00006103701895 71.00053407392124 
94.00006103701895 71.00053407392124 
94.00006103701895 71.00053407392124 
94.00006103701895 72.00041199988343 
94.00006103701895 72.00041199988343 
94.00006103701895 72.00041199988343 
94.00006103701895 73.00028992584559 
94.00006103701895 73.00028992584559 
94.00006103701895 73.00028992584559 
93.00004577776421 73.00028992584559 
93.00004577776421 73.00028992584559 
93.00004577776421 73.00028992584559 
93.00004577776421 73.00028992584559 
93.00004577776421 73.00028992584559 
94.00006103701895 74.00016785180776 
94.00006103701895 74.00016785180776 
94.00006103701895 75.00004577776994 
94.00006103701895 75.00004577776994 
94.00006103701895 76.00094607379955 
94.00006103701895 76.00094607379955 
94.00006103701895 76.00094607379955 
94.00006103701895 75.00004577776994 
94.00006103701895 74.00016785180776 
94.00006103701895 74.00016785180776 
94.00006103701895 73.00028992584559 
94.00006103701895 73.00028992584559 
94.00006103701895 73.00028992584559 
94.00006103701895 73.00028992584559 
94.00006103701895 73.00028992584559 
94.00006103701895 73.00028992584559 
94.00006103701895 74.00016785180776 
94.00006103701895 74.00016785180776 
94.00006103701895 74.00016785180776 
94.00006103701895 74.00016785180776 
94.00006103701895 74.00016785180776 
94.00006103701895 73.00028992584559 
94.00006103701895 73.00028992584559 
94.00006103701895 73.00028992584559 
94.00006103701895 73.00028992584559 
94.00006103701895 74.00016785180776 
94.00006103701895 75.00004577776994 
94.00006103701895 75.00004577776994 
94.00006103701895 75.00004577776994 
94.00006103701895 74.00016785180776 
94.00006103701895 73.00028992584559 
94.00006103701895 72.00041199988343 
94.00006103701895 72.00041199988343 
94.00006103701895 71.00053407392124 
94.00006103701895 71.00053407392124 
94.00006103701895 72.00041199988343 
94.00006103701895 72.00041199988343 
94.00006103701895 72.00041199988343 
94.00006103701895 73.00028992584559 
94.00006103701895 73.00028992584559 
94.00006103701895 73.00028992584559 
94.00006103701895 74.00016785180776 
94.00006103701895 74.00016785180776 
94.00006103701895 73.00028992584559 
94.00006103701895 72.00041199988343 
94.00006103701895 72.00041199988343 
94.00006103701895 72.00041199988343 
94.00006103701895 72.00041199988343 
94.00006103701895 72.00041199988343 
94.00006103701895 72.00041199988343 
94.00006103701895 72.00041199988343 
94.00006103701895 72.00041199988343 
94.00006103701895 72.00041199988343 
94.00006103701895 71.00053407392124 
94.00006103701895 71.00053407392124 
94.00006103701895 71.00053407392124 
94.00006103701895 71.00053407392124 
94.00006103701895 71.00053407392124 
94.00006103701895 71.00053407392124 
94.00006103701895 71.00053407392124 
94.00006103701895 71.00053407392124 
94.00006103701895 71.00053407392124 
94.00006103701895 70.00065614795908 
94.00006103701895 70.00065614795908 
94.00006103701895 70.00065614795908 
94.00006103701895 71.00053407392124 
94.00006103701895 71.00053407392124 
94.00006103701895 72.00041199988343 
94.00006103701895 72.00041199988343 
94.00006103701895 72.00041199988343 
94.00006103701895 73.00028992584559 
94.00006103701895 73.00028992584559 
94.00006103701895 74.00016785180776 
94.00006103701895 73.00028992584559 
94.00006103701895 73.00028992584559 
94.00006103701895 72.00041199988343 
94.00006103701895 72.00041199988343 
94.00006103701895 71.00053407392124 
94.00006103701895 71.00053407392124 
94.00006103701895 71.00053407392124 
94.00006103701895 71.00053407392124 
94.00006103701895 71.00053407392124 
94.00006103701895 72.00041199988343 
94.00006103701895 72.00041199988343 
94.00006103701895 72.00041199988343 
94.00006103701895 72.00041199988343 
94.00006103701895 72.00041199988343 
94.00006103701895 72.00041199988343 
94.00006103701895 72.00041199988343 
94.00006103701895 71.00053407392124 
94.00006103701895 71.00053407392124 
94.00006103701895 71.00053407392124 
94.00006103701895 72.00041199988343 
94.00006103701895 72.00041199988343 
94.00006103701895 72.00041199988343 
94.00006103701895 72.00041199988343 
94.00006103701895 71.00053407392124 
94.00006103701895 71.00053407392124 
94.00006103701895 70.00065614795908 
94.00006103701895 70.00065614795908 
95.0 70.00065614795908 
95.0 71.00053407392124 
94.00006103701895 73.00028992584559 
95.0 73.00028992584559 
94.00006103701895 74.00016785180776 
94.00006103701895 74.00016785180776 
95.0 75.00004577776994 
94.00006103701895 75.00004577776994 
94.00006103701895 75.00004577776994 
95.0 76.00094607379955 
95.0 76.00094607379955 
95.0 76.00094607379955 
95.0 77.00082399976174 
95.0 77.00082399976174 
95.0 77.00082399976174 
95.0 77.00082399976174 
95.0 77.00082399976174 
95.0 76.00094607379955 
95.0 76.00094607379955 
95.0 76.00094607379955 
95.0 76.00094607379955 
95.0 76.00094607379955 
95.0 75.00004577776994 
95.0 75.00004577776994 
95.99993896298105 76.00094607379955 
95.99993896298105 76.00094607379955 
95.99993896298105 77.00082399976174 
95.99993896298105 78.0007019257239 
95.99993896298105 78.0007019257239 
95.0 79.00057985168607 
95.0 79.00057985168607 
95.0 79.00057985168607 
95.0 78.0007019257239 
95.0 77.00082399976174 
95.0 76.00094607379955 
95.0 76.00094607379955 
95.0 76.00094607379955 
95.99993896298105 77.00082399976174 
95.99993896298105 78.0007019257239 
95.99993896298105 78.0007019257239 
95.99993896298105 79.00057985168607 
95.99993896298105 78.0007019257239 
95.99993896298105 78.0007019257239 
95.99993896298105 78.0007019257239 
95.99993896298105 77.00082399976174 
95.99993896298105 77.00082399976174 
95.99993896298105 76.00094607379955 
95.99993896298105 76.00094607379955 
95.99993896298105 75.00004577776994 
95.99993896298105 75.00004577776994 
95.99993896298105 75.00004577776994 
95.0 74.00016785180776 
95.0 74.00016785180776 
95.0 74.00016785180776 
95.0 74.00016785180776 
95.0 72.00041199988343 
