94.00006103701895 94.00051881473281 
95.0 94.00051881473281 
95.0 95.00030518516725 
95.0 97.00056459249932 
95.0 97.00056459249932 
95.0 98.00035096293375 
95.0 94.00051881473281 
95.0 89.00021362963423 
95.0 87.00064088876537 
95.0 87.00064088876537 
95.0 87.00064088876537 
95.0 91.00047303696631 
95.0 94.00051881473281 
95.0 94.00051881473281 
95.0 97.00056459249932 
95.0 98.00035096293375 
95.0 98.00035096293375 
95.0 98.00035096293375 
95.0 98.00035096293375 
95.0 95.00030518516725 
95.0 93.00004577783517 
95.0 91.00047303696631 
95.0 91.00047303696631 
95.0 91.00047303696631 
95.0 91.00047303696631 
95.0 89.00021362963423 
95.0 87.00064088876537 
95.0 86.00016785186773 
95.0 86.00016785186773 
95.0 87.00064088876537 
95.0 86.00016785186773 
95.0 86.00016785186773 
95.0 85.00038148143331 
95.0 86.00016785186773 
95.0 87.00064088876537 
95.0 88.00042725919981 
95.0 89.00021362963423 
95.0 89.00021362963423 
95.0 90.00000000006867 
95.0 89.00021362963423 
95.0 89.00021362963423 
95.0 90.00000000006867 
95.0 93.00004577783517 
95.0 96.00009155560167 
95.0 98.00035096293375 
95.0 101.00039674070025 
95.0 102.00018311113467 
95.0 101.00039674070025 
95.0 97.00056459249932 
95.0 96.00009155560167 
95.0 94.00051881473281 
95.0 93.00004577783517 
95.0 93.00004577783517 
95.0 94.00051881473281 
95.0 94.00051881473281 
95.0 95.00030518516725 
95.0 96.00009155560167 
95.0 96.00009155560167 
95.0 96.00009155560167 
95.0 95.00030518516725 
95.0 94.00051881473281 
95.0 93.00004577783517 
95.0 93.00004577783517 
95.0 92.00025940740075 
95.0 91.00047303696631 
95.0 91.00047303696631 
95.0 91.00047303696631 
95.0 91.00047303696631 
95.0 91.00047303696631 
95.0 89.00021362963423 
95.0 89.00021362963423 
95.0 88.00042725919981 
95.0 89.00021362963423 
95.0 88.00042725919981 
95.0 89.00021362963423 
95.0 88.00042725919981 
95.0 91.00047303696631 
95.0 91.00047303696631 
95.0 93.00004577783517 
95.0 92.00025940740075 
95.0 91.00047303696631 
95.0 87.00064088876537 
95.0 86.00016785186773 
95.0 86.00016785186773 
95.0 86.00016785186773 
95.0 87.00064088876537 
95.0 87.00064088876537 
95.0 88.00042725919981 
95.0 88.00042725919981 
95.0 89.00021362963423 
95.0 88.00042725919981 
95.0 87.00064088876537 
95.0 87.00064088876537 
95.0 88.00042725919981 
95.0 88.00042725919981 
95.0 87.00064088876537 
95.0 87.00064088876537 
95.0 87.00064088876537 
95.0 88.00042725919981 
95.0 88.00042725919981 
95.0 88.00042725919981 
95.0 87.00064088876537 
95.0 87.00064088876537 
95.0 86.00016785186773 
95.0 86.00016785186773 
95.0 86.00016785186773 
95.0 87.00064088876537 
95.0 89.00021362963423 
95.0 90.00000000006867 
95.0 91.00047303696631 
95.0 90.00000000006867 
95.0 89.00021362963423 
95.0 89.00021362963423 
95.0 91.00047303696631 
95.0 91.00047303696631 
95.0 91.00047303696631 
95.0 92.00025940740075 
95.0 91.00047303696631 
95.0 90.00000000006867 
95.0 88.00042725919981 
95.0 87.00064088876537 
95.0 86.00016785186773 
95.0 86.00016785186773 
95.0 86.00016785186773 
95.0 88.00042725919981 
95.0 88.00042725919981 
95.0 88.00042725919981 
95.0 89.00021362963423 
95.0 88.00042725919981 
95.0 88.00042725919981 
95.0 88.00042725919981 
95.0 87.00064088876537 
95.0 87.00064088876537 
95.0 87.00064088876537 
95.0 87.00064088876537 
95.0 87.00064088876537 
95.0 88.00042725919981 
95.0 88.00042725919981 
95.0 88.00042725919981 
95.0 87.00064088876537 
95.0 86.00016785186773 
95.0 86.00016785186773 
95.0 85.00038148143331 
95.0 85.00038148143331 
95.0 85.00038148143331 
95.0 86.00016785186773 
95.0 86.00016785186773 
95.0 87.00064088876537 
95.0 89.00021362963423 
95.0 89.00021362963423 
95.0 90.00000000006867 
95.0 89.00021362963423 
95.0 88.00042725919981 
95.0 88.00042725919981 
95.0 87.00064088876537 
95.0 87.00064088876537 
94.00006103701895 90.00000000006867 
94.00006103701895 90.00000000006867 
94.00006103701895 90.00000000006867 
94.00006103701895 91.00047303696631 
94.00006103701895 91.00047303696631 
95.0 90.00000000006867 
95.0 91.00047303696631 
95.0 91.00047303696631 
95.0 90.00000000006867 
95.0 90.00000000006867 
95.0 90.00000000006867 
95.0 90.00000000006867 
95.0 90.00000000006867 
95.0 90.00000000006867 
95.0 91.00047303696631 
95.0 91.00047303696631 
95.0 91.00047303696631 
95.0 92.00025940740075 
95.0 92.00025940740075 
95.0 92.00025940740075 
95.0 92.00025940740075 
95.0 94.00051881473281 
95.0 94.00051881473281 
95.0 94.00051881473281 
95.0 94.00051881473281 
95.0 94.00051881473281 
95.0 94.00051881473281 
95.0 93.00004577783517 
95.0 93.00004577783517 
95.0 92.00025940740075 
95.0 92.00025940740075 
95.0 92.00025940740075 
95.0 93.00004577783517 
95.0 93.00004577783517 
95.0 93.00004577783517 
95.0 92.00025940740075 
95.0 92.00025940740075 
95.0 92.00025940740075 
95.0 92.00025940740075 
95.0 92.00025940740075 
95.0 92.00025940740075 
95.0 92.00025940740075 
95.0 93.00004577783517 
95.0 93.00004577783517 
95.0 93.00004577783517 
95.0 94.00051881473281 
95.0 94.00051881473281 
95.0 94.00051881473281 
95.0 93.00004577783517 
95.0 93.00004577783517 
95.0 92.00025940740075 
95.0 92.00025940740075 
95.0 92.00025940740075 
95.0 93.00004577783517 
95.0 93.00004577783517 
95.0 93.00004577783517 
95.0 94.00051881473281 
95.0 95.00030518516725 
95.0 95.00030518516725 
95.0 95.00030518516725 
95.0 93.00004577783517 
95.0 93.00004577783517 
95.0 92.00025940740075 
95.0 92.00025940740075 
95.0 92.00025940740075 
95.0 92.00025940740075 
95.0 92.00025940740075 
95.0 93.00004577783517 
95.0 93.00004577783517 
95.0 94.00051881473281 
95.0 95.00030518516725 
95.0 94.00051881473281 
95.0 93.00004577783517 
95.0 93.00004577783517 
95.0 92.00025940740075 
95.0 92.00025940740075 
95.0 93.00004577783517 
95.0 94.00051881473281 
95.0 94.00051881473281 
95.0 95.00030518516725 
95.0 96.00009155560167 
95.0 97.00056459249932 
95.0 97.00056459249932 
95.0 96.00009155560167 
95.0 96.00009155560167 
95.0 94.00051881473281 
95.0 94.00051881473281 
95.0 94.00051881473281 
95.0 94.00051881473281 
95.0 94.00051881473281 
95.0 95.00030518516725 
95.0 95.00030518516725 
95.0 95.00030518516725 
95.0 94.00051881473281 
95.0 94.00051881473281 
95.0 93.00004577783517 
95.0 93.00004577783517 
95.0 93.00004577783517 
95.0 93.00004577783517 
95.0 92.00025940740075 
95.0 92.00025940740075 
95.0 93.00004577783517 
95.0 94.00051881473281 
95.0 94.00051881473281 
95.0 95.00030518516725 
95.0 96.00009155560167 
95.0 96.00009155560167 
95.0 94.00051881473281 
95.0 91.00047303696631 
95.0 90.00000000006867 
95.0 88.00042725919981 
95.0 87.00064088876537 
95.0 89.00021362963423 
95.0 91.00047303696631 
95.0 93.00004577783517 
95.0 93.00004577783517 
95.0 92.00025940740075 
95.0 90.00000000006867 
95.0 88.00042725919981 
95.0 88.00042725919981 
95.0 88.00042725919981 
96.00001525925474 90.00000000006867 
95.0 92.00025940740075 
95.0 92.00025940740075 
95.0 93.00004577783517 
95.0 92.00025940740075 
95.0 89.00021362963423 
95.0 88.00042725919981 
95.0 86.00016785186773 
95.0 84.00059511099887 
95.0 84.00059511099887 
95.0 86.00016785186773 
95.0 87.00064088876537 
95.0 89.00021362963423 
95.0 92.00025940740075 
95.0 92.00025940740075 
95.0 93.00004577783517 
95.0 93.00004577783517 
95.0 92.00025940740075 
95.0 92.00025940740075 
95.0 91.00047303696631 
95.0 91.00047303696631 
95.0 90.00000000006867 
95.0 90.00000000006867 
95.0 90.00000000006867 
96.00001525925474 100.00061037026582 
96.00001525925474 100.00061037026582 
96.99995422223579 100.00061037026582 
96.99995422223579 100.00061037026582 
96.99995422223579 100.00061037026582 
96.99995422223579 100.00061037026582 
96.99995422223579 100.00061037026582 
96.99995422223579 104.00044251846676 
96.99995422223579 104.00044251846676 
96.99995422223579 104.00044251846676 
96.99995422223579 105.9993285928724 
96.99995422223579 106.99980162977005 
96.99995422223579 106.99980162977005 
96.99995422223579 106.99980162977005 
96.99995422223579 106.99980162977005 
96.99995422223579 106.99980162977005 
96.99995422223579 108.9993743706389 
96.99995422223579 110.99963377797098 
96.99995422223579 111.9994201484054 
96.99995422223579 111.9994201484054 
96.99995422223579 109.99984740753655 
97.99996948149052 107.99958800020448 
97.99996948149052 105.9993285928724 
97.99996948149052 105.9993285928724 
97.99996948149052 105.9993285928724 
96.99995422223579 108.9993743706389 
97.99996948149052 108.9993743706389 
97.99996948149052 110.99963377797098 
96.99995422223579 109.99984740753655 
96.99995422223579 110.99963377797098 
96.99995422223579 111.9994201484054 
96.99995422223579 111.9994201484054 
96.99995422223579 110.99963377797098 
96.99995422223579 108.9993743706389 
96.99995422223579 108.9993743706389 
96.00001525925474 107.99958800020448 
96.00001525925474 107.99958800020448 
96.00001525925474 109.99984740753655 
96.00001525925474 110.99963377797098 
95.0 111.9994201484054 
95.0 113.99967955573749 
95.0 113.99967955573749 
95.0 114.99946592617191 
95.0 113.99967955573749 
95.0 112.99989318530305 
95.0 112.99989318530305 
95.0 112.99989318530305 
95.0 112.99989318530305 
95.0 112.99989318530305 
95.0 113.99967955573749 
95.0 115.99993896306955 
95.0 115.99993896306955 
95.0 117.99951170393841 
95.0 119.99977111127049 
95.0 119.99977111127049 
95.0 117.99951170393841 
95.0 114.99946592617191 
95.0 112.99989318530305 
95.0 109.99984740753655 
95.0 108.9993743706389 
95.0 108.9993743706389 
95.0 108.9993743706389 
95.0 108.9993743706389 
95.0 108.9993743706389 
95.0 109.99984740753655 
95.0 109.99984740753655 
95.0 111.9994201484054 
95.0 111.9994201484054 
95.0 112.99989318530305 
95.0 112.99989318530305 
95.0 112.99989318530305 
95.0 112.99989318530305 
95.0 112.99989318530305 
95.0 112.99989318530305 
95.0 112.99989318530305 
95.0 112.99989318530305 
95.0 111.9994201484054 
95.0 109.99984740753655 
96.00001525925474 109.99984740753655 
96.00001525925474 109.99984740753655 
96.00001525925474 109.99984740753655 
96.00001525925474 109.99984740753655 
96.00001525925474 109.99984740753655 
96.00001525925474 109.99984740753655 
96.00001525925474 109.99984740753655 
96.00001525925474 109.99984740753655 
96.00001525925474 107.99958800020448 
96.00001525925474 107.99958800020448 
96.00001525925474 106.99980162977005 
95.0 104.00044251846676 
95.0 103.00065614803232 
95.0 101.00039674070025 
95.0 101.00039674070025 
95.0 101.00039674070025 
95.0 101.00039674070025 
95.0 101.00039674070025 
95.0 100.00061037026582 
95.0 100.00061037026582 
95.0 98.00035096293375 
95.0 98.00035096293375 
95.0 98.00035096293375 
95.0 99.00013733336817 
95.0 99.00013733336817 
95.0 99.00013733336817 
95.0 98.00035096293375 
95.0 98.00035096293375 
95.0 98.00035096293375 
95.0 98.00035096293375 
95.0 98.00035096293375 
95.0 98.00035096293375 
95.0 98.00035096293375 
95.0 99.00013733336817 
95.0 99.00013733336817 
95.0 99.00013733336817 
95.0 99.00013733336817 
95.0 99.00013733336817 
95.0 100.00061037026582 
95.0 100.00061037026582 
95.0 100.00061037026582 
95.0 100.00061037026582 
95.0 100.00061037026582 
95.0 100.00061037026582 
95.0 100.00061037026582 
95.0 102.00018311113467 
95.0 103.00065614803232 
95.0 103.00065614803232 
95.0 104.99954222243798 
95.0 104.99954222243798 
95.0 104.99954222243798 
95.0 104.00044251846676 
95.0 103.00065614803232 
95.0 99.00013733336817 
95.0 99.00013733336817 
95.0 99.00013733336817 
95.0 100.00061037026582 
95.0 102.00018311113467 
95.0 104.00044251846676 
95.0 102.00018311113467 
95.0 100.00061037026582 
95.0 107.99958800020448 
95.0 107.99958800020448 
95.0 107.99958800020448 
95.0 107.99958800020448 
95.0 107.99958800020448 
95.0 107.99958800020448 
95.0 107.99958800020448 
95.0 108.9993743706389 
95.0 110.99963377797098 
95.0 110.99963377797098 
95.0 110.99963377797098 
95.0 110.99963377797098 
95.0 110.99963377797098 
95.0 110.99963377797098 
95.0 111.9994201484054 
95.0 111.9994201484054 
95.0 113.99967955573749 
95.0 113.99967955573749 
95.0 114.99946592617191 
95.0 114.99946592617191 
95.0 114.99946592617191 
95.0 114.99946592617191 
95.0 114.99946592617191 
95.0 114.99946592617191 
95.0 114.99946592617191 
95.0 117.99951170393841 
95.0 119.99977111127049 
95.0 122.99981688903699 
95.0 126.99964903723793 
95.0 126.99964903723793 
95.0 126.99964903723793 
95.0 126.99964903723793 
95.0 126.99964903723793 
95.0 125.9998626668035 
95.0 118.99998474083606 
95.0 114.99946592617191 
95.0 114.99946592617191 
95.0 114.99946592617191 
95.0 114.99946592617191 
95.0 115.99993896306955 
95.0 115.99993896306955 
95.0 115.99993896306955 
95.0 115.99993896306955 
95.0 118.99998474083606 
95.0 119.99977111127049 
95.0 119.99977111127049 
95.0 119.99977111127049 
95.0 119.99977111127049 
95.0 119.99977111127049 
95.0 119.99977111127049 
95.0 119.99977111127049 
94.00006103701895 118.99998474083606 
94.00006103701895 115.99993896306955 
94.00006103701895 115.99993896306955 
94.00006103701895 115.99993896306955 
94.00006103701895 115.99993896306955 
94.00006103701895 112.99989318530305 
94.00006103701895 110.99963377797098 
94.00006103701895 110.99963377797098 
94.00006103701895 110.99963377797098 
94.00006103701895 110.99963377797098 
94.00006103701895 110.99963377797098 
94.00006103701895 110.99963377797098 
94.00006103701895 110.99963377797098 
94.00006103701895 110.99963377797098 
94.00006103701895 109.99984740753655 
94.00006103701895 109.99984740753655 
94.00006103701895 109.99984740753655 
94.00006103701895 109.99984740753655 
94.00006103701895 109.99984740753655 
94.00006103701895 109.99984740753655 
94.00006103701895 109.99984740753655 
94.00006103701895 109.99984740753655 
94.00006103701895 109.99984740753655 
94.00006103701895 109.99984740753655 
94.00006103701895 110.99963377797098 
94.00006103701895 110.99963377797098 
94.00006103701895 107.99958800020448 
94.00006103701895 107.99958800020448 
94.00006103701895 107.99958800020448 
94.00006103701895 107.99958800020448 
94.00006103701895 107.99958800020448 
94.00006103701895 107.99958800020448 
94.00006103701895 108.9993743706389 
94.00006103701895 108.9993743706389 
94.00006103701895 108.9993743706389 
94.00006103701895 108.9993743706389 
94.00006103701895 108.9993743706389 
94.00006103701895 109.99984740753655 
94.00006103701895 109.99984740753655 
94.00006103701895 109.99984740753655 
94.00006103701895 109.99984740753655 
94.00006103701895 109.99984740753655 
94.00006103701895 109.99984740753655 
94.00006103701895 110.99963377797098 
94.00006103701895 110.99963377797098 
94.00006103701895 110.99963377797098 
94.00006103701895 111.9994201484054 
94.00006103701895 111.9994201484054 
94.00006103701895 111.9994201484054 
94.00006103701895 111.9994201484054 
94.00006103701895 111.9994201484054 
94.00006103701895 111.9994201484054 
94.00006103701895 111.9994201484054 
94.00006103701895 111.9994201484054 
94.00006103701895 111.9994201484054 
94.00006103701895 111.9994201484054 
94.00006103701895 112.99989318530305 
94.00006103701895 112.99989318530305 
94.00006103701895 110.99963377797098 
94.00006103701895 110.99963377797098 
94.00006103701895 109.99984740753655 
94.00006103701895 106.99980162977005 
94.00006103701895 106.99980162977005 
94.00006103701895 106.99980162977005 
94.00006103701895 104.99954222243798 
94.00006103701895 104.00044251846676 
95.0 104.00044251846676 
95.0 104.00044251846676 
95.0 104.99954222243798 
95.0 104.00044251846676 
95.0 104.00044251846676 
95.0 104.00044251846676 
95.0 104.00044251846676 
95.0 104.00044251846676 
95.0 104.00044251846676 
95.0 104.00044251846676 
95.0 104.00044251846676 
95.0 103.00065614803232 
95.0 103.00065614803232 
95.0 100.00061037026582 
95.0 100.00061037026582 
95.0 105.9993285928724 
95.0 105.9993285928724 
95.0 105.9993285928724 
95.0 105.9993285928724 
95.0 105.9993285928724 
94.00006103701895 107.99958800020448 
94.00006103701895 107.99958800020448 
94.00006103701895 110.99963377797098 
94.00006103701895 109.99984740753655 
94.00006103701895 109.99984740753655 
94.00006103701895 109.99984740753655 
94.00006103701895 109.99984740753655 
94.00006103701895 109.99984740753655 
94.00006103701895 109.99984740753655 
94.00006103701895 109.99984740753655 
94.00006103701895 110.99963377797098 
94.00006103701895 110.99963377797098 
94.00006103701895 110.99963377797098 
94.00006103701895 110.99963377797098 
94.00006103701895 110.99963377797098 
94.00006103701895 110.99963377797098 
94.00006103701895 110.99963377797098 
94.00006103701895 110.99963377797098 
94.00006103701895 110.99963377797098 
94.00006103701895 110.99963377797098 
94.00006103701895 110.99963377797098 
94.00006103701895 110.99963377797098 
94.00006103701895 109.99984740753655 
94.00006103701895 109.99984740753655 
94.00006103701895 109.99984740753655 
94.00006103701895 109.99984740753655 
94.00006103701895 109.99984740753655 
94.00006103701895 109.99984740753655 
94.00006103701895 109.99984740753655 
94.00006103701895 109.99984740753655 
94.00006103701895 109.99984740753655 
94.00006103701895 109.99984740753655 
94.00006103701895 109.99984740753655 
94.00006103701895 110.99963377797098 
94.00006103701895 110.99963377797098 
94.00006103701895 110.99963377797098 
94.00006103701895 111.9994201484054 
94.00006103701895 111.9994201484054 
94.00006103701895 112.99989318530305 
94.00006103701895 112.99989318530305 
94.00006103701895 112.99989318530305 
94.00006103701895 112.99989318530305 
94.00006103701895 112.99989318530305 
94.00006103701895 112.99989318530305 
94.00006103701895 114.99946592617191 
94.00006103701895 115.99993896306955 
94.00006103701895 116.99972533350399 
94.00006103701895 115.99993896306955 
94.00006103701895 115.99993896306955 
94.00006103701895 115.99993896306955 
94.00006103701895 114.99946592617191 
94.00006103701895 114.99946592617191 
94.00006103701895 111.9994201484054 
95.0 111.9994201484054 
95.0 112.99989318530305 
95.0 113.99967955573749 
95.0 112.99989318530305 
95.0 110.99963377797098 
95.0 105.9993285928724 
95.0 103.00065614803232 
94.00006103701895 101.00039674070025 
94.00006103701895 99.00013733336817 
94.00006103701895 96.00009155560167 
94.00006103701895 94.00051881473281 
95.0 92.00025940740075 
95.0 92.00025940740075 
95.0 90.00000000006867 
95.0 89.00021362963423 
95.0 88.00042725919981 
95.0 89.00021362963423 
95.0 89.00021362963423 
95.0 91.00047303696631 
95.0 91.00047303696631 
96.00001525925474 91.00047303696631 
96.00001525925474 92.00025940740075 
95.0 93.00004577783517 
95.0 93.00004577783517 
95.0 94.00051881473281 
95.0 94.00051881473281 
95.0 94.00051881473281 
95.0 95.00030518516725 
95.0 95.00030518516725 
95.0 95.00030518516725 
95.0 95.00030518516725 
95.0 95.00030518516725 
95.0 96.00009155560167 
95.0 96.00009155560167 
95.0 95.00030518516725 
95.0 96.00009155560167 
95.0 95.00030518516725 
95.0 95.00030518516725 
95.0 95.00030518516725 
95.0 95.00030518516725 
95.0 95.00030518516725 
95.0 96.00009155560167 
95.0 96.00009155560167 
95.0 95.00030518516725 
95.0 96.00009155560167 
95.0 95.00030518516725 
95.0 95.00030518516725 
95.0 96.00009155560167 
95.0 97.00056459249932 
95.0 98.00035096293375 
95.0 97.00056459249932 
95.0 96.00009155560167 
95.0 95.00030518516725 
95.0 94.00051881473281 
95.0 94.00051881473281 
95.0 94.00051881473281 
95.0 95.00030518516725 
95.0 96.00009155560167 
95.0 95.00030518516725 
95.0 95.00030518516725 
95.0 95.00030518516725 
95.0 94.00051881473281 
95.0 94.00051881473281 
95.0 94.00051881473281 
95.0 95.00030518516725 
95.0 96.00009155560167 
95.0 96.00009155560167 
95.0 95.00030518516725 
95.0 94.00051881473281 
95.0 94.00051881473281 
95.0 92.00025940740075 
95.0 91.00047303696631 
95.0 92.00025940740075 
95.0 92.00025940740075 
95.0 94.00051881473281 
95.0 96.00009155560167 
96.00001525925474 96.00009155560167 
96.00001525925474 97.00056459249932 
96.00001525925474 97.00056459249932 
95.0 95.00030518516725 
96.00001525925474 93.00004577783517 
95.0 93.00004577783517 
95.0 93.00004577783517 
95.0 93.00004577783517 
95.0 93.00004577783517 
95.0 94.00051881473281 
95.0 93.00004577783517 
95.0 93.00004577783517 
96.00001525925474 92.00025940740075 
95.0 92.00025940740075 
96.00001525925474 92.00025940740075 
96.00001525925474 92.00025940740075 
96.00001525925474 92.00025940740075 
96.00001525925474 92.00025940740075 
95.0 94.00051881473281 
95.0 94.00051881473281 
95.0 94.00051881473281 
95.0 95.00030518516725 
95.0 95.00030518516725 
95.0 96.00009155560167 
95.0 96.00009155560167 
95.0 96.00009155560167 
95.0 96.00009155560167 
95.0 97.00056459249932 
95.0 97.00056459249932 
95.0 97.00056459249932 
95.0 97.00056459249932 
95.0 95.00030518516725 
95.0 94.00051881473281 
95.0 94.00051881473281 
95.0 94.00051881473281 
95.0 94.00051881473281 
95.0 94.00051881473281 
95.0 93.00004577783517 
95.0 92.00025940740075 
95.0 91.00047303696631 
95.0 91.00047303696631 
95.0 91.00047303696631 
95.0 92.00025940740075 
95.0 92.00025940740075 
95.0 93.00004577783517 
95.0 93.00004577783517 
95.0 93.00004577783517 
95.0 93.00004577783517 
96.00001525925474 92.00025940740075 
96.00001525925474 93.00004577783517 
95.0 93.00004577783517 
95.0 93.00004577783517 
95.0 93.00004577783517 
95.0 93.00004577783517 
95.0 92.00025940740075 
95.0 91.00047303696631 
95.0 91.00047303696631 
95.0 92.00025940740075 
95.0 92.00025940740075 
95.0 90.00000000006867 
95.0 89.00021362963423 
95.0 88.00042725919981 
95.0 86.00016785186773 
95.0 85.00038148143331 
95.0 84.00059511099887 
95.0 85.00038148143331 
95.0 86.00016785186773 
95.0 86.00016785186773 
95.0 87.00064088876537 
95.0 88.00042725919981 
95.0 87.00064088876537 
95.0 86.00016785186773 
95.0 85.00038148143331 
95.0 85.00038148143331 
95.0 85.00038148143331 
95.0 85.00038148143331 
95.0 86.00016785186773 
95.0 87.00064088876537 
95.0 86.00016785186773 
95.0 86.00016785186773 
95.0 86.00016785186773 
95.0 87.00064088876537 
95.0 87.00064088876537 
95.0 88.00042725919981 
95.0 88.00042725919981 
95.0 87.00064088876537 
95.0 87.00064088876537 
95.0 87.00064088876537 
95.0 88.00042725919981 
95.0 90.00000000006867 
95.0 90.00000000006867 
95.0 91.00047303696631 
95.0 91.00047303696631 
95.0 91.00047303696631 
95.0 91.00047303696631 
95.0 91.00047303696631 
95.0 90.00000000006867 
95.0 90.00000000006867 
95.0 90.00000000006867 
95.0 91.00047303696631 
95.0 94.00051881473281 
95.0 95.00030518516725 
95.0 95.00030518516725 
95.0 96.00009155560167 
95.0 96.00009155560167 
95.0 94.00051881473281 
95.0 93.00004577783517 
95.0 91.00047303696631 
95.0 91.00047303696631 
95.0 91.00047303696631 
95.0 91.00047303696631 
95.0 91.00047303696631 
95.0 91.00047303696631 
95.0 92.00025940740075 
95.0 93.00004577783517 
95.0 92.00025940740075 
95.0 92.00025940740075 
95.0 92.00025940740075 
95.0 92.00025940740075 
95.0 92.00025940740075 
95.0 92.00025940740075 
95.0 91.00047303696631 
95.0 91.00047303696631 
95.0 90.00000000006867 
95.0 90.00000000006867 
95.0 91.00047303696631 
95.0 91.00047303696631 
95.0 91.00047303696631 
95.0 90.00000000006867 
95.0 88.00042725919981 
95.0 87.00064088876537 
95.0 86.00016785186773 
95.0 86.00016785186773 
95.0 87.00064088876537 
95.0 87.00064088876537 
95.0 88.00042725919981 
95.0 88.00042725919981 
95.0 89.00021362963423 
95.0 89.00021362963423 
95.0 89.00021362963423 
95.0 89.00021362963423 
95.0 89.00021362963423 
95.0 89.00021362963423 
95.0 89.00021362963423 
95.0 90.00000000006867 
95.0 89.00021362963423 
95.0 89.00021362963423 
95.0 89.00021362963423 
95.0 88.00042725919981 
95.0 88.00042725919981 
95.0 88.00042725919981 
95.0 88.00042725919981 
95.0 89.00021362963423 
95.0 89.00021362963423 
95.0 89.00021362963423 
95.0 89.00021362963423 
95.0 88.00042725919981 
95.0 86.00016785186773 
95.0 85.00038148143331 
95.0 84.00059511099887 
95.0 83.00012207410123 
95.0 82.0003357036668 
95.0 84.00059511099887 
95.0 84.00059511099887 
95.0 86.00016785186773 
95.0 86.00016785186773 
95.0 89.00021362963423 
95.0 89.00021362963423 
95.0 90.00000000006867 
95.0 90.00000000006867 
95.0 90.00000000006867 
95.0 89.00021362963423 
95.0 89.00021362963423 
95.0 89.00021362963423 
95.0 89.00021362963423 
95.0 89.00021362963423 
95.0 90.00000000006867 
95.0 90.00000000006867 
95.0 91.00047303696631 
95.0 91.00047303696631 
95.0 92.00025940740075 
95.0 91.00047303696631 
95.0 91.00047303696631 
95.0 91.00047303696631 
95.0 91.00047303696631 
95.0 92.00025940740075 
95.0 91.00047303696631 
95.0 91.00047303696631 
95.0 90.00000000006867 
95.0 89.00021362963423 
95.0 89.00021362963423 
95.0 89.00021362963423 
95.0 88.00042725919981 
95.0 87.00064088876537 
95.0 86.00016785186773 
95.0 86.00016785186773 
95.0 86.00016785186773 
95.0 86.00016785186773 
95.0 86.00016785186773 
95.0 87.00064088876537 
95.0 87.00064088876537 
95.0 87.00064088876537 
95.0 86.00016785186773 
95.0 86.00016785186773 
95.0 86.00016785186773 
95.0 87.00064088876537 
95.0 88.00042725919981 
95.0 88.00042725919981 
95.0 88.00042725919981 
95.0 88.00042725919981 
95.0 88.00042725919981 
95.0 88.00042725919981 
95.0 89.00021362963423 
95.0 89.00021362963423 
95.0 89.00021362963423 
95.0 89.00021362963423 
95.0 90.00000000006867 
95.0 90.00000000006867 
95.0 90.00000000006867 
95.0 91.00047303696631 
95.0 91.00047303696631 
95.0 90.00000000006867 
95.0 89.00021362963423 
95.0 89.00021362963423 
96.00001525925474 101.00039674070025 
96.00001525925474 103.00065614803232 
96.00001525925474 103.00065614803232 
96.00001525925474 105.9993285928724 
95.0 106.99980162977005 
96.00001525925474 107.99958800020448 
96.00001525925474 107.99958800020448 
96.00001525925474 107.99958800020448 
96.00001525925474 107.99958800020448 
96.00001525925474 107.99958800020448 
96.00001525925474 107.99958800020448 
96.99995422223579 110.99963377797098 
96.99995422223579 110.99963377797098 
96.99995422223579 113.99967955573749 
96.99995422223579 113.99967955573749 
96.99995422223579 117.99951170393841 
96.99995422223579 119.99977111127049 
96.99995422223579 119.99977111127049 
96.99995422223579 119.99977111127049 
96.99995422223579 119.99977111127049 
96.99995422223579 119.99977111127049 
96.99995422223579 123.99960325947143 
96.99995422223579 117.99951170393841 
97.99996948149052 105.9993285928724 
97.99996948149052 102.00018311113467 
97.99996948149052 99.00013733336817 
97.99996948149052 94.00051881473281 
97.99996948149052 92.00025940740075 
97.99996948149052 89.00021362963423 
97.99996948149052 89.00021362963423 
97.99996948149052 88.00042725919981 
97.99996948149052 88.00042725919981 
97.99996948149052 90.00000000006867 
97.99996948149052 92.00025940740075 
97.99996948149052 92.00025940740075 
97.99996948149052 92.00025940740075 
97.99996948149052 92.00025940740075 
97.99996948149052 92.00025940740075 
96.99995422223579 92.00025940740075 
96.99995422223579 91.00047303696631 
96.99995422223579 91.00047303696631 
96.99995422223579 91.00047303696631 
96.00001525925474 91.00047303696631 
96.00001525925474 91.00047303696631 
96.00001525925474 91.00047303696631 
96.99995422223579 93.00004577783517 
96.99995422223579 93.00004577783517 
96.99995422223579 97.00056459249932 
96.00001525925474 99.00013733336817 
96.00001525925474 100.00061037026582 
96.00001525925474 102.00018311113467 
96.00001525925474 102.00018311113467 
96.00001525925474 100.00061037026582 
96.00001525925474 99.00013733336817 
96.00001525925474 98.00035096293375 
96.00001525925474 98.00035096293375 
96.00001525925474 99.00013733336817 
96.00001525925474 98.00035096293375 
96.00001525925474 97.00056459249932 
96.00001525925474 97.00056459249932 
96.00001525925474 97.00056459249932 
96.00001525925474 97.00056459249932 
96.00001525925474 99.00013733336817 
96.99995422223579 101.00039674070025 
96.99995422223579 101.00039674070025 
96.99995422223579 98.00035096293375 
96.99995422223579 94.00051881473281 
96.99995422223579 92.00025940740075 
96.99995422223579 91.00047303696631 
96.99995422223579 95.00030518516725 
96.99995422223579 95.00030518516725 
96.00001525925474 98.00035096293375 
96.00001525925474 99.00013733336817 
96.00001525925474 99.00013733336817 
96.00001525925474 97.00056459249932 
96.00001525925474 96.00009155560167 
96.00001525925474 95.00030518516725 
96.00001525925474 95.00030518516725 
96.00001525925474 96.00009155560167 
96.00001525925474 99.00013733336817 
96.00001525925474 100.00061037026582 
96.00001525925474 99.00013733336817 
96.00001525925474 99.00013733336817 
96.00001525925474 99.00013733336817 
96.00001525925474 99.00013733336817 
96.00001525925474 101.00039674070025 
96.00001525925474 101.00039674070025 
96.00001525925474 101.00039674070025 
96.00001525925474 98.00035096293375 
96.00001525925474 97.00056459249932 
96.00001525925474 95.00030518516725 
96.00001525925474 94.00051881473281 
96.00001525925474 93.00004577783517 
96.00001525925474 95.00030518516725 
96.00001525925474 96.00009155560167 
96.00001525925474 99.00013733336817 
96.00001525925474 100.00061037026582 
96.00001525925474 100.00061037026582 
96.00001525925474 98.00035096293375 
96.00001525925474 98.00035096293375 
96.00001525925474 96.00009155560167 
96.00001525925474 96.00009155560167 
96.00001525925474 96.00009155560167 
96.00001525925474 98.00035096293375 
96.00001525925474 100.00061037026582 
96.00001525925474 100.00061037026582 
96.00001525925474 99.00013733336817 
96.00001525925474 98.00035096293375 
96.00001525925474 96.00009155560167 
96.00001525925474 96.00009155560167 
96.00001525925474 96.00009155560167 
96.00001525925474 96.00009155560167 
96.00001525925474 98.00035096293375 
96.00001525925474 98.00035096293375 
96.00001525925474 99.00013733336817 
96.00001525925474 98.00035096293375 
96.00001525925474 98.00035096293375 
96.00001525925474 98.00035096293375 
96.00001525925474 98.00035096293375 
96.00001525925474 98.00035096293375 
96.00001525925474 100.00061037026582 
96.00001525925474 100.00061037026582 
96.00001525925474 101.00039674070025 
95.0 101.00039674070025 
95.0 101.00039674070025 
95.0 99.00013733336817 
95.0 97.00056459249932 
95.0 97.00056459249932 
96.00001525925474 96.00009155560167 
96.00001525925474 97.00056459249932 
96.00001525925474 98.00035096293375 
96.00001525925474 99.00013733336817 
96.00001525925474 100.00061037026582 
96.00001525925474 100.00061037026582 
96.00001525925474 100.00061037026582 
96.00001525925474 100.00061037026582 
96.00001525925474 101.00039674070025 
96.00001525925474 102.00018311113467 
96.00001525925474 101.00039674070025 
96.00001525925474 99.00013733336817 
96.00001525925474 96.00009155560167 
96.00001525925474 93.00004577783517 
96.00001525925474 92.00025940740075 
96.00001525925474 93.00004577783517 
96.00001525925474 95.00030518516725 
96.00001525925474 97.00056459249932 
96.00001525925474 98.00035096293375 
96.00001525925474 100.00061037026582 
96.00001525925474 103.00065614803232 
96.00001525925474 103.00065614803232 
96.00001525925474 104.00044251846676 
96.00001525925474 99.00013733336817 
96.00001525925474 95.00030518516725 
96.00001525925474 93.00004577783517 
96.00001525925474 92.00025940740075 
96.00001525925474 92.00025940740075 
96.00001525925474 92.00025940740075 
96.00001525925474 95.00030518516725 
96.00001525925474 96.00009155560167 
96.00001525925474 97.00056459249932 
96.00001525925474 98.00035096293375 
96.00001525925474 100.00061037026582 
96.00001525925474 100.00061037026582 
96.00001525925474 103.00065614803232 
96.00001525925474 104.99954222243798 
96.00001525925474 104.99954222243798 
96.00001525925474 102.00018311113467 
96.00001525925474 95.00030518516725 
96.00001525925474 92.00025940740075 
96.00001525925474 91.00047303696631 
96.00001525925474 92.00025940740075 
96.00001525925474 93.00004577783517 
96.00001525925474 98.00035096293375 
96.00001525925474 100.00061037026582 
96.00001525925474 100.00061037026582 
96.00001525925474 99.00013733336817 
96.00001525925474 100.00061037026582 
96.00001525925474 99.00013733336817 
96.00001525925474 98.00035096293375 
96.00001525925474 97.00056459249932 
96.00001525925474 98.00035096293375 
96.00001525925474 101.00039674070025 
96.00001525925474 103.00065614803232 
96.00001525925474 103.00065614803232 
96.00001525925474 103.00065614803232 
96.00001525925474 104.00044251846676 
96.00001525925474 104.00044251846676 
96.00001525925474 101.00039674070025 
96.00001525925474 99.00013733336817 
96.00001525925474 98.00035096293375 
96.00001525925474 97.00056459249932 
96.00001525925474 97.00056459249932 
96.00001525925474 97.00056459249932 
96.00001525925474 100.00061037026582 
96.00001525925474 102.00018311113467 
96.00001525925474 102.00018311113467 
96.00001525925474 103.00065614803232 
96.00001525925474 101.00039674070025 
96.00001525925474 100.00061037026582 
96.00001525925474 99.00013733336817 
96.00001525925474 101.00039674070025 
96.00001525925474 102.00018311113467 
96.00001525925474 102.00018311113467 
96.00001525925474 103.00065614803232 
96.00001525925474 103.00065614803232 
96.00001525925474 99.00013733336817 
96.00001525925474 96.00009155560167 
96.00001525925474 95.00030518516725 
96.00001525925474 96.00009155560167 
96.00001525925474 98.00035096293375 
96.00001525925474 100.00061037026582 
96.00001525925474 102.00018311113467 
96.00001525925474 103.00065614803232 
96.00001525925474 102.00018311113467 
96.00001525925474 101.00039674070025 
96.00001525925474 101.00039674070025 
96.00001525925474 103.00065614803232 
96.00001525925474 104.00044251846676 
96.00001525925474 104.99954222243798 
96.00001525925474 103.00065614803232 
96.00001525925474 102.00018311113467 
96.00001525925474 101.00039674070025 
96.00001525925474 101.00039674070025 
96.00001525925474 99.00013733336817 
96.00001525925474 97.00056459249932 
96.00001525925474 96.00009155560167 
96.00001525925474 96.00009155560167 
96.00001525925474 98.00035096293375 
96.00001525925474 101.00039674070025 
96.00001525925474 104.00044251846676 
96.00001525925474 104.00044251846676 
96.00001525925474 106.99980162977005 
96.00001525925474 104.99954222243798 
96.00001525925474 102.00018311113467 
96.00001525925474 99.00013733336817 
96.00001525925474 95.00030518516725 
96.00001525925474 92.00025940740075 
96.00001525925474 92.00025940740075 
96.00001525925474 93.00004577783517 
96.00001525925474 96.00009155560167 
96.00001525925474 96.00009155560167 
96.00001525925474 98.00035096293375 
96.00001525925474 98.00035096293375 
96.00001525925474 98.00035096293375 
96.00001525925474 98.00035096293375 
96.00001525925474 98.00035096293375 
96.00001525925474 98.00035096293375 
96.00001525925474 97.00056459249932 
96.00001525925474 96.00009155560167 
96.00001525925474 95.00030518516725 
96.00001525925474 95.00030518516725 
96.00001525925474 95.00030518516725 
96.00001525925474 95.00030518516725 
96.00001525925474 95.00030518516725 
96.00001525925474 95.00030518516725 
96.00001525925474 95.00030518516725 
96.00001525925474 95.00030518516725 
96.00001525925474 95.00030518516725 
96.00001525925474 95.00030518516725 
96.00001525925474 96.00009155560167 
96.00001525925474 98.00035096293375 
95.0 99.00013733336817 
95.0 98.00035096293375 
95.0 95.00030518516725 
95.0 95.00030518516725 
95.0 95.00030518516725 
95.0 97.00056459249932 
95.0 97.00056459249932 
95.0 95.00030518516725 
95.0 93.00004577783517 
96.00001525925474 90.00000000006867 
95.0 90.00000000006867 
95.0 90.00000000006867 
95.0 90.00000000006867 
96.00001525925474 93.00004577783517 
96.00001525925474 95.00030518516725 
96.00001525925474 95.00030518516725 
96.00001525925474 97.00056459249932 
96.00001525925474 99.00013733336817 
96.00001525925474 99.00013733336817 
96.00001525925474 100.00061037026582 
96.00001525925474 102.00018311113467 
96.00001525925474 101.00039674070025 
96.00001525925474 100.00061037026582 
96.00001525925474 99.00013733336817 
96.00001525925474 99.00013733336817 
96.00001525925474 100.00061037026582 
96.00001525925474 100.00061037026582 
96.00001525925474 101.00039674070025 
96.00001525925474 102.00018311113467 
96.00001525925474 103.00065614803232 
96.00001525925474 104.00044251846676 
96.00001525925474 103.00065614803232 
96.00001525925474 102.00018311113467 
96.00001525925474 101.00039674070025 
96.00001525925474 101.00039674070025 
96.00001525925474 102.00018311113467 
96.00001525925474 103.00065614803232 
96.00001525925474 104.00044251846676 
96.00001525925474 101.00039674070025 
96.00001525925474 98.00035096293375 
96.00001525925474 94.00051881473281 
96.00001525925474 92.00025940740075 
96.00001525925474 92.00025940740075 
96.00001525925474 93.00004577783517 
96.00001525925474 96.00009155560167 
96.00001525925474 99.00013733336817 
96.00001525925474 101.00039674070025 
96.00001525925474 100.00061037026582 
96.00001525925474 98.00035096293375 
96.00001525925474 97.00056459249932 
96.00001525925474 96.00009155560167 
95.0 96.00009155560167 
95.0 99.00013733336817 
95.0 99.00013733336817 
96.00001525925474 102.00018311113467 
96.00001525925474 102.00018311113467 
95.0 103.00065614803232 
95.0 103.00065614803232 
95.0 103.00065614803232 
95.0 102.00018311113467 
95.0 102.00018311113467 
95.0 102.00018311113467 
95.0 101.00039674070025 
95.0 101.00039674070025 
95.0 101.00039674070025 
95.0 101.00039674070025 
95.0 101.00039674070025 
95.0 102.00018311113467 
95.0 102.00018311113467 
95.0 103.00065614803232 
95.0 103.00065614803232 
95.0 102.00018311113467 
95.0 100.00061037026582 
95.0 95.00030518516725 
95.0 94.00051881473281 
95.0 92.00025940740075 
95.0 93.00004577783517 
95.0 96.00009155560167 
95.0 100.00061037026582 
95.0 104.00044251846676 
96.00001525925474 105.9993285928724 
96.00001525925474 105.9993285928724 
95.0 104.99954222243798 
96.00001525925474 104.00044251846676 
95.0 103.00065614803232 
95.0 101.00039674070025 
95.0 100.00061037026582 
96.00001525925474 100.00061037026582 
96.00001525925474 102.00018311113467 
96.00001525925474 104.00044251846676 
96.00001525925474 103.00065614803232 
96.00001525925474 103.00065614803232 
96.00001525925474 101.00039674070025 
96.00001525925474 100.00061037026582 
95.0 99.00013733336817 
95.0 98.00035096293375 
95.0 99.00013733336817 
95.0 99.00013733336817 
95.0 101.00039674070025 
95.0 102.00018311113467 
95.0 102.00018311113467 
95.0 101.00039674070025 
95.0 100.00061037026582 
95.0 98.00035096293375 
95.0 98.00035096293375 
95.0 102.00018311113467 
95.0 102.00018311113467 
95.0 104.00044251846676 
95.0 102.00018311113467 
95.0 101.00039674070025 
95.0 100.00061037026582 
95.0 100.00061037026582 
95.0 102.00018311113467 
95.0 102.00018311113467 
95.0 103.00065614803232 
95.0 103.00065614803232 
95.0 103.00065614803232 
95.0 103.00065614803232 
95.0 101.00039674070025 
95.0 98.00035096293375 
95.0 95.00030518516725 
95.0 96.00009155560167 
95.0 98.00035096293375 
95.0 101.00039674070025 
95.0 103.00065614803232 
96.00001525925474 104.99954222243798 
96.00001525925474 104.99954222243798 
95.0 103.00065614803232 
95.0 102.00018311113467 
95.0 101.00039674070025 
95.0 101.00039674070025 
95.0 102.00018311113467 
95.0 102.00018311113467 
95.0 103.00065614803232 
95.0 103.00065614803232 
96.00001525925474 100.00061037026582 
96.00001525925474 100.00061037026582 
96.00001525925474 100.00061037026582 
96.00001525925474 102.00018311113467 
96.00001525925474 103.00065614803232 
96.00001525925474 103.00065614803232 
96.00001525925474 104.99954222243798 
96.00001525925474 104.99954222243798 
96.00001525925474 104.99954222243798 
96.00001525925474 104.99954222243798 
96.00001525925474 104.99954222243798 
96.00001525925474 106.99980162977005 
96.00001525925474 106.99980162977005 
96.00001525925474 102.00018311113467 
95.0 100.00061037026582 
95.0 98.00035096293375 
95.0 96.00009155560167 
95.0 96.00009155560167 
95.0 96.00009155560167 
95.0 96.00009155560167 
95.0 96.00009155560167 
95.0 95.00030518516725 
95.0 95.00030518516725 
95.0 94.00051881473281 
94.00006103701895 93.00004577783517 
94.00006103701895 94.00051881473281 
94.00006103701895 93.00004577783517 
94.00006103701895 92.00025940740075 
95.0 92.00025940740075 
95.0 92.00025940740075 
95.0 92.00025940740075 
96.00001525925474 92.00025940740075 
96.00001525925474 93.00004577783517 
96.00001525925474 94.00051881473281 
96.00001525925474 94.00051881473281 
96.00001525925474 94.00051881473281 
96.00001525925474 94.00051881473281 
96.00001525925474 94.00051881473281 
96.00001525925474 93.00004577783517 
96.00001525925474 93.00004577783517 
96.00001525925474 94.00051881473281 
95.0 94.00051881473281 
95.0 94.00051881473281 
95.0 94.00051881473281 
95.0 93.00004577783517 
95.0 93.00004577783517 
95.0 94.00051881473281 
95.0 95.00030518516725 
95.0 95.00030518516725 
95.0 95.00030518516725 
95.0 94.00051881473281 
95.0 93.00004577783517 
95.0 93.00004577783517 
95.0 92.00025940740075 
95.0 92.00025940740075 
95.0 94.00051881473281 
95.0 95.00030518516725 
95.0 95.00030518516725 
95.0 95.00030518516725 
95.0 93.00004577783517 
95.0 92.00025940740075 
95.0 90.00000000006867 
95.0 90.00000000006867 
95.0 90.00000000006867 
95.0 91.00047303696631 
95.0 92.00025940740075 
95.0 91.00047303696631 
95.0 92.00025940740075 
95.0 90.00000000006867 
95.0 89.00021362963423 
95.0 88.00042725919981 
95.0 88.00042725919981 
95.0 88.00042725919981 
95.0 88.00042725919981 
95.0 89.00021362963423 
95.0 90.00000000006867 
95.0 88.00042725919981 
95.0 87.00064088876537 
95.0 86.00016785186773 
95.0 86.00016785186773 
95.0 86.00016785186773 
95.0 90.00000000006867 
95.0 90.00000000006867 
95.0 94.00051881473281 
95.0 95.00030518516725 
95.0 94.00051881473281 
95.0 93.00004577783517 
95.0 91.00047303696631 
95.0 90.00000000006867 
96.00001525925474 89.00021362963423 
96.00001525925474 89.00021362963423 
96.00001525925474 90.00000000006867 
96.00001525925474 91.00047303696631 
96.00001525925474 91.00047303696631 
96.00001525925474 92.00025940740075 
96.00001525925474 93.00004577783517 
96.00001525925474 92.00025940740075 
96.00001525925474 92.00025940740075 
96.00001525925474 91.00047303696631 
96.00001525925474 91.00047303696631 
96.00001525925474 91.00047303696631 
96.00001525925474 92.00025940740075 
96.00001525925474 93.00004577783517 
96.00001525925474 92.00025940740075 
96.00001525925474 91.00047303696631 
96.00001525925474 91.00047303696631 
96.00001525925474 90.00000000006867 
96.00001525925474 90.00000000006867 
96.00001525925474 90.00000000006867 
96.00001525925474 90.00000000006867 
95.0 90.00000000006867 
95.0 90.00000000006867 
95.0 89.00021362963423 
95.0 89.00021362963423 
95.0 89.00021362963423 
95.0 89.00021362963423 
95.0 89.00021362963423 
95.0 89.00021362963423 
95.0 88.00042725919981 
95.0 88.00042725919981 
95.0 87.00064088876537 
95.0 87.00064088876537 
95.0 87.00064088876537 
95.0 88.00042725919981 
95.0 90.00000000006867 
95.0 90.00000000006867 
95.0 89.00021362963423 
95.0 88.00042725919981 
95.0 87.00064088876537 
95.0 87.00064088876537 
95.0 87.00064088876537 
95.0 88.00042725919981 
95.0 88.00042725919981 
95.0 90.00000000006867 
95.0 90.00000000006867 
95.0 92.00025940740075 
95.0 92.00025940740075 
95.0 93.00004577783517 
95.0 93.00004577783517 
95.0 93.00004577783517 
95.0 93.00004577783517 
95.0 93.00004577783517 
95.0 93.00004577783517 
95.0 92.00025940740075 
95.0 92.00025940740075 
95.0 93.00004577783517 
95.0 94.00051881473281 
95.0 94.00051881473281 
96.00001525925474 94.00051881473281 
96.00001525925474 94.00051881473281 
96.00001525925474 93.00004577783517 
96.00001525925474 93.00004577783517 
96.00001525925474 91.00047303696631 
96.00001525925474 91.00047303696631 
96.00001525925474 91.00047303696631 
96.00001525925474 92.00025940740075 
96.00001525925474 92.00025940740075 
96.00001525925474 93.00004577783517 
96.00001525925474 93.00004577783517 
96.00001525925474 92.00025940740075 
96.00001525925474 92.00025940740075 
96.00001525925474 90.00000000006867 
96.00001525925474 90.00000000006867 
96.00001525925474 89.00021362963423 
95.0 88.00042725919981 
95.0 89.00021362963423 
96.00001525925474 89.00021362963423 
95.0 89.00021362963423 
95.0 89.00021362963423 
95.0 88.00042725919981 
95.0 87.00064088876537 
95.0 87.00064088876537 
95.0 87.00064088876537 
95.0 88.00042725919981 
95.0 89.00021362963423 
95.0 89.00021362963423 
95.0 89.00021362963423 
95.0 89.00021362963423 
95.0 88.00042725919981 
95.0 86.00016785186773 
95.0 85.00038148143331 
95.0 84.00059511099887 
95.0 84.00059511099887 
95.0 84.00059511099887 
95.0 84.00059511099887 
95.0 85.00038148143331 
95.0 86.00016785186773 
95.0 86.00016785186773 
95.0 85.00038148143331 
95.0 84.00059511099887 
95.0 84.00059511099887 
95.0 83.00012207410123 
95.0 83.00012207410123 
95.0 84.00059511099887 
95.0 84.00059511099887 
95.0 85.00038148143331 
95.0 84.00059511099887 
95.0 83.00012207410123 
95.0 83.00012207410123 
95.0 82.0003357036668 
95.0 82.0003357036668 
95.0 83.00012207410123 
95.0 84.00059511099887 
95.0 85.00038148143331 
95.0 85.00038148143331 
95.0 86.00016785186773 
95.0 86.00016785186773 
95.0 85.00038148143331 
95.0 85.00038148143331 
95.0 84.00059511099887 
95.0 84.00059511099887 
95.0 85.00038148143331 
95.0 85.00038148143331 
95.0 88.00042725919981 
95.0 88.00042725919981 
95.0 89.00021362963423 
95.0 89.00021362963423 
95.0 89.00021362963423 
95.0 88.00042725919981 
95.0 87.00064088876537 
95.0 86.00016785186773 
95.0 86.00016785186773 
95.0 86.00016785186773 
95.0 86.00016785186773 
95.0 86.00016785186773 
95.0 87.00064088876537 
95.0 88.00042725919981 
95.0 88.00042725919981 
95.0 88.00042725919981 
95.0 88.00042725919981 
95.0 87.00064088876537 
95.0 87.00064088876537 
95.0 87.00064088876537 
95.0 87.00064088876537 
95.0 87.00064088876537 
95.0 87.00064088876537 
95.0 87.00064088876537 
95.0 86.00016785186773 
95.0 85.00038148143331 
95.0 84.00059511099887 
95.0 83.00012207410123 
95.0 82.0003357036668 
95.0 82.0003357036668 
95.0 82.0003357036668 
95.0 82.0003357036668 
95.0 84.00059511099887 
95.0 86.00016785186773 
95.0 86.00016785186773 
95.0 85.00038148143331 
95.0 85.00038148143331 
95.0 85.00038148143331 
95.0 84.00059511099887 
95.0 84.00059511099887 
95.0 86.00016785186773 
95.0 86.00016785186773 
95.0 86.00016785186773 
95.0 87.00064088876537 
95.0 87.00064088876537 
95.0 88.00042725919981 
95.0 88.00042725919981 
95.0 87.00064088876537 
95.0 87.00064088876537 
95.0 87.00064088876537 
95.0 87.00064088876537 
95.0 87.00064088876537 
95.0 88.00042725919981 
95.0 87.00064088876537 
95.0 87.00064088876537 
95.0 86.00016785186773 
95.0 85.00038148143331 
95.0 85.00038148143331 
95.0 85.00038148143331 
95.0 86.00016785186773 
95.0 87.00064088876537 
95.0 87.00064088876537 
95.0 87.00064088876537 
95.0 87.00064088876537 
95.0 87.00064088876537 
95.0 87.00064088876537 
95.0 87.00064088876537 
95.0 87.00064088876537 
95.0 88.00042725919981 
95.0 87.00064088876537 
95.0 87.00064088876537 
95.0 87.00064088876537 
95.0 86.00016785186773 
95.0 86.00016785186773 
95.0 85.00038148143331 
95.0 85.00038148143331 
95.0 84.00059511099887 
95.0 84.00059511099887 
95.0 85.00038148143331 
95.0 86.00016785186773 
95.0 88.00042725919981 
95.0 89.00021362963423 
95.0 89.00021362963423 
95.0 88.00042725919981 
95.0 87.00064088876537 
95.0 86.00016785186773 
95.0 85.00038148143331 
95.0 85.00038148143331 
95.0 92.00025940740075 
95.0 92.00025940740075 
95.0 92.00025940740075 
95.0 94.00051881473281 
95.0 98.00035096293375 
96.00001525925474 101.00039674070025 
96.00001525925474 101.00039674070025 
96.00001525925474 102.00018311113467 
96.00001525925474 102.00018311113467 
96.00001525925474 102.00018311113467 
96.00001525925474 102.00018311113467 
96.00001525925474 102.00018311113467 
96.00001525925474 102.00018311113467 
96.00001525925474 102.00018311113467 
96.00001525925474 102.00018311113467 
96.00001525925474 104.00044251846676 
95.0 104.00044251846676 
95.0 104.00044251846676 
95.0 104.00044251846676 
97.99996948149052 105.9993285928724 
97.99996948149052 105.9993285928724 
97.99996948149052 106.99980162977005 
97.99996948149052 107.99958800020448 
97.99996948149052 109.99984740753655 
97.99996948149052 109.99984740753655 
98.99998474074526 110.99963377797098 
98.99998474074526 110.99963377797098 
98.99998474074526 110.99963377797098 
98.99998474074526 110.99963377797098 
97.99996948149052 110.99963377797098 
97.99996948149052 110.99963377797098 
98.99998474074526 109.99984740753655 
97.99996948149052 108.9993743706389 
97.99996948149052 107.99958800020448 
97.99996948149052 106.99980162977005 
96.99995422223579 105.9993285928724 
96.99995422223579 104.99954222243798 
96.99995422223579 102.00018311113467 
96.99995422223579 101.00039674070025 
96.99995422223579 99.00013733336817 
96.99995422223579 98.00035096293375 
96.00001525925474 98.00035096293375 
96.00001525925474 97.00056459249932 
96.00001525925474 96.00009155560167 
96.00001525925474 95.00030518516725 
96.00001525925474 93.00004577783517 
96.00001525925474 92.00025940740075 
96.00001525925474 91.00047303696631 
96.00001525925474 91.00047303696631 
96.00001525925474 92.00025940740075 
96.00001525925474 92.00025940740075 
95.0 93.00004577783517 
95.0 93.00004577783517 
95.0 93.00004577783517 
95.0 92.00025940740075 
95.0 91.00047303696631 
95.0 90.00000000006867 
95.0 90.00000000006867 
95.0 90.00000000006867 
95.0 91.00047303696631 
95.0 91.00047303696631 
95.0 92.00025940740075 
95.0 91.00047303696631 
95.0 91.00047303696631 
95.0 91.00047303696631 
95.0 91.00047303696631 
95.0 92.00025940740075 
95.0 93.00004577783517 
95.0 93.00004577783517 
95.0 93.00004577783517 
95.0 93.00004577783517 
95.0 93.00004577783517 
95.0 93.00004577783517 
95.0 93.00004577783517 
96.00001525925474 92.00025940740075 
96.00001525925474 92.00025940740075 
96.00001525925474 93.00004577783517 
96.00001525925474 93.00004577783517 
96.00001525925474 93.00004577783517 
96.00001525925474 93.00004577783517 
96.00001525925474 92.00025940740075 
95.0 92.00025940740075 
95.0 92.00025940740075 
95.0 91.00047303696631 
95.0 90.00000000006867 
95.0 90.00000000006867 
95.0 89.00021362963423 
95.0 89.00021362963423 
95.0 89.00021362963423 
95.0 89.00021362963423 
95.0 89.00021362963423 
95.0 89.00021362963423 
95.0 88.00042725919981 
95.0 87.00064088876537 
95.0 87.00064088876537 
95.0 87.00064088876537 
95.0 88.00042725919981 
95.0 88.00042725919981 
95.0 89.00021362963423 
95.0 88.00042725919981 
95.0 88.00042725919981 
95.0 88.00042725919981 
95.0 88.00042725919981 
95.0 88.00042725919981 
95.0 89.00021362963423 
95.0 90.00000000006867 
95.0 90.00000000006867 
95.0 90.00000000006867 
95.0 90.00000000006867 
95.0 89.00021362963423 
95.0 89.00021362963423 
95.0 90.00000000006867 
95.0 91.00047303696631 
95.0 91.00047303696631 
95.0 91.00047303696631 
95.0 91.00047303696631 
95.0 90.00000000006867 
95.0 90.00000000006867 
95.0 90.00000000006867 
95.0 90.00000000006867 
95.0 91.00047303696631 
95.0 91.00047303696631 
95.0 92.00025940740075 
95.0 93.00004577783517 
95.0 92.00025940740075 
96.00001525925474 91.00047303696631 
96.00001525925474 90.00000000006867 
95.0 90.00000000006867 
95.0 89.00021362963423 
95.0 89.00021362963423 
95.0 89.00021362963423 
95.0 89.00021362963423 
95.0 89.00021362963423 
95.0 89.00021362963423 
95.0 90.00000000006867 
95.0 90.00000000006867 
95.0 92.00025940740075 
95.0 92.00025940740075 
95.0 92.00025940740075 
95.0 91.00047303696631 
95.0 89.00021362963423 
95.0 87.00064088876537 
95.0 85.00038148143331 
95.0 85.00038148143331 
95.0 85.00038148143331 
95.0 85.00038148143331 
95.0 87.00064088876537 
95.0 87.00064088876537 
95.0 88.00042725919981 
95.0 89.00021362963423 
95.0 89.00021362963423 
95.0 89.00021362963423 
95.0 89.00021362963423 
95.0 90.00000000006867 
95.0 90.00000000006867 
95.0 90.00000000006867 
95.0 91.00047303696631 
95.0 91.00047303696631 
95.0 91.00047303696631 
95.0 92.00025940740075 
95.0 91.00047303696631 
95.0 91.00047303696631 
95.0 91.00047303696631 
95.0 91.00047303696631 
95.0 91.00047303696631 
95.0 92.00025940740075 
95.0 92.00025940740075 
95.0 93.00004577783517 
95.0 93.00004577783517 
95.0 93.00004577783517 
95.0 92.00025940740075 
95.0 93.00004577783517 
95.0 93.00004577783517 
95.0 93.00004577783517 
95.0 94.00051881473281 
95.0 94.00051881473281 
95.0 95.00030518516725 
96.00001525925474 95.00030518516725 
96.00001525925474 94.00051881473281 
96.00001525925474 94.00051881473281 
96.00001525925474 93.00004577783517 
96.00001525925474 93.00004577783517 
96.00001525925474 93.00004577783517 
96.00001525925474 94.00051881473281 
96.00001525925474 94.00051881473281 
96.00001525925474 94.00051881473281 
96.00001525925474 94.00051881473281 
96.00001525925474 93.00004577783517 
96.00001525925474 92.00025940740075 
96.00001525925474 91.00047303696631 
96.00001525925474 91.00047303696631 
96.00001525925474 91.00047303696631 
96.00001525925474 91.00047303696631 
96.00001525925474 91.00047303696631 
96.00001525925474 92.00025940740075 
96.00001525925474 92.00025940740075 
96.00001525925474 92.00025940740075 
96.00001525925474 91.00047303696631 
96.00001525925474 91.00047303696631 
96.00001525925474 90.00000000006867 
96.00001525925474 90.00000000006867 
96.00001525925474 91.00047303696631 
96.00001525925474 91.00047303696631 
96.00001525925474 92.00025940740075 
96.00001525925474 93.00004577783517 
96.00001525925474 94.00051881473281 
96.00001525925474 94.00051881473281 
96.00001525925474 94.00051881473281 
96.00001525925474 93.00004577783517 
96.00001525925474 92.00025940740075 
96.00001525925474 91.00047303696631 
96.00001525925474 91.00047303696631 
96.00001525925474 91.00047303696631 
96.00001525925474 93.00004577783517 
96.00001525925474 93.00004577783517 
96.00001525925474 94.00051881473281 
96.00001525925474 94.00051881473281 
95.0 93.00004577783517 
95.0 92.00025940740075 
95.0 91.00047303696631 
95.0 91.00047303696631 
95.0 92.00025940740075 
95.0 93.00004577783517 
95.0 93.00004577783517 
96.00001525925474 95.00030518516725 
96.00001525925474 95.00030518516725 
96.00001525925474 96.00009155560167 
96.00001525925474 94.00051881473281 
96.00001525925474 93.00004577783517 
96.00001525925474 93.00004577783517 
96.00001525925474 92.00025940740075 
96.00001525925474 92.00025940740075 
96.00001525925474 93.00004577783517 
96.00001525925474 92.00025940740075 
96.00001525925474 92.00025940740075 
96.00001525925474 92.00025940740075 
96.00001525925474 92.00025940740075 
96.00001525925474 92.00025940740075 
96.00001525925474 92.00025940740075 
96.00001525925474 93.00004577783517 
96.00001525925474 94.00051881473281 
96.00001525925474 93.00004577783517 
96.00001525925474 93.00004577783517 
96.00001525925474 92.00025940740075 
96.00001525925474 92.00025940740075 
96.00001525925474 92.00025940740075 
96.00001525925474 92.00025940740075 
96.00001525925474 92.00025940740075 
96.00001525925474 92.00025940740075 
96.00001525925474 91.00047303696631 
96.00001525925474 91.00047303696631 
96.00001525925474 90.00000000006867 
96.00001525925474 90.00000000006867 
96.00001525925474 90.00000000006867 
96.00001525925474 90.00000000006867 
96.00001525925474 90.00000000006867 
96.00001525925474 90.00000000006867 
96.00001525925474 90.00000000006867 
96.00001525925474 90.00000000006867 
96.00001525925474 91.00047303696631 
96.00001525925474 90.00000000006867 
96.00001525925474 90.00000000006867 
96.00001525925474 90.00000000006867 
95.0 90.00000000006867 
95.0 90.00000000006867 
95.0 90.00000000006867 
95.0 90.00000000006867 
95.0 90.00000000006867 
95.0 90.00000000006867 
95.0 90.00000000006867 
95.0 90.00000000006867 
95.0 89.00021362963423 
95.0 88.00042725919981 
95.0 88.00042725919981 
95.0 88.00042725919981 
95.0 88.00042725919981 
95.0 88.00042725919981 
95.0 89.00021362963423 
95.0 89.00021362963423 
95.0 90.00000000006867 
95.0 89.00021362963423 
95.0 90.00000000006867 
95.0 90.00000000006867 
95.0 90.00000000006867 
95.0 90.00000000006867 
95.0 90.00000000006867 
95.0 90.00000000006867 
95.0 90.00000000006867 
95.0 90.00000000006867 
95.0 91.00047303696631 
95.0 93.00004577783517 
95.0 93.00004577783517 
95.0 94.00051881473281 
95.0 94.00051881473281 
95.0 94.00051881473281 
95.0 94.00051881473281 
95.0 93.00004577783517 
95.0 93.00004577783517 
95.0 93.00004577783517 
95.0 93.00004577783517 
95.0 94.00051881473281 
96.00001525925474 94.00051881473281 
96.00001525925474 95.00030518516725 
96.00001525925474 95.00030518516725 
96.00001525925474 95.00030518516725 
96.00001525925474 95.00030518516725 
96.00001525925474 95.00030518516725 
96.00001525925474 95.00030518516725 
96.00001525925474 95.00030518516725 
96.00001525925474 95.00030518516725 
96.00001525925474 95.00030518516725 
96.00001525925474 95.00030518516725 
96.00001525925474 95.00030518516725 
96.00001525925474 95.00030518516725 
96.00001525925474 96.00009155560167 
96.00001525925474 97.00056459249932 
96.00001525925474 96.00009155560167 
96.00001525925474 96.00009155560167 
96.00001525925474 95.00030518516725 
96.00001525925474 95.00030518516725 
96.00001525925474 95.00030518516725 
96.00001525925474 96.00009155560167 
95.0 96.00009155560167 
96.00001525925474 99.00013733336817 
96.00001525925474 101.00039674070025 
95.0 101.00039674070025 
96.00001525925474 102.00018311113467 
96.00001525925474 102.00018311113467 
96.00001525925474 102.00018311113467 
96.00001525925474 101.00039674070025 
96.00001525925474 100.00061037026582 
96.00001525925474 101.00039674070025 
96.00001525925474 103.00065614803232 
96.00001525925474 104.00044251846676 
96.00001525925474 104.00044251846676 
96.00001525925474 97.00056459249932 
96.00001525925474 94.00051881473281 
96.00001525925474 92.00025940740075 
96.00001525925474 89.00021362963423 
96.00001525925474 88.00042725919981 
96.00001525925474 89.00021362963423 
96.00001525925474 90.00000000006867 
96.00001525925474 90.00000000006867 
95.0 93.00004577783517 
95.0 94.00051881473281 
95.0 94.00051881473281 
95.0 95.00030518516725 
95.0 94.00051881473281 
96.00001525925474 93.00004577783517 
96.00001525925474 93.00004577783517 
96.00001525925474 92.00025940740075 
96.00001525925474 92.00025940740075 
96.00001525925474 93.00004577783517 
96.00001525925474 93.00004577783517 
96.00001525925474 93.00004577783517 
96.00001525925474 95.00030518516725 
96.00001525925474 95.00030518516725 
96.00001525925474 96.00009155560167 
96.00001525925474 97.00056459249932 
96.00001525925474 96.00009155560167 
96.00001525925474 95.00030518516725 
96.00001525925474 102.00018311113467 
96.00001525925474 100.00061037026582 
96.99995422223579 100.00061037026582 
96.99995422223579 101.00039674070025 
96.99995422223579 101.00039674070025 
96.99995422223579 101.00039674070025 
96.99995422223579 101.00039674070025 
96.00001525925474 101.00039674070025 
96.00001525925474 101.00039674070025 
96.00001525925474 102.00018311113467 
96.00001525925474 99.00013733336817 
96.00001525925474 93.00004577783517 
96.00001525925474 91.00047303696631 
96.00001525925474 89.00021362963423 
96.00001525925474 88.00042725919981 
96.00001525925474 89.00021362963423 
96.00001525925474 89.00021362963423 
96.00001525925474 90.00000000006867 
96.00001525925474 90.00000000006867 
96.00001525925474 90.00000000006867 
96.00001525925474 91.00047303696631 
96.00001525925474 92.00025940740075 
96.00001525925474 88.00042725919981 
96.00001525925474 86.00016785186773 
96.00001525925474 85.00038148143331 
96.00001525925474 83.00012207410123 
96.99995422223579 84.00059511099887 
96.99995422223579 88.00042725919981 
96.00001525925474 91.00047303696631 
96.00001525925474 93.00004577783517 
96.00001525925474 95.00030518516725 
96.00001525925474 96.00009155560167 
96.00001525925474 96.00009155560167 
95.0 96.00009155560167 
95.0 95.00030518516725 
95.0 94.00051881473281 
96.00001525925474 93.00004577783517 
96.00001525925474 93.00004577783517 
96.00001525925474 92.00025940740075 
96.00001525925474 91.00047303696631 
96.00001525925474 92.00025940740075 
96.00001525925474 94.00051881473281 
96.00001525925474 95.00030518516725 
96.00001525925474 95.00030518516725 
96.00001525925474 95.00030518516725 
96.00001525925474 95.00030518516725 
96.00001525925474 92.00025940740075 
96.00001525925474 89.00021362963423 
96.00001525925474 89.00021362963423 
96.00001525925474 88.00042725919981 
96.00001525925474 89.00021362963423 
96.00001525925474 89.00021362963423 
96.00001525925474 90.00000000006867 
96.00001525925474 90.00000000006867 
96.00001525925474 91.00047303696631 
96.00001525925474 91.00047303696631 
95.0 91.00047303696631 
95.0 92.00025940740075 
95.0 92.00025940740075 
95.0 92.00025940740075 
95.0 91.00047303696631 
95.0 91.00047303696631 
95.0 90.00000000006867 
95.0 90.00000000006867 
95.0 91.00047303696631 
95.0 92.00025940740075 
95.0 92.00025940740075 
95.0 92.00025940740075 
95.0 92.00025940740075 
96.00001525925474 92.00025940740075 
96.00001525925474 92.00025940740075 
96.00001525925474 92.00025940740075 
96.00001525925474 92.00025940740075 
95.0 93.00004577783517 
95.0 94.00051881473281 
95.0 94.00051881473281 
95.0 95.00030518516725 
95.0 95.00030518516725 
95.0 95.00030518516725 
95.0 93.00004577783517 
95.0 92.00025940740075 
95.0 92.00025940740075 
95.0 92.00025940740075 
95.0 92.00025940740075 
95.0 91.00047303696631 
95.0 91.00047303696631 
95.0 91.00047303696631 
95.0 89.00021362963423 
95.0 89.00021362963423 
95.0 88.00042725919981 
95.0 88.00042725919981 
95.0 88.00042725919981 
95.0 89.00021362963423 
95.0 89.00021362963423 
95.0 89.00021362963423 
95.0 88.00042725919981 
95.0 87.00064088876537 
95.0 87.00064088876537 
95.0 86.00016785186773 
95.0 86.00016785186773 
95.0 87.00064088876537 
95.0 88.00042725919981 
95.0 89.00021362963423 
95.0 89.00021362963423 
95.0 90.00000000006867 
95.0 88.00042725919981 
95.0 86.00016785186773 
95.0 86.00016785186773 
95.0 86.00016785186773 
95.0 87.00064088876537 
95.0 87.00064088876537 
95.0 88.00042725919981 
95.0 88.00042725919981 
95.0 87.00064088876537 
95.0 86.00016785186773 
95.0 85.00038148143331 
95.0 85.00038148143331 
95.0 85.00038148143331 
95.0 85.00038148143331 
95.0 89.00021362963423 
95.0 89.00021362963423 
95.0 90.00000000006867 
95.0 88.00042725919981 
95.0 87.00064088876537 
95.0 85.00038148143331 
95.0 85.00038148143331 
95.0 88.00042725919981 
95.0 90.00000000006867 
95.0 92.00025940740075 
95.0 94.00051881473281 
95.0 94.00051881473281 
95.0 93.00004577783517 
95.0 90.00000000006867 
95.0 88.00042725919981 
95.0 86.00016785186773 
95.0 86.00016785186773 
95.0 88.00042725919981 
95.0 88.00042725919981 
95.0 90.00000000006867 
95.0 91.00047303696631 
95.0 91.00047303696631 
95.0 92.00025940740075 
95.0 92.00025940740075 
95.0 92.00025940740075 
95.0 92.00025940740075 
96.00001525925474 92.00025940740075 
96.00001525925474 92.00025940740075 
96.00001525925474 91.00047303696631 
96.00001525925474 89.00021362963423 
96.00001525925474 88.00042725919981 
95.0 88.00042725919981 
95.0 87.00064088876537 
95.0 87.00064088876537 
95.0 87.00064088876537 
95.0 88.00042725919981 
95.0 88.00042725919981 
95.0 90.00000000006867 
95.0 90.00000000006867 
95.0 91.00047303696631 
95.0 93.00004577783517 
95.0 93.00004577783517 
95.0 96.00009155560167 
95.0 95.00030518516725 
95.0 93.00004577783517 
95.0 91.00047303696631 
95.0 90.00000000006867 
95.0 89.00021362963423 
95.0 89.00021362963423 
95.0 90.00000000006867 
95.0 90.00000000006867 
95.0 91.00047303696631 
95.0 91.00047303696631 
95.0 91.00047303696631 
95.0 91.00047303696631 
95.0 91.00047303696631 
95.0 90.00000000006867 
95.0 90.00000000006867 
95.0 90.00000000006867 
95.0 90.00000000006867 
95.0 90.00000000006867 
95.0 89.00021362963423 
95.0 90.00000000006867 
95.0 90.00000000006867 
95.0 90.00000000006867 
95.0 90.00000000006867 
95.0 91.00047303696631 
95.0 90.00000000006867 
95.0 90.00000000006867 
95.0 89.00021362963423 
95.0 89.00021362963423 
95.0 89.00021362963423 
95.0 89.00021362963423 
95.0 88.00042725919981 
96.00001525925474 88.00042725919981 
95.0 89.00021362963423 
95.0 88.00042725919981 
95.0 88.00042725919981 
95.0 88.00042725919981 
95.0 87.00064088876537 
95.0 86.00016785186773 
95.0 86.00016785186773 
95.0 86.00016785186773 
95.0 85.00038148143331 
95.0 85.00038148143331 
95.0 86.00016785186773 
95.0 86.00016785186773 
95.0 87.00064088876537 
95.0 88.00042725919981 
95.0 89.00021362963423 
95.0 88.00042725919981 
95.0 87.00064088876537 
95.0 86.00016785186773 
95.0 86.00016785186773 
95.0 86.00016785186773 
95.0 88.00042725919981 
95.0 88.00042725919981 
95.0 89.00021362963423 
95.0 89.00021362963423 
95.0 90.00000000006867 
95.0 89.00021362963423 
95.0 88.00042725919981 
95.0 90.00000000006867 
95.0 91.00047303696631 
95.0 91.00047303696631 
95.0 91.00047303696631 
95.0 90.00000000006867 
95.0 89.00021362963423 
95.0 88.00042725919981 
95.0 88.00042725919981 
95.0 88.00042725919981 
95.0 88.00042725919981 
95.0 89.00021362963423 
95.0 90.00000000006867 
95.0 90.00000000006867 
95.0 90.00000000006867 
95.0 91.00047303696631 
95.0 89.00021362963423 
95.0 88.00042725919981 
95.0 87.00064088876537 
95.0 87.00064088876537 
95.0 87.00064088876537 
95.0 88.00042725919981 
95.0 88.00042725919981 
95.0 89.00021362963423 
95.0 88.00042725919981 
96.00001525925474 88.00042725919981 
96.00001525925474 87.00064088876537 
96.00001525925474 87.00064088876537 
95.0 87.00064088876537 
95.0 87.00064088876537 
95.0 88.00042725919981 
95.0 89.00021362963423 
95.0 88.00042725919981 
95.0 88.00042725919981 
95.0 88.00042725919981 
95.0 88.00042725919981 
95.0 87.00064088876537 
95.0 87.00064088876537 
95.0 88.00042725919981 
95.0 88.00042725919981 
95.0 89.00021362963423 
95.0 89.00021362963423 
95.0 90.00000000006867 
95.0 89.00021362963423 
95.0 89.00021362963423 
95.0 89.00021362963423 
95.0 89.00021362963423 
95.0 90.00000000006867 
95.0 90.00000000006867 
95.0 89.00021362963423 
95.0 90.00000000006867 
95.0 90.00000000006867 
95.0 91.00047303696631 
95.0 91.00047303696631 
96.00001525925474 91.00047303696631 
95.0 90.00000000006867 
95.0 89.00021362963423 
95.0 88.00042725919981 
95.0 88.00042725919981 
95.0 88.00042725919981 
95.0 88.00042725919981 
95.0 88.00042725919981 
95.0 88.00042725919981 
95.0 88.00042725919981 
95.0 87.00064088876537 
95.0 86.00016785186773 
96.00001525925474 86.00016785186773 
96.00001525925474 86.00016785186773 
96.00001525925474 86.00016785186773 
95.0 87.00064088876537 
95.0 88.00042725919981 
95.0 89.00021362963423 
95.0 89.00021362963423 
95.0 88.00042725919981 
95.0 87.00064088876537 
95.0 86.00016785186773 
95.0 85.00038148143331 
95.0 84.00059511099887 
95.0 84.00059511099887 
95.0 85.00038148143331 
