97.99993896298105 99.99938962958159 
97.99993896298105 99.99938962958159 
97.99993896298105 98.99983214797128 
97.99993896298105 98.99983214797128 
97.99993896298105 98.99983214797128 
97.99993896298105 90.99917600003586 
97.99993896298105 86.00054933297372 
97.99993896298105 83.00019837012161 
97.99993896298105 80.00068666628009 
97.99993896298105 79.00028992565919 
97.99993896298105 79.00028992565919 
97.99993896298105 80.00068666628009 
97.99993896298105 80.00068666628009 
97.99993896298105 84.00059511074251 
97.99993896298105 84.00059511074251 
97.99993896298105 85.00015259235282 
97.99993896298105 82.0006408885113 
97.99993896298105 80.00068666628009 
97.99993896298105 78.00073244404888 
97.99993896298105 74.00082399958647 
97.99993896298105 74.00082399958647 
97.99993896298105 74.00082399958647 
97.99993896298105 74.00082399958647 
97.99993896298105 74.00082399958647 
97.99993896298105 73.00042725896557 
97.99993896298105 73.00042725896557 
97.99993896298105 72.00003051834467 
97.99993896298105 72.00003051834467 
96.99990844447157 72.00003051834467 
96.99990844447157 71.00047303673436 
96.99990844447157 71.00047303673436 
96.99990844447157 71.00047303673436 
96.99990844447157 71.00047303673436 
96.99990844447157 71.00047303673436 
96.99990844447157 70.00007629611346 
96.99990844447157 70.00007629611346 
96.99990844447157 69.00051881450315 
96.99990844447157 69.00051881450315 
96.99990844447157 68.00012207388225 
96.99990844447157 69.00051881450315 
96.99990844447157 69.00051881450315 
96.99990844447157 70.00007629611346 
96.99990844447157 70.00007629611346 
96.99990844447157 70.00007629611346 
96.99990844447157 70.00007629611346 
97.99993896298105 69.00051881450315 
97.99993896298105 69.00051881450315 
96.99990844447157 70.00007629611346 
96.99990844447157 70.00007629611346 
96.99990844447157 70.00007629611346 
97.99993896298105 71.00047303673436 
96.99990844447157 71.00047303673436 
97.99993896298105 71.00047303673436 
96.99990844447157 71.00047303673436 
96.99990844447157 71.00047303673436 
96.99990844447157 71.00047303673436 
96.99990844447157 71.00047303673436 
96.99990844447157 71.00047303673436 
96.99990844447157 71.00047303673436 
96.99990844447157 72.00003051834467 
96.99990844447157 72.00003051834467 
96.99990844447157 72.00003051834467 
96.99990844447157 72.00003051834467 
96.99990844447157 72.00003051834467 
96.99990844447157 70.00007629611346 
96.99990844447157 69.00051881450315 
96.99990844447157 68.00012207388225 
96.99990844447157 68.00012207388225 
96.99990844447157 68.00012207388225 
96.99990844447157 68.00012207388225 
96.99990844447157 69.00051881450315 
96.99990844447157 68.00012207388225 
96.99990844447157 68.00012207388225 
96.99990844447157 68.00012207388225 
96.99990844447157 68.00012207388225 
96.99990844447157 68.00012207388225 
96.99990844447157 68.00012207388225 
96.99990844447157 67.00056459227194 
96.99990844447157 67.00056459227194 
96.99990844447157 67.00056459227194 
96.99990844447157 68.00012207388225 
96.99990844447157 69.00051881450315 
96.99990844447157 70.00007629611346 
96.0 71.00047303673436 
96.0 71.00047303673436 
96.0 72.00003051834467 
96.0 71.00047303673436 
96.0 70.00007629611346 
96.0 70.00007629611346 
96.0 69.00051881450315 
96.0 69.00051881450315 
96.0 69.00051881450315 
96.0 69.00051881450315 
96.0 69.00051881450315 
96.0 70.00007629611346 
96.0 69.00051881450315 
96.0 69.00051881450315 
96.0 68.00012207388225 
96.0 69.00051881450315 
96.0 69.00051881450315 
96.0 70.00007629611346 
96.0 70.00007629611346 
96.0 70.00007629611346 
96.0 71.00047303673436 
96.0 71.00047303673436 
96.0 71.00047303673436 
96.0 71.00047303673436 
96.0 71.00047303673436 
96.0 71.00047303673436 
96.0 71.00047303673436 
96.0 70.00007629611346 
96.0 70.00007629611346 
96.0 69.00051881450315 
96.0 69.00051881450315 
96.0 69.00051881450315 
96.0 69.00051881450315 
96.0 68.00012207388225 
96.0 68.00012207388225 
96.0 68.00012207388225 
96.0 68.00012207388225 
96.0 68.00012207388225 
96.0 67.00056459227194 
96.0 67.00056459227194 
96.0 67.00056459227194 
96.0 67.00056459227194 
96.0 67.00056459227194 
96.0 67.00056459227194 
96.0 68.00012207388225 
96.0 68.00012207388225 
96.0 68.00012207388225 
96.0 69.00051881450315 
96.0 69.00051881450315 
96.0 68.00012207388225 
96.0 68.00012207388225 
96.0 68.00012207388225 
96.0 68.00012207388225 
96.0 68.00012207388225 
96.0 68.00012207388225 
96.0 68.00012207388225 
96.0 69.00051881450315 
96.0 70.00007629611346 
96.0 71.00047303673436 
96.0 71.00047303673436 
96.0 70.00007629611346 
96.0 70.00007629611346 
96.0 68.00012207388225 
96.0 68.00012207388225 
96.0 67.00056459227194 
96.0 67.00056459227194 
96.0 68.00012207388225 
96.0 69.00051881450315 
96.0 69.00051881450315 
96.0 70.00007629611346 
96.0 70.00007629611346 
96.0 70.00007629611346 
96.0 69.00051881450315 
96.0 69.00051881450315 
96.0 68.00012207388225 
96.0 67.00056459227194 
96.0 67.00056459227194 
96.0 67.00056459227194 
96.0 67.00056459227194 
96.0 68.00012207388225 
96.0 69.00051881450315 
96.0 69.00051881450315 
96.0 69.00051881450315 
96.0 69.00051881450315 
96.0 69.00051881450315 
96.0 69.00051881450315 
96.0 69.00051881450315 
96.0 70.00007629611346 
96.0 70.00007629611346 
96.0 70.00007629611346 
96.0 70.00007629611346 
96.0 71.00047303673436 
96.0 70.00007629611346 
96.0 70.00007629611346 
96.0 70.00007629611346 
96.0 70.00007629611346 
96.0 70.00007629611346 
96.0 70.00007629611346 
96.0 70.00007629611346 
96.0 70.00007629611346 
96.0 70.00007629611346 
96.0 70.00007629611346 
96.0 70.00007629611346 
96.0 70.00007629611346 
96.0 70.00007629611346 
96.0 70.00007629611346 
96.0 69.00051881450315 
96.0 69.00051881450315 
96.0 69.00051881450315 
96.0 68.00012207388225 
96.0 67.00056459227194 
96.0 68.00012207388225 
96.0 68.00012207388225 
96.0 68.00012207388225 
96.0 68.00012207388225 
96.0 68.00012207388225 
96.0 68.00012207388225 
96.0 67.00056459227194 
96.0 67.00056459227194 
96.0 66.00016785165104 
96.0 66.00016785165104 
96.0 66.00016785165104 
96.0 66.00016785165104 
96.0 67.00056459227194 
96.0 67.00056459227194 
96.0 68.00012207388225 
96.0 68.00012207388225 
96.0 69.00051881450315 
96.0 69.00051881450315 
96.0 69.00051881450315 
96.0 68.00012207388225 
96.0 68.00012207388225 
96.0 68.00012207388225 
96.0 68.00012207388225 
96.0 67.00056459227194 
96.0 68.00012207388225 
96.0 68.00012207388225 
96.0 68.00012207388225 
96.0 68.00012207388225 
96.0 68.00012207388225 
96.0 68.00012207388225 
96.0 68.00012207388225 
96.0 69.00051881450315 
96.0 69.00051881450315 
96.0 69.00051881450315 
96.0 69.00051881450315 
96.0 69.00051881450315 
96.0 70.00007629611346 
96.0 70.00007629611346 
96.0 71.00047303673436 
96.0 70.00007629611346 
96.0 70.00007629611346 
96.0 70.00007629611346 
96.0 70.00007629611346 
96.0 70.00007629611346 
96.0 70.00007629611346 
96.0 70.00007629611346 
96.0 69.00051881450315 
96.0 69.00051881450315 
96.0 68.00012207388225 
96.0 68.00012207388225 
96.0 67.00056459227194 
96.0 67.00056459227194 
96.0 67.00056459227194 
96.0 67.00056459227194 
96.0 68.00012207388225 
96.0 68.00012207388225 
96.0 68.00012207388225 
96.0 68.00012207388225 
96.0 68.00012207388225 
96.0 68.00012207388225 
96.0 69.00051881450315 
96.0 69.00051881450315 
96.0 69.00051881450315 
96.0 70.00007629611346 
96.0 70.00007629611346 
96.0 70.00007629611346 
96.0 70.00007629611346 
96.0 69.00051881450315 
96.0 69.00051881450315 
96.0 69.00051881450315 
96.0 69.00051881450315 
96.0 69.00051881450315 
96.0 70.00007629611346 
96.0 70.00007629611346 
96.0 70.00007629611346 
96.0 70.00007629611346 
96.0 69.00051881450315 
96.0 69.00051881450315 
96.0 68.00012207388225 
96.0 68.00012207388225 
96.0 68.00012207388225 
96.0 69.00051881450315 
95.00009155552843 70.00007629611346 
95.00009155552843 70.00007629611346 
95.00009155552843 70.00007629611346 
95.00009155552843 71.00047303673436 
95.00009155552843 71.00047303673436 
95.00009155552843 71.00047303673436 
95.00009155552843 71.00047303673436 
95.00009155552843 71.00047303673436 
95.00009155552843 71.00047303673436 
95.00009155552843 72.00003051834467 
95.00009155552843 71.00047303673436 
95.00009155552843 71.00047303673436 
95.00009155552843 71.00047303673436 
96.0 70.00007629611346 
96.0 70.00007629611346 
95.00009155552843 70.00007629611346 
95.00009155552843 70.00007629611346 
95.00009155552843 71.00047303673436 
95.00009155552843 71.00047303673436 
95.00009155552843 72.00003051834467 
96.0 72.00003051834467 
96.0 72.00003051834467 
96.0 72.00003051834467 
96.0 71.00047303673436 
96.0 70.00007629611346 
97.99993896298105 87.00010681458403 
97.99993896298105 87.00010681458403 
97.99993896298105 87.00010681458403 
97.99993896298105 87.00010681458403 
97.99993896298105 87.00010681458403 
97.99993896298105 87.00010681458403 
97.99993896298105 87.00010681458403 
96.99990844447157 88.00050355520493 
96.99990844447157 93.99952696288797 
96.99990844447157 93.99952696288797 
96.99990844447157 98.99983214797128 
96.99990844447157 101.9993438518128 
96.99990844447157 103.999298074044 
96.99990844447157 104.9996948146649 
96.99990844447157 105.99925229627522 
96.99990844447157 105.99925229627522 
96.99990844447157 103.999298074044 
97.99993896298105 103.999298074044 
97.99993896298105 102.9997405924337 
97.99993896298105 100.99978637020249 
97.99993896298105 99.99938962958159 
96.99990844447157 97.99943540735038 
96.99990844447157 95.99948118511917 
96.99990844447157 93.99952696288797 
96.99990844447157 92.99996948127766 
97.99993896298105 91.99957274065676 
97.99993896298105 91.99957274065676 
96.99990844447157 91.99957274065676 
96.99990844447157 90.99917600003586 
96.99990844447157 90.99917600003586 
96.99990844447157 90.99917600003586 
96.99990844447157 90.99917600003586 
96.99990844447157 89.99961851842555 
96.99990844447157 89.00006103681524 
96.99990844447157 89.00006103681524 
96.99990844447157 89.00006103681524 
96.99990844447157 89.99961851842555 
96.99990844447157 89.99961851842555 
96.0 89.99961851842555 
96.0 89.99961851842555 
96.0 89.99961851842555 
96.0 89.99961851842555 
96.0 89.99961851842555 
96.0 89.00006103681524 
96.0 89.00006103681524 
96.0 89.00006103681524 
96.0 88.00050355520493 
96.0 88.00050355520493 
96.0 88.00050355520493 
96.0 88.00050355520493 
96.0 88.00050355520493 
96.0 90.99917600003586 
96.0 90.99917600003586 
96.0 91.99957274065676 
96.0 91.99957274065676 
96.0 90.99917600003586 
96.0 88.00050355520493 
96.0 87.00010681458403 
96.0 85.00015259235282 
96.0 85.00015259235282 
96.0 85.00015259235282 
95.00009155552843 86.00054933297372 
95.00009155552843 86.00054933297372 
95.00009155552843 85.00015259235282 
95.00009155552843 85.00015259235282 
95.00009155552843 85.00015259235282 
95.00009155552843 85.00015259235282 
95.00009155552843 85.00015259235282 
95.00009155552843 85.00015259235282 
95.00009155552843 85.00015259235282 
95.00009155552843 85.00015259235282 
96.0 87.00010681458403 
96.99990844447157 88.00050355520493 
96.99990844447157 89.99961851842555 
96.99990844447157 89.99961851842555 
96.99990844447157 90.99917600003586 
96.99990844447157 90.99917600003586 
97.99993896298105 90.99917600003586 
97.99993896298105 90.99917600003586 
97.99993896298105 90.99917600003586 
96.99990844447157 90.99917600003586 
96.99990844447157 91.99957274065676 
96.99990844447157 90.99917600003586 
96.99990844447157 89.99961851842555 
97.99993896298105 87.00010681458403 
97.99993896298105 85.00015259235282 
97.99993896298105 85.00015259235282 
98.99996948149052 84.00059511074251 
98.99996948149052 84.00059511074251 
98.99996948149052 84.00059511074251 
98.99996948149052 84.00059511074251 
98.99996948149052 84.00059511074251 
100.0 84.00059511074251 
100.0 84.00059511074251 
100.0 84.00059511074251 
100.0 84.00059511074251 
100.0 84.00059511074251 
100.0 84.00059511074251 
98.99996948149052 84.00059511074251 
98.99996948149052 85.00015259235282 
98.99996948149052 89.00006103681524 
98.99996948149052 89.00006103681524 
97.99993896298105 89.99961851842555 
97.99993896298105 90.99917600003586 
97.99993896298105 90.99917600003586 
97.99993896298105 90.99917600003586 
97.99993896298105 89.99961851842555 
97.99993896298105 89.99961851842555 
97.99993896298105 89.99961851842555 
97.99993896298105 89.99961851842555 
97.99993896298105 89.99961851842555 
97.99993896298105 89.99961851842555 
96.99990844447157 89.99961851842555 
96.99990844447157 89.99961851842555 
96.99990844447157 89.99961851842555 
96.99990844447157 89.99961851842555 
96.99990844447157 89.99961851842555 
96.99990844447157 89.99961851842555 
96.99990844447157 89.99961851842555 
96.99990844447157 89.00006103681524 
97.99993896298105 88.00050355520493 
97.99993896298105 88.00050355520493 
97.99993896298105 88.00050355520493 
97.99993896298105 88.00050355520493 
98.99996948149052 88.00050355520493 
97.99993896298105 88.00050355520493 
97.99993896298105 89.00006103681524 
97.99993896298105 89.00006103681524 
97.99993896298105 89.00006103681524 
97.99993896298105 89.00006103681524 
97.99993896298105 89.00006103681524 
97.99993896298105 89.99961851842555 
97.99993896298105 89.99961851842555 
97.99993896298105 89.99961851842555 
97.99993896298105 89.99961851842555 
97.99993896298105 89.99961851842555 
97.99993896298105 89.99961851842555 
97.99993896298105 89.99961851842555 
97.99993896298105 90.99917600003586 
97.99993896298105 91.99957274065676 
97.99993896298105 91.99957274065676 
97.99993896298105 93.99952696288797 
97.99993896298105 93.99952696288797 
96.99990844447157 94.99992370350886 
96.99990844447157 93.99952696288797 
96.99990844447157 93.99952696288797 
96.99990844447157 93.99952696288797 
96.99990844447157 93.99952696288797 
96.99990844447157 93.99952696288797 
96.99990844447157 93.99952696288797 
96.99990844447157 93.99952696288797 
96.99990844447157 93.99952696288797 
96.99990844447157 93.99952696288797 
96.99990844447157 93.99952696288797 
97.99993896298105 93.99952696288797 
97.99993896298105 93.99952696288797 
97.99993896298105 93.99952696288797 
97.99993896298105 93.99952696288797 
97.99993896298105 93.99952696288797 
97.99993896298105 93.99952696288797 
97.99993896298105 93.99952696288797 
97.99993896298105 93.99952696288797 
97.99993896298105 93.99952696288797 
97.99993896298105 93.99952696288797 
97.99993896298105 92.99996948127766 
97.99993896298105 92.99996948127766 
97.99993896298105 92.99996948127766 
97.99993896298105 93.99952696288797 
97.99993896298105 93.99952696288797 
97.99993896298105 93.99952696288797 
97.99993896298105 93.99952696288797 
97.99993896298105 93.99952696288797 
98.99996948149052 93.99952696288797 
97.99993896298105 93.99952696288797 
97.99993896298105 93.99952696288797 
97.99993896298105 93.99952696288797 
96.99990844447157 93.99952696288797 
96.99990844447157 93.99952696288797 
96.0 93.99952696288797 
96.0 93.99952696288797 
96.0 93.99952696288797 
96.0 93.99952696288797 
96.0 93.99952696288797 
96.0 93.99952696288797 
96.0 93.99952696288797 
97.99993896298105 93.99952696288797 
97.99993896298105 92.99996948127766 
97.99993896298105 92.99996948127766 
97.99993896298105 92.99996948127766 
98.99996948149052 91.99957274065676 
98.99996948149052 91.99957274065676 
98.99996948149052 91.99957274065676 
98.99996948149052 91.99957274065676 
98.99996948149052 91.99957274065676 
97.99993896298105 91.99957274065676 
97.99993896298105 91.99957274065676 
97.99993896298105 92.99996948127766 
97.99993896298105 91.99957274065676 
97.99993896298105 91.99957274065676 
97.99993896298105 91.99957274065676 
96.99990844447157 91.99957274065676 
96.0 91.99957274065676 
96.0 91.99957274065676 
96.0 91.99957274065676 
96.0 91.99957274065676 
96.0 92.99996948127766 
96.0 91.99957274065676 
96.0 92.99996948127766 
96.0 91.99957274065676 
96.0 91.99957274065676 
96.0 91.99957274065676 
96.0 91.99957274065676 
96.0 91.99957274065676 
96.0 91.99957274065676 
96.0 91.99957274065676 
96.0 91.99957274065676 
96.0 91.99957274065676 
96.0 91.99957274065676 
96.0 91.99957274065676 
96.0 91.99957274065676 
96.0 91.99957274065676 
96.99990844447157 92.99996948127766 
96.99990844447157 92.99996948127766 
96.0 92.99996948127766 
96.0 92.99996948127766 
96.0 92.99996948127766 
96.0 92.99996948127766 
96.0 92.99996948127766 
96.0 92.99996948127766 
96.99990844447157 92.99996948127766 
96.0 92.99996948127766 
95.00009155552843 92.99996948127766 
95.00009155552843 94.99992370350886 
94.00006103701895 94.99992370350886 
94.00006103701895 94.99992370350886 
94.00006103701895 94.99992370350886 
94.00006103701895 94.99992370350886 
94.00006103701895 94.99992370350886 
94.00006103701895 94.99992370350886 
94.00006103701895 94.99992370350886 
94.00006103701895 94.99992370350886 
94.00006103701895 94.99992370350886 
94.00006103701895 94.99992370350886 
94.00006103701895 94.99992370350886 
94.00006103701895 94.99992370350886 
94.00006103701895 94.99992370350886 
94.00006103701895 94.99992370350886 
94.00006103701895 94.99992370350886 
94.00006103701895 94.99992370350886 
94.00006103701895 94.99992370350886 
94.00006103701895 94.99992370350886 
93.00003051850948 94.99992370350886 
93.00003051850948 94.99992370350886 
93.00003051850948 96.99987792574007 
93.00003051850948 96.99987792574007 
93.00003051850948 96.99987792574007 
93.00003051850948 96.99987792574007 
93.00003051850948 96.99987792574007 
93.00003051850948 96.99987792574007 
93.00003051850948 96.99987792574007 
93.00003051850948 96.99987792574007 
93.00003051850948 99.99938962958159 
94.00006103701895 99.99938962958159 
94.00006103701895 99.99938962958159 
94.00006103701895 99.99938962958159 
94.00006103701895 101.9993438518128 
94.00006103701895 101.9993438518128 
94.00006103701895 101.9993438518128 
94.00006103701895 101.9993438518128 
94.00006103701895 101.9993438518128 
94.00006103701895 101.9993438518128 
94.00006103701895 103.999298074044 
94.00006103701895 103.999298074044 
94.00006103701895 103.999298074044 
94.00006103701895 106.99964903689612 
94.00006103701895 106.99964903689612 
94.00006103701895 107.99920651850643 
94.00006103701895 107.99920651850643 
94.00006103701895 107.99920651850643 
94.00006103701895 107.99920651850643 
94.00006103701895 107.99920651850643 
93.00003051850948 107.99920651850643 
93.00003051850948 108.99960325912733 
93.00003051850948 108.99960325912733 
93.00003051850948 108.99960325912733 
93.00003051850948 108.99960325912733 
93.00003051850948 108.99960325912733 
93.00003051850948 108.99960325912733 
93.00003051850948 108.99960325912733 
93.00003051850948 108.99960325912733 
93.00003051850948 108.99960325912733 
93.00003051850948 108.99960325912733 
93.00003051850948 108.99960325912733 
93.00003051850948 108.99960325912733 
93.00003051850948 108.99960325912733 
93.00003051850948 108.99960325912733 
93.00003051850948 108.99960325912733 
93.00003051850948 108.99960325912733 
93.00003051850948 108.99960325912733 
93.00003051850948 108.99960325912733 
93.00003051850948 108.99960325912733 
93.00003051850948 108.99960325912733 
93.00003051850948 108.99960325912733 
93.00003051850948 108.99960325912733 
93.00003051850948 108.99960325912733 
93.00003051850948 108.99960325912733 
93.00003051850948 108.99960325912733 
93.00003051850948 108.99960325912733 
93.00003051850948 108.99960325912733 
93.00003051850948 108.99960325912733 
93.00003051850948 108.99960325912733 
93.00003051850948 108.99960325912733 
93.00003051850948 108.99960325912733 
93.00003051850948 109.99999999974821 
93.00003051850948 110.99955748135852 
93.00003051850948 110.99955748135852 
93.00003051850948 111.99995422197942 
92.0 112.99951170358973 
93.00003051850948 113.99990844421063 
93.00003051850948 113.99990844421063 
94.00006103701895 114.99946592582094 
94.00006103701895 114.99946592582094 
94.00006103701895 114.99946592582094 
94.00006103701895 114.99946592582094 
94.00006103701895 114.99946592582094 
96.0 115.99986266644184 
96.99990844447157 116.99942014805215 
96.99990844447157 110.99955748135852 
96.99990844447157 110.99955748135852 
96.99990844447157 110.99955748135852 
96.99990844447157 110.99955748135852 
96.99990844447157 110.99955748135852 
96.99990844447157 109.99999999974821 
97.99993896298105 109.99999999974821 
97.99993896298105 109.99999999974821 
97.99993896298105 110.99955748135852 
97.99993896298105 111.99995422197942 
97.99993896298105 112.99951170358973 
97.99993896298105 105.99925229627522 
97.99993896298105 103.999298074044 
97.99993896298105 102.9997405924337 
97.99993896298105 101.9993438518128 
97.99993896298105 99.99938962958159 
97.99993896298105 96.99987792574007 
97.99993896298105 91.99957274065676 
97.99993896298105 90.99917600003586 
97.99993896298105 89.00006103681524 
97.99993896298105 88.00050355520493 
97.99993896298105 88.00050355520493 
97.99993896298105 87.00010681458403 
97.99993896298105 87.00010681458403 
96.99990844447157 87.00010681458403 
96.99990844447157 86.00054933297372 
96.99990844447157 86.00054933297372 
96.99990844447157 86.00054933297372 
96.99990844447157 86.00054933297372 
96.99990844447157 87.00010681458403 
96.99990844447157 87.00010681458403 
96.99990844447157 87.00010681458403 
96.99990844447157 85.00015259235282 
96.99990844447157 83.00019837012161 
96.99990844447157 82.0006408885113 
96.99990844447157 82.0006408885113 
96.99990844447157 82.0006408885113 
96.99990844447157 83.00019837012161 
96.99990844447157 84.00059511074251 
96.99990844447157 84.00059511074251 
96.99990844447157 84.00059511074251 
96.99990844447157 84.00059511074251 
96.99990844447157 83.00019837012161 
96.99990844447157 83.00019837012161 
96.99990844447157 82.0006408885113 
96.99990844447157 82.0006408885113 
96.99990844447157 83.00019837012161 
96.99990844447157 83.00019837012161 
96.99990844447157 84.00059511074251 
96.99990844447157 83.00019837012161 
96.99990844447157 84.00059511074251 
96.99990844447157 83.00019837012161 
96.99990844447157 82.0006408885113 
96.99990844447157 82.0006408885113 
96.99990844447157 81.0002441478904 
96.99990844447157 81.0002441478904 
96.99990844447157 81.0002441478904 
96.99990844447157 82.0006408885113 
96.99990844447157 82.0006408885113 
96.99990844447157 82.0006408885113 
96.99990844447157 82.0006408885113 
96.99990844447157 81.0002441478904 
96.99990844447157 81.0002441478904 
96.0 81.0002441478904 
96.0 81.0002441478904 
96.0 81.0002441478904 
96.0 81.0002441478904 
96.0 81.0002441478904 
96.0 81.0002441478904 
96.0 80.00068666628009 
96.0 79.00028992565919 
96.0 79.00028992565919 
96.0 79.00028992565919 
96.0 77.000335703428 
96.0 77.000335703428 
96.0 77.000335703428 
96.0 77.000335703428 
96.0 77.000335703428 
96.0 77.000335703428 
96.0 77.000335703428 
96.0 77.000335703428 
96.0 82.0006408885113 
96.0 82.0006408885113 
96.0 84.00059511074251 
96.0 85.00015259235282 
96.0 85.00015259235282 
96.0 83.00019837012161 
96.0 82.0006408885113 
96.0 80.00068666628009 
96.0 79.00028992565919 
96.0 79.00028992565919 
96.99990844447157 79.00028992565919 
96.99990844447157 78.00073244404888 
96.99990844447157 77.000335703428 
96.99990844447157 76.00077822181768 
96.99990844447157 75.00038148119678 
96.0 74.00082399958647 
96.0 73.00042725896557 
96.0 73.00042725896557 
96.0 73.00042725896557 
96.0 73.00042725896557 
96.0 73.00042725896557 
96.99990844447157 73.00042725896557 
96.0 73.00042725896557 
96.0 74.00082399958647 
96.0 74.00082399958647 
96.0 74.00082399958647 
96.0 77.000335703428 
96.0 77.000335703428 
96.0 77.000335703428 
96.0 78.00073244404888 
96.0 77.000335703428 
96.0 76.00077822181768 
96.0 75.00038148119678 
96.99990844447157 75.00038148119678 
96.99990844447157 75.00038148119678 
96.99990844447157 76.00077822181768 
96.99990844447157 78.00073244404888 
96.99990844447157 78.00073244404888 
96.99990844447157 78.00073244404888 
96.99990844447157 79.00028992565919 
96.99990844447157 79.00028992565919 
96.99990844447157 79.00028992565919 
96.0 79.00028992565919 
96.0 79.00028992565919 
96.0 78.00073244404888 
96.0 79.00028992565919 
96.0 78.00073244404888 
96.0 78.00073244404888 
96.0 79.00028992565919 
96.0 79.00028992565919 
96.0 79.00028992565919 
96.0 79.00028992565919 
96.0 79.00028992565919 
96.0 80.00068666628009 
96.0 80.00068666628009 
96.0 80.00068666628009 
96.0 80.00068666628009 
96.0 80.00068666628009 
96.0 80.00068666628009 
96.0 81.0002441478904 
96.0 80.00068666628009 
96.0 79.00028992565919 
96.0 78.00073244404888 
96.0 77.000335703428 
96.0 77.000335703428 
96.0 77.000335703428 
96.99990844447157 77.000335703428 
96.99990844447157 78.00073244404888 
96.99990844447157 79.00028992565919 
96.99990844447157 78.00073244404888 
96.99990844447157 78.00073244404888 
96.99990844447157 78.00073244404888 
96.99990844447157 78.00073244404888 
96.99990844447157 79.00028992565919 
96.99990844447157 80.00068666628009 
96.99990844447157 80.00068666628009 
96.99990844447157 81.0002441478904 
96.99990844447157 81.0002441478904 
96.99990844447157 80.00068666628009 
96.99990844447157 80.00068666628009 
96.99990844447157 80.00068666628009 
96.99990844447157 79.00028992565919 
96.99990844447157 79.00028992565919 
96.99990844447157 80.00068666628009 
96.99990844447157 81.0002441478904 
96.99990844447157 81.0002441478904 
96.99990844447157 81.0002441478904 
96.99990844447157 81.0002441478904 
96.99990844447157 81.0002441478904 
96.99990844447157 81.0002441478904 
96.99990844447157 82.0006408885113 
96.99990844447157 83.00019837012161 
96.99990844447157 83.00019837012161 
96.99990844447157 85.00015259235282 
96.99990844447157 85.00015259235282 
96.99990844447157 89.00006103681524 
96.99990844447157 89.00006103681524 
97.99993896298105 90.99917600003586 
97.99993896298105 90.99917600003586 
97.99993896298105 91.99957274065676 
97.99993896298105 91.99957274065676 
97.99993896298105 91.99957274065676 
97.99993896298105 90.99917600003586 
97.99993896298105 90.99917600003586 
97.99993896298105 91.99957274065676 
97.99993896298105 91.99957274065676 
97.99993896298105 92.99996948127766 
97.99993896298105 92.99996948127766 
97.99993896298105 92.99996948127766 
97.99993896298105 91.99957274065676 
97.99993896298105 91.99957274065676 
97.99993896298105 89.99961851842555 
97.99993896298105 89.00006103681524 
97.99993896298105 89.99961851842555 
97.99993896298105 88.00050355520493 
96.99990844447157 87.00010681458403 
96.99990844447157 86.00054933297372 
96.99990844447157 86.00054933297372 
96.99990844447157 86.00054933297372 
96.99990844447157 86.00054933297372 
96.99990844447157 86.00054933297372 
96.99990844447157 85.00015259235282 
96.99990844447157 85.00015259235282 
96.99990844447157 84.00059511074251 
96.99990844447157 83.00019837012161 
96.99990844447157 83.00019837012161 
96.99990844447157 82.0006408885113 
96.99990844447157 82.0006408885113 
96.99990844447157 82.0006408885113 
96.99990844447157 81.0002441478904 
96.99990844447157 80.00068666628009 
96.99990844447157 78.00073244404888 
96.99990844447157 77.000335703428 
96.99990844447157 77.000335703428 
96.99990844447157 77.000335703428 
96.99990844447157 78.00073244404888 
96.99990844447157 78.00073244404888 
96.99990844447157 78.00073244404888 
96.99990844447157 78.00073244404888 
96.99990844447157 78.00073244404888 
96.99990844447157 76.00077822181768 
96.99990844447157 76.00077822181768 
96.99990844447157 76.00077822181768 
96.99990844447157 76.00077822181768 
96.99990844447157 76.00077822181768 
96.99990844447157 77.000335703428 
96.99990844447157 77.000335703428 
96.99990844447157 76.00077822181768 
96.99990844447157 76.00077822181768 
96.99990844447157 75.00038148119678 
96.99990844447157 75.00038148119678 
96.99990844447157 74.00082399958647 
96.99990844447157 75.00038148119678 
96.99990844447157 75.00038148119678 
96.99990844447157 76.00077822181768 
96.99990844447157 76.00077822181768 
96.99990844447157 76.00077822181768 
96.99990844447157 76.00077822181768 
96.99990844447157 76.00077822181768 
96.99990844447157 75.00038148119678 
96.99990844447157 75.00038148119678 
96.99990844447157 75.00038148119678 
96.99990844447157 75.00038148119678 
96.99990844447157 75.00038148119678 
96.99990844447157 75.00038148119678 
96.99990844447157 75.00038148119678 
96.99990844447157 76.00077822181768 
96.99990844447157 76.00077822181768 
96.99990844447157 76.00077822181768 
96.99990844447157 76.00077822181768 
96.99990844447157 76.00077822181768 
96.99990844447157 76.00077822181768 
96.0 77.000335703428 
96.0 77.000335703428 
96.0 77.000335703428 
96.0 77.000335703428 
96.0 77.000335703428 
96.0 77.000335703428 
96.0 77.000335703428 
96.0 77.000335703428 
96.0 76.00077822181768 
96.0 75.00038148119678 
96.0 75.00038148119678 
96.0 74.00082399958647 
96.0 74.00082399958647 
96.0 74.00082399958647 
96.99990844447157 73.00042725896557 
96.99990844447157 72.00003051834467 
96.99990844447157 72.00003051834467 
96.99990844447157 71.00047303673436 
96.99990844447157 71.00047303673436 
96.99990844447157 71.00047303673436 
96.99990844447157 71.00047303673436 
96.99990844447157 72.00003051834467 
96.99990844447157 72.00003051834467 
96.99990844447157 72.00003051834467 
96.99990844447157 73.00042725896557 
96.99990844447157 73.00042725896557 
96.99990844447157 73.00042725896557 
96.99990844447157 73.00042725896557 
96.0 74.00082399958647 
96.0 74.00082399958647 
96.0 76.00077822181768 
96.0 76.00077822181768 
96.0 76.00077822181768 
96.0 77.000335703428 
96.0 77.000335703428 
96.0 77.000335703428 
96.0 78.00073244404888 
96.0 78.00073244404888 
96.0 79.00028992565919 
96.0 79.00028992565919 
96.0 80.00068666628009 
96.0 80.00068666628009 
96.0 79.00028992565919 
96.0 79.00028992565919 
96.0 78.00073244404888 
96.0 77.000335703428 
96.0 77.000335703428 
96.0 77.000335703428 
97.99993896298105 79.00028992565919 
96.99990844447157 80.00068666628009 
96.99990844447157 85.00015259235282 
96.99990844447157 85.00015259235282 
96.99990844447157 85.00015259235282 
96.99990844447157 85.00015259235282 
96.99990844447157 85.00015259235282 
96.99990844447157 85.00015259235282 
96.99990844447157 87.00010681458403 
96.99990844447157 87.00010681458403 
96.99990844447157 87.00010681458403 
96.99990844447157 87.00010681458403 
96.99990844447157 87.00010681458403 
96.99990844447157 87.00010681458403 
96.99990844447157 89.99961851842555 
96.99990844447157 89.99961851842555 
96.99990844447157 95.99948118511917 
96.99990844447157 97.99943540735038 
96.99990844447157 97.99943540735038 
97.99993896298105 99.99938962958159 
97.99993896298105 99.99938962958159 
97.99993896298105 98.99983214797128 
97.99993896298105 96.99987792574007 
97.99993896298105 95.99948118511917 
97.99993896298105 94.99992370350886 
97.99993896298105 94.99992370350886 
97.99993896298105 93.99952696288797 
97.99993896298105 92.99996948127766 
97.99993896298105 91.99957274065676 
97.99993896298105 90.99917600003586 
97.99993896298105 89.00006103681524 
97.99993896298105 88.00050355520493 
97.99993896298105 87.00010681458403 
98.99996948149052 87.00010681458403 
98.99996948149052 89.00006103681524 
98.99996948149052 89.99961851842555 
97.99993896298105 92.99996948127766 
97.99993896298105 94.99992370350886 
97.99993896298105 94.99992370350886 
97.99993896298105 92.99996948127766 
97.99993896298105 92.99996948127766 
97.99993896298105 92.99996948127766 
97.99993896298105 91.99957274065676 
97.99993896298105 91.99957274065676 
97.99993896298105 91.99957274065676 
97.99993896298105 91.99957274065676 
97.99993896298105 95.99948118511917 
98.99996948149052 97.99943540735038 
97.99993896298105 97.99943540735038 
97.99993896298105 95.99948118511917 
97.99993896298105 91.99957274065676 
97.99993896298105 89.99961851842555 
98.99996948149052 88.00050355520493 
97.99993896298105 88.00050355520493 
97.99993896298105 88.00050355520493 
97.99993896298105 88.00050355520493 
98.99996948149052 88.00050355520493 
98.99996948149052 89.00006103681524 
98.99996948149052 89.00006103681524 
98.99996948149052 89.00006103681524 
98.99996948149052 89.00006103681524 
98.99996948149052 89.00006103681524 
100.0 88.00050355520493 
98.99996948149052 85.00015259235282 
98.99996948149052 84.00059511074251 
98.99996948149052 83.00019837012161 
98.99996948149052 84.00059511074251 
98.99996948149052 86.00054933297372 
98.99996948149052 88.00050355520493 
98.99996948149052 88.00050355520493 
98.99996948149052 87.00010681458403 
98.99996948149052 86.00054933297372 
98.99996948149052 85.00015259235282 
98.99996948149052 84.00059511074251 
98.99996948149052 83.00019837012161 
98.99996948149052 84.00059511074251 
98.99996948149052 84.00059511074251 
98.99996948149052 85.00015259235282 
98.99996948149052 86.00054933297372 
98.99996948149052 86.00054933297372 
98.99996948149052 86.00054933297372 
98.99996948149052 86.00054933297372 
98.99996948149052 87.00010681458403 
98.99996948149052 87.00010681458403 
98.99996948149052 87.00010681458403 
98.99996948149052 87.00010681458403 
98.99996948149052 87.00010681458403 
98.99996948149052 87.00010681458403 
98.99996948149052 87.00010681458403 
98.99996948149052 87.00010681458403 
97.99993896298105 87.00010681458403 
97.99993896298105 87.00010681458403 
97.99993896298105 87.00010681458403 
97.99993896298105 87.00010681458403 
97.99993896298105 87.00010681458403 
97.99993896298105 87.00010681458403 
97.99993896298105 87.00010681458403 
97.99993896298105 87.00010681458403 
97.99993896298105 87.00010681458403 
97.99993896298105 87.00010681458403 
97.99993896298105 87.00010681458403 
97.99993896298105 87.00010681458403 
97.99993896298105 87.00010681458403 
97.99993896298105 87.00010681458403 
97.99993896298105 87.00010681458403 
98.99996948149052 87.00010681458403 
97.99993896298105 87.00010681458403 
97.99993896298105 87.00010681458403 
97.99993896298105 87.00010681458403 
97.99993896298105 87.00010681458403 
97.99993896298105 87.00010681458403 
96.99990844447157 87.00010681458403 
96.99990844447157 87.00010681458403 
96.99990844447157 87.00010681458403 
96.99990844447157 87.00010681458403 
96.99990844447157 87.00010681458403 
96.99990844447157 87.00010681458403 
97.99993896298105 88.00050355520493 
97.99993896298105 87.00010681458403 
97.99993896298105 87.00010681458403 
97.99993896298105 85.00015259235282 
98.99996948149052 83.00019837012161 
98.99996948149052 82.0006408885113 
98.99996948149052 82.0006408885113 
98.99996948149052 81.0002441478904 
98.99996948149052 80.00068666628009 
98.99996948149052 80.00068666628009 
98.99996948149052 80.00068666628009 
98.99996948149052 80.00068666628009 
98.99996948149052 80.00068666628009 
98.99996948149052 80.00068666628009 
98.99996948149052 80.00068666628009 
98.99996948149052 79.00028992565919 
98.99996948149052 78.00073244404888 
98.99996948149052 78.00073244404888 
98.99996948149052 80.00068666628009 
98.99996948149052 82.0006408885113 
98.99996948149052 82.0006408885113 
98.99996948149052 82.0006408885113 
98.99996948149052 82.0006408885113 
98.99996948149052 82.0006408885113 
98.99996948149052 82.0006408885113 
98.99996948149052 82.0006408885113 
98.99996948149052 82.0006408885113 
98.99996948149052 82.0006408885113 
98.99996948149052 82.0006408885113 
98.99996948149052 83.00019837012161 
97.99993896298105 82.0006408885113 
97.99993896298105 82.0006408885113 
97.99993896298105 82.0006408885113 
97.99993896298105 82.0006408885113 
97.99993896298105 82.0006408885113 
97.99993896298105 82.0006408885113 
97.99993896298105 82.0006408885113 
97.99993896298105 82.0006408885113 
97.99993896298105 82.0006408885113 
97.99993896298105 82.0006408885113 
97.99993896298105 82.0006408885113 
97.99993896298105 82.0006408885113 
97.99993896298105 82.0006408885113 
97.99993896298105 82.0006408885113 
97.99993896298105 82.0006408885113 
97.99993896298105 82.0006408885113 
97.99993896298105 82.0006408885113 
97.99993896298105 82.0006408885113 
97.99993896298105 82.0006408885113 
97.99993896298105 82.0006408885113 
97.99993896298105 82.0006408885113 
97.99993896298105 82.0006408885113 
97.99993896298105 81.0002441478904 
97.99993896298105 81.0002441478904 
97.99993896298105 81.0002441478904 
96.99990844447157 81.0002441478904 
96.0 81.0002441478904 
95.00009155552843 81.0002441478904 
95.00009155552843 81.0002441478904 
95.00009155552843 81.0002441478904 
95.00009155552843 81.0002441478904 
95.00009155552843 81.0002441478904 
95.00009155552843 81.0002441478904 
94.00006103701895 81.0002441478904 
97.99993896298105 82.0006408885113 
97.99993896298105 82.0006408885113 
97.99993896298105 84.00059511074251 
97.99993896298105 84.00059511074251 
97.99993896298105 84.00059511074251 
97.99993896298105 85.00015259235282 
97.99993896298105 85.00015259235282 
97.99993896298105 85.00015259235282 
97.99993896298105 85.00015259235282 
97.99993896298105 85.00015259235282 
97.99993896298105 85.00015259235282 
97.99993896298105 85.00015259235282 
97.99993896298105 85.00015259235282 
97.99993896298105 85.00015259235282 
97.99993896298105 85.00015259235282 
97.99993896298105 86.00054933297372 
97.99993896298105 86.00054933297372 
97.99993896298105 86.00054933297372 
96.99990844447157 86.00054933297372 
96.99990844447157 86.00054933297372 
96.99990844447157 86.00054933297372 
96.99990844447157 86.00054933297372 
96.99990844447157 86.00054933297372 
96.99990844447157 86.00054933297372 
96.99990844447157 86.00054933297372 
96.99990844447157 86.00054933297372 
96.99990844447157 86.00054933297372 
96.99990844447157 86.00054933297372 
96.99990844447157 86.00054933297372 
96.99990844447157 86.00054933297372 
96.99990844447157 86.00054933297372 
96.99990844447157 86.00054933297372 
96.99990844447157 86.00054933297372 
95.00009155552843 86.00054933297372 
95.00009155552843 86.00054933297372 
95.00009155552843 86.00054933297372 
95.00009155552843 86.00054933297372 
95.00009155552843 86.00054933297372 
95.00009155552843 86.00054933297372 
95.00009155552843 86.00054933297372 
95.00009155552843 86.00054933297372 
95.00009155552843 86.00054933297372 
95.00009155552843 86.00054933297372 
96.0 85.00015259235282 
97.99993896298105 84.00059511074251 
97.99993896298105 84.00059511074251 
96.99990844447157 83.00019837012161 
97.99993896298105 83.00019837012161 
97.99993896298105 82.0006408885113 
97.99993896298105 82.0006408885113 
97.99993896298105 82.0006408885113 
97.99993896298105 82.0006408885113 
97.99993896298105 81.0002441478904 
97.99993896298105 82.0006408885113 
97.99993896298105 82.0006408885113 
97.99993896298105 82.0006408885113 
97.99993896298105 82.0006408885113 
97.99993896298105 82.0006408885113 
97.99993896298105 82.0006408885113 
97.99993896298105 82.0006408885113 
96.99990844447157 82.0006408885113 
96.99990844447157 82.0006408885113 
96.99990844447157 82.0006408885113 
96.99990844447157 82.0006408885113 
96.99990844447157 82.0006408885113 
96.99990844447157 82.0006408885113 
96.99990844447157 82.0006408885113 
96.99990844447157 83.00019837012161 
96.99990844447157 85.00015259235282 
97.99993896298105 85.00015259235282 
97.99993896298105 85.00015259235282 
97.99993896298105 85.00015259235282 
97.99993896298105 86.00054933297372 
97.99993896298105 87.00010681458403 
97.99993896298105 87.00010681458403 
97.99993896298105 87.00010681458403 
97.99993896298105 87.00010681458403 
97.99993896298105 88.00050355520493 
98.99996948149052 88.00050355520493 
97.99993896298105 88.00050355520493 
97.99993896298105 88.00050355520493 
97.99993896298105 88.00050355520493 
97.99993896298105 88.00050355520493 
97.99993896298105 88.00050355520493 
97.99993896298105 88.00050355520493 
97.99993896298105 88.00050355520493 
96.0 88.00050355520493 
97.99993896298105 88.00050355520493 
96.99990844447157 88.00050355520493 
96.99990844447157 88.00050355520493 
96.99990844447157 88.00050355520493 
96.99990844447157 88.00050355520493 
96.99990844447157 88.00050355520493 
96.99990844447157 88.00050355520493 
96.99990844447157 88.00050355520493 
96.99990844447157 88.00050355520493 
96.99990844447157 88.00050355520493 
96.0 88.00050355520493 
95.00009155552843 88.00050355520493 
95.00009155552843 88.00050355520493 
95.00009155552843 88.00050355520493 
95.00009155552843 88.00050355520493 
95.00009155552843 88.00050355520493 
95.00009155552843 88.00050355520493 
95.00009155552843 88.00050355520493 
95.00009155552843 88.00050355520493 
95.00009155552843 88.00050355520493 
95.00009155552843 88.00050355520493 
96.0 88.00050355520493 
96.0 88.00050355520493 
96.99990844447157 88.00050355520493 
96.99990844447157 88.00050355520493 
96.99990844447157 88.00050355520493 
96.99990844447157 88.00050355520493 
96.99990844447157 88.00050355520493 
96.0 88.00050355520493 
95.00009155552843 88.00050355520493 
95.00009155552843 88.00050355520493 
96.99990844447157 87.00010681458403 
96.99990844447157 87.00010681458403 
96.99990844447157 87.00010681458403 
96.99990844447157 87.00010681458403 
96.99990844447157 87.00010681458403 
96.99990844447157 87.00010681458403 
98.99996948149052 86.00054933297372 
98.99996948149052 86.00054933297372 
98.99996948149052 85.00015259235282 
98.99996948149052 85.00015259235282 
98.99996948149052 85.00015259235282 
98.99996948149052 85.00015259235282 
98.99996948149052 84.00059511074251 
98.99996948149052 83.00019837012161 
100.0 83.00019837012161 
98.99996948149052 83.00019837012161 
98.99996948149052 83.00019837012161 
98.99996948149052 81.0002441478904 
97.99993896298105 81.0002441478904 
98.99996948149052 81.0002441478904 
98.99996948149052 81.0002441478904 
98.99996948149052 81.0002441478904 
98.99996948149052 81.0002441478904 
98.99996948149052 81.0002441478904 
98.99996948149052 81.0002441478904 
98.99996948149052 81.0002441478904 
98.99996948149052 81.0002441478904 
98.99996948149052 82.0006408885113 
98.99996948149052 82.0006408885113 
98.99996948149052 82.0006408885113 
98.99996948149052 82.0006408885113 
98.99996948149052 82.0006408885113 
98.99996948149052 82.0006408885113 
98.99996948149052 82.0006408885113 
98.99996948149052 82.0006408885113 
98.99996948149052 82.0006408885113 
98.99996948149052 83.00019837012161 
98.99996948149052 83.00019837012161 
98.99996948149052 83.00019837012161 
98.99996948149052 84.00059511074251 
98.99996948149052 84.00059511074251 
98.99996948149052 84.00059511074251 
98.99996948149052 84.00059511074251 
98.99996948149052 84.00059511074251 
98.99996948149052 82.0006408885113 
98.99996948149052 82.0006408885113 
98.99996948149052 82.0006408885113 
98.99996948149052 82.0006408885113 
98.99996948149052 81.0002441478904 
98.99996948149052 80.00068666628009 
98.99996948149052 81.0002441478904 
98.99996948149052 81.0002441478904 
98.99996948149052 81.0002441478904 
98.99996948149052 81.0002441478904 
98.99996948149052 81.0002441478904 
98.99996948149052 82.0006408885113 
97.99993896298105 82.0006408885113 
98.99996948149052 83.00019837012161 
98.99996948149052 83.00019837012161 
98.99996948149052 83.00019837012161 
98.99996948149052 83.00019837012161 
98.99996948149052 83.00019837012161 
98.99996948149052 83.00019837012161 
98.99996948149052 83.00019837012161 
98.99996948149052 83.00019837012161 
98.99996948149052 83.00019837012161 
98.99996948149052 83.00019837012161 
98.99996948149052 84.00059511074251 
98.99996948149052 84.00059511074251 
97.99993896298105 83.00019837012161 
98.99996948149052 83.00019837012161 
98.99996948149052 83.00019837012161 
98.99996948149052 82.0006408885113 
98.99996948149052 82.0006408885113 
98.99996948149052 82.0006408885113 
98.99996948149052 85.00015259235282 
98.99996948149052 85.00015259235282 
98.99996948149052 85.00015259235282 
98.99996948149052 84.00059511074251 
98.99996948149052 84.00059511074251 
98.99996948149052 84.00059511074251 
98.99996948149052 84.00059511074251 
98.99996948149052 84.00059511074251 
98.99996948149052 84.00059511074251 
98.99996948149052 85.00015259235282 
98.99996948149052 87.00010681458403 
98.99996948149052 87.00010681458403 
98.99996948149052 87.00010681458403 
98.99996948149052 87.00010681458403 
98.99996948149052 87.00010681458403 
98.99996948149052 87.00010681458403 
98.99996948149052 88.00050355520493 
98.99996948149052 88.00050355520493 
98.99996948149052 88.00050355520493 
97.99993896298105 88.00050355520493 
97.99993896298105 87.00010681458403 
97.99993896298105 87.00010681458403 
96.99990844447157 101.9993438518128 
97.99993896298105 101.9993438518128 
97.99993896298105 102.9997405924337 
97.99993896298105 101.9993438518128 
97.99993896298105 96.99987792574007 
97.99993896298105 93.99952696288797 
97.99993896298105 89.99961851842555 
97.99993896298105 89.00006103681524 
97.99993896298105 88.00050355520493 
97.99993896298105 87.00010681458403 
97.99993896298105 87.00010681458403 
97.99993896298105 86.00054933297372 
97.99993896298105 84.00059511074251 
97.99993896298105 82.0006408885113 
97.99993896298105 82.0006408885113 
97.99993896298105 80.00068666628009 
97.99993896298105 80.00068666628009 
97.99993896298105 81.0002441478904 
97.99993896298105 81.0002441478904 
97.99993896298105 82.0006408885113 
96.99990844447157 82.0006408885113 
96.99990844447157 82.0006408885113 
96.99990844447157 82.0006408885113 
96.99990844447157 80.00068666628009 
96.99990844447157 79.00028992565919 
96.99990844447157 79.00028992565919 
96.99990844447157 79.00028992565919 
96.99990844447157 79.00028992565919 
96.99990844447157 79.00028992565919 
96.99990844447157 80.00068666628009 
96.99990844447157 80.00068666628009 
96.0 81.0002441478904 
96.0 80.00068666628009 
96.0 79.00028992565919 
96.0 76.00077822181768 
96.0 75.00038148119678 
96.0 75.00038148119678 
96.0 75.00038148119678 
96.0 76.00077822181768 
96.0 78.00073244404888 
96.0 79.00028992565919 
96.0 79.00028992565919 
96.0 79.00028992565919 
96.0 78.00073244404888 
96.0 77.000335703428 
96.0 77.000335703428 
96.0 80.00068666628009 
96.0 80.00068666628009 
96.0 80.00068666628009 
96.0 80.00068666628009 
96.0 80.00068666628009 
96.0 80.00068666628009 
96.0 80.00068666628009 
96.0 79.00028992565919 
96.0 78.00073244404888 
96.0 78.00073244404888 
96.0 77.000335703428 
95.00009155552843 77.000335703428 
95.00009155552843 77.000335703428 
95.00009155552843 77.000335703428 
95.00009155552843 77.000335703428 
95.00009155552843 77.000335703428 
95.00009155552843 77.000335703428 
95.00009155552843 77.000335703428 
95.00009155552843 76.00077822181768 
94.00006103701895 76.00077822181768 
94.00006103701895 76.00077822181768 
94.00006103701895 76.00077822181768 
94.00006103701895 76.00077822181768 
94.00006103701895 77.000335703428 
94.00006103701895 76.00077822181768 
94.00006103701895 75.00038148119678 
94.00006103701895 74.00082399958647 
95.00009155552843 73.00042725896557 
95.00009155552843 73.00042725896557 
95.00009155552843 72.00003051834467 
95.00009155552843 72.00003051834467 
95.00009155552843 72.00003051834467 
95.00009155552843 72.00003051834467 
95.00009155552843 72.00003051834467 
95.00009155552843 72.00003051834467 
95.00009155552843 72.00003051834467 
95.00009155552843 73.00042725896557 
95.00009155552843 73.00042725896557 
95.00009155552843 73.00042725896557 
95.00009155552843 73.00042725896557 
95.00009155552843 72.00003051834467 
95.00009155552843 71.00047303673436 
95.00009155552843 71.00047303673436 
95.00009155552843 71.00047303673436 
95.00009155552843 71.00047303673436 
95.00009155552843 72.00003051834467 
95.00009155552843 72.00003051834467 
95.00009155552843 72.00003051834467 
95.00009155552843 72.00003051834467 
95.00009155552843 72.00003051834467 
95.00009155552843 72.00003051834467 
95.00009155552843 72.00003051834467 
95.00009155552843 72.00003051834467 
95.00009155552843 73.00042725896557 
95.00009155552843 73.00042725896557 
95.00009155552843 73.00042725896557 
95.00009155552843 73.00042725896557 
95.00009155552843 73.00042725896557 
95.00009155552843 73.00042725896557 
95.00009155552843 73.00042725896557 
95.00009155552843 74.00082399958647 
95.00009155552843 74.00082399958647 
95.00009155552843 74.00082399958647 
95.00009155552843 74.00082399958647 
95.00009155552843 74.00082399958647 
95.00009155552843 74.00082399958647 
95.00009155552843 74.00082399958647 
95.00009155552843 75.00038148119678 
95.00009155552843 75.00038148119678 
95.00009155552843 78.00073244404888 
95.00009155552843 80.00068666628009 
95.00009155552843 80.00068666628009 
95.00009155552843 82.0006408885113 
95.00009155552843 80.00068666628009 
96.0 79.00028992565919 
96.0 77.000335703428 
96.0 77.000335703428 
95.00009155552843 76.00077822181768 
95.00009155552843 76.00077822181768 
95.00009155552843 75.00038148119678 
95.00009155552843 75.00038148119678 
95.00009155552843 75.00038148119678 
95.00009155552843 74.00082399958647 
95.00009155552843 72.00003051834467 
95.00009155552843 71.00047303673436 
95.00009155552843 71.00047303673436 
95.00009155552843 72.00003051834467 
95.00009155552843 72.00003051834467 
95.00009155552843 72.00003051834467 
95.00009155552843 72.00003051834467 
95.00009155552843 73.00042725896557 
95.00009155552843 73.00042725896557 
95.00009155552843 73.00042725896557 
95.00009155552843 73.00042725896557 
95.00009155552843 73.00042725896557 
95.00009155552843 73.00042725896557 
95.00009155552843 73.00042725896557 
95.00009155552843 73.00042725896557 
95.00009155552843 73.00042725896557 
95.00009155552843 73.00042725896557 
95.00009155552843 73.00042725896557 
95.00009155552843 72.00003051834467 
95.00009155552843 73.00042725896557 
95.00009155552843 72.00003051834467 
95.00009155552843 72.00003051834467 
95.00009155552843 72.00003051834467 
95.00009155552843 72.00003051834467 
95.00009155552843 72.00003051834467 
95.00009155552843 72.00003051834467 
95.00009155552843 71.00047303673436 
95.00009155552843 71.00047303673436 
95.00009155552843 70.00007629611346 
95.00009155552843 70.00007629611346 
95.00009155552843 70.00007629611346 
95.00009155552843 70.00007629611346 
95.00009155552843 71.00047303673436 
95.00009155552843 72.00003051834467 
95.00009155552843 72.00003051834467 
95.00009155552843 73.00042725896557 
95.00009155552843 73.00042725896557 
95.00009155552843 73.00042725896557 
95.00009155552843 73.00042725896557 
95.00009155552843 72.00003051834467 
95.00009155552843 72.00003051834467 
95.00009155552843 72.00003051834467 
95.00009155552843 74.00082399958647 
95.00009155552843 75.00038148119678 
95.00009155552843 75.00038148119678 
95.00009155552843 76.00077822181768 
95.00009155552843 76.00077822181768 
95.00009155552843 75.00038148119678 
95.00009155552843 75.00038148119678 
95.00009155552843 75.00038148119678 
95.00009155552843 74.00082399958647 
95.00009155552843 74.00082399958647 
95.00009155552843 74.00082399958647 
95.00009155552843 74.00082399958647 
95.00009155552843 74.00082399958647 
95.00009155552843 74.00082399958647 
95.00009155552843 74.00082399958647 
95.00009155552843 74.00082399958647 
95.00009155552843 74.00082399958647 
95.00009155552843 74.00082399958647 
95.00009155552843 73.00042725896557 
95.00009155552843 72.00003051834467 
95.00009155552843 72.00003051834467 
95.00009155552843 72.00003051834467 
95.00009155552843 72.00003051834467 
95.00009155552843 73.00042725896557 
95.00009155552843 73.00042725896557 
95.00009155552843 73.00042725896557 
95.00009155552843 73.00042725896557 
95.00009155552843 72.00003051834467 
95.00009155552843 72.00003051834467 
95.00009155552843 72.00003051834467 
95.00009155552843 72.00003051834467 
95.00009155552843 72.00003051834467 
95.00009155552843 73.00042725896557 
95.00009155552843 73.00042725896557 
95.00009155552843 73.00042725896557 
95.00009155552843 73.00042725896557 
95.00009155552843 73.00042725896557 
95.00009155552843 72.00003051834467 
95.00009155552843 72.00003051834467 
95.00009155552843 72.00003051834467 
95.00009155552843 72.00003051834467 
95.00009155552843 73.00042725896557 
95.00009155552843 74.00082399958647 
95.00009155552843 74.00082399958647 
95.00009155552843 74.00082399958647 
95.00009155552843 74.00082399958647 
95.00009155552843 74.00082399958647 
95.00009155552843 73.00042725896557 
95.00009155552843 73.00042725896557 
95.00009155552843 73.00042725896557 
95.00009155552843 74.00082399958647 
95.00009155552843 74.00082399958647 
95.00009155552843 74.00082399958647 
96.0 75.00038148119678 
95.00009155552843 75.00038148119678 
95.00009155552843 75.00038148119678 
95.00009155552843 75.00038148119678 
95.00009155552843 75.00038148119678 
95.00009155552843 74.00082399958647 
95.00009155552843 74.00082399958647 
95.00009155552843 74.00082399958647 
95.00009155552843 74.00082399958647 
96.0 74.00082399958647 
96.0 74.00082399958647 
96.0 73.00042725896557 
96.0 73.00042725896557 
96.0 73.00042725896557 
96.0 72.00003051834467 
96.0 72.00003051834467 
96.0 72.00003051834467 
96.0 73.00042725896557 
96.0 72.00003051834467 
96.0 72.00003051834467 
96.0 72.00003051834467 
96.0 71.00047303673436 
96.0 71.00047303673436 
96.0 71.00047303673436 
96.0 71.00047303673436 
96.0 71.00047303673436 
95.00009155552843 71.00047303673436 
95.00009155552843 71.00047303673436 
95.00009155552843 70.00007629611346 
95.00009155552843 70.00007629611346 
95.00009155552843 70.00007629611346 
95.00009155552843 69.00051881450315 
95.00009155552843 69.00051881450315 
95.00009155552843 69.00051881450315 
95.00009155552843 68.00012207388225 
95.00009155552843 69.00051881450315 
95.00009155552843 69.00051881450315 
95.00009155552843 70.00007629611346 
95.00009155552843 70.00007629611346 
95.00009155552843 70.00007629611346 
95.00009155552843 69.00051881450315 
95.00009155552843 69.00051881450315 
95.00009155552843 69.00051881450315 
95.00009155552843 70.00007629611346 
95.00009155552843 71.00047303673436 
95.00009155552843 71.00047303673436 
95.00009155552843 71.00047303673436 
95.00009155552843 71.00047303673436 
95.00009155552843 71.00047303673436 
95.00009155552843 71.00047303673436 
95.00009155552843 70.00007629611346 
95.00009155552843 70.00007629611346 
95.00009155552843 70.00007629611346 
95.00009155552843 70.00007629611346 
95.00009155552843 70.00007629611346 
95.00009155552843 70.00007629611346 
95.00009155552843 70.00007629611346 
96.0 70.00007629611346 
96.0 70.00007629611346 
96.0 70.00007629611346 
96.0 70.00007629611346 
96.0 71.00047303673436 
96.0 71.00047303673436 
96.0 71.00047303673436 
96.0 71.00047303673436 
96.0 71.00047303673436 
96.0 71.00047303673436 
96.0 71.00047303673436 
96.0 71.00047303673436 
96.0 72.00003051834467 
96.0 73.00042725896557 
96.0 75.00038148119678 
96.0 75.00038148119678 
96.0 75.00038148119678 
96.0 78.00073244404888 
96.0 78.00073244404888 
96.0 79.00028992565919 
96.0 73.00042725896557 
96.0 73.00042725896557 
96.0 74.00082399958647 
96.0 74.00082399958647 
96.0 74.00082399958647 
96.99990844447157 75.00038148119678 
96.99990844447157 75.00038148119678 
96.99990844447157 75.00038148119678 
96.99990844447157 75.00038148119678 
96.0 75.00038148119678 
96.0 75.00038148119678 
96.0 75.00038148119678 
96.0 75.00038148119678 
96.0 75.00038148119678 
96.0 75.00038148119678 
96.0 75.00038148119678 
96.0 75.00038148119678 
96.0 77.000335703428 
96.0 77.000335703428 
96.0 83.00019837012161 
96.0 83.00019837012161 
96.0 85.00015259235282 
96.0 87.00010681458403 
96.0 87.00010681458403 
96.0 87.00010681458403 
96.0 87.00010681458403 
96.0 87.00010681458403 
96.0 88.00050355520493 
96.99990844447157 89.99961851842555 
96.99990844447157 89.00006103681524 
96.99990844447157 88.00050355520493 
96.99990844447157 88.00050355520493 
96.99990844447157 88.00050355520493 
96.99990844447157 88.00050355520493 
97.99993896298105 87.00010681458403 
97.99993896298105 87.00010681458403 
97.99993896298105 85.00015259235282 
97.99993896298105 85.00015259235282 
96.99990844447157 81.0002441478904 
96.99990844447157 80.00068666628009 
96.99990844447157 79.00028992565919 
96.99990844447157 79.00028992565919 
96.99990844447157 79.00028992565919 
96.99990844447157 79.00028992565919 
96.99990844447157 79.00028992565919 
96.99990844447157 79.00028992565919 
96.99990844447157 78.00073244404888 
96.99990844447157 78.00073244404888 
96.0 77.000335703428 
96.0 76.00077822181768 
96.0 76.00077822181768 
96.0 76.00077822181768 
96.0 76.00077822181768 
96.0 74.00082399958647 
96.0 73.00042725896557 
96.0 72.00003051834467 
96.0 71.00047303673436 
96.0 71.00047303673436 
96.0 70.00007629611346 
96.0 70.00007629611346 
96.0 70.00007629611346 
96.0 69.00051881450315 
96.0 69.00051881450315 
96.0 69.00051881450315 
96.0 69.00051881450315 
96.0 69.00051881450315 
96.0 70.00007629611346 
96.0 72.00003051834467 
96.0 74.00082399958647 
96.0 74.00082399958647 
96.0 76.00077822181768 
96.0 76.00077822181768 
96.0 77.000335703428 
96.0 75.00038148119678 
96.0 74.00082399958647 
96.0 73.00042725896557 
96.0 73.00042725896557 
96.0 72.00003051834467 
96.0 72.00003051834467 
95.00009155552843 71.00047303673436 
95.00009155552843 71.00047303673436 
95.00009155552843 71.00047303673436 
95.00009155552843 70.00007629611346 
95.00009155552843 70.00007629611346 
95.00009155552843 70.00007629611346 
95.00009155552843 69.00051881450315 
95.00009155552843 69.00051881450315 
95.00009155552843 70.00007629611346 
95.00009155552843 71.00047303673436 
95.00009155552843 71.00047303673436 
95.00009155552843 72.00003051834467 
95.00009155552843 72.00003051834467 
96.0 72.00003051834467 
96.0 72.00003051834467 
96.0 72.00003051834467 
96.0 73.00042725896557 
96.0 75.00038148119678 
96.0 75.00038148119678 
96.0 74.00082399958647 
96.0 73.00042725896557 
96.0 72.00003051834467 
96.0 70.00007629611346 
96.0 69.00051881450315 
96.0 68.00012207388225 
96.0 67.00056459227194 
95.00009155552843 67.00056459227194 
95.00009155552843 66.00016785165104 
95.00009155552843 66.00016785165104 
95.00009155552843 66.00016785165104 
95.00009155552843 65.00061037004073 
95.00009155552843 65.00061037004073 
96.0 65.00061037004073 
96.0 65.00061037004073 
96.0 64.00021362941985 
96.0 64.00021362941985 
96.0 65.00061037004073 
96.0 65.00061037004073 
96.0 66.00016785165104 
96.0 66.00016785165104 
96.0 67.00056459227194 
96.0 66.00016785165104 
96.0 65.00061037004073 
96.0 65.00061037004073 
96.0 65.00061037004073 
96.0 65.00061037004073 
96.0 65.00061037004073 
96.0 65.00061037004073 
96.0 66.00016785165104 
96.0 66.00016785165104 
96.0 65.00061037004073 
96.0 65.00061037004073 
96.0 65.00061037004073 
96.0 65.00061037004073 
95.00009155552843 65.00061037004073 
95.00009155552843 66.00016785165104 
95.00009155552843 66.00016785165104 
95.00009155552843 66.00016785165104 
95.00009155552843 65.00061037004073 
95.00009155552843 65.00061037004073 
95.00009155552843 65.00061037004073 
95.00009155552843 64.00021362941985 
95.00009155552843 64.00021362941985 
95.00009155552843 64.00021362941985 
95.00009155552843 64.00021362941985 
95.00009155552843 64.00021362941985 
95.00009155552843 64.00021362941985 
96.0 63.00065614780953 
96.0 63.00065614780953 
96.0 63.00065614780953 
96.0 63.00065614780953 
96.0 63.00065614780953 
96.0 63.00065614780953 
96.0 63.00065614780953 
96.0 64.00021362941985 
96.0 65.00061037004073 
96.0 67.00056459227194 
96.0 67.00056459227194 
96.0 67.00056459227194 
96.0 67.00056459227194 
96.0 68.00012207388225 
96.0 67.00056459227194 
96.0 66.00016785165104 
96.0 65.00061037004073 
96.0 64.00021362941985 
96.0 64.00021362941985 
96.0 65.00061037004073 
96.0 66.00016785165104 
96.0 66.00016785165104 
96.0 66.00016785165104 
96.0 67.00056459227194 
96.0 68.00012207388225 
96.0 67.00056459227194 
96.0 67.00056459227194 
96.0 67.00056459227194 
96.0 67.00056459227194 
96.0 67.00056459227194 
96.0 67.00056459227194 
96.0 67.00056459227194 
96.0 67.00056459227194 
96.0 68.00012207388225 
96.0 68.00012207388225 
96.0 68.00012207388225 
96.0 68.00012207388225 
96.0 68.00012207388225 
96.0 68.00012207388225 
96.0 68.00012207388225 
96.0 68.00012207388225 
96.0 68.00012207388225 
96.0 68.00012207388225 
96.0 68.00012207388225 
96.99990844447157 68.00012207388225 
96.99990844447157 68.00012207388225 
96.99990844447157 68.00012207388225 
96.99990844447157 67.00056459227194 
96.99990844447157 67.00056459227194 
96.99990844447157 67.00056459227194 
96.99990844447157 66.00016785165104 
96.99990844447157 66.00016785165104 
96.99990844447157 66.00016785165104 
96.99990844447157 66.00016785165104 
96.99990844447157 67.00056459227194 
96.99990844447157 68.00012207388225 
96.99990844447157 69.00051881450315 
96.99990844447157 69.00051881450315 
96.99990844447157 69.00051881450315 
96.99990844447157 69.00051881450315 
96.99990844447157 69.00051881450315 
96.99990844447157 70.00007629611346 
96.99990844447157 70.00007629611346 
96.99990844447157 70.00007629611346 
96.99990844447157 70.00007629611346 
96.99990844447157 71.00047303673436 
96.99990844447157 71.00047303673436 
96.99990844447157 72.00003051834467 
96.99990844447157 71.00047303673436 
96.99990844447157 71.00047303673436 
96.99990844447157 70.00007629611346 
96.99990844447157 70.00007629611346 
96.99990844447157 70.00007629611346 
96.99990844447157 69.00051881450315 
96.99990844447157 69.00051881450315 
96.99990844447157 69.00051881450315 
96.99990844447157 69.00051881450315 
96.99990844447157 69.00051881450315 
96.99990844447157 69.00051881450315 
96.99990844447157 69.00051881450315 
96.99990844447157 68.00012207388225 
96.99990844447157 67.00056459227194 
96.99990844447157 66.00016785165104 
96.99990844447157 66.00016785165104 
96.99990844447157 65.00061037004073 
96.99990844447157 65.00061037004073 
96.99990844447157 65.00061037004073 
96.99990844447157 64.00021362941985 
96.99990844447157 64.00021362941985 
96.99990844447157 63.00065614780953 
96.99990844447157 63.00065614780953 
96.99990844447157 63.00065614780953 
96.99990844447157 64.00021362941985 
96.99990844447157 64.00021362941985 
96.99990844447157 65.00061037004073 
96.0 65.00061037004073 
96.0 66.00016785165104 
96.0 66.00016785165104 
96.0 66.00016785165104 
96.0 66.00016785165104 
96.0 66.00016785165104 
96.0 66.00016785165104 
96.0 66.00016785165104 
96.0 66.00016785165104 
96.0 66.00016785165104 
96.0 66.00016785165104 
96.0 66.00016785165104 
96.0 65.00061037004073 
96.0 66.00016785165104 
96.0 66.00016785165104 
96.0 67.00056459227194 
96.0 67.00056459227194 
96.0 66.00016785165104 
96.0 65.00061037004073 
96.0 64.00021362941985 
96.0 63.00065614780953 
96.0 63.00065614780953 
96.0 64.00021362941985 
96.0 66.00016785165104 
96.0 66.00016785165104 
96.0 66.00016785165104 
96.0 66.00016785165104 
96.0 66.00016785165104 
96.0 65.00061037004073 
96.0 65.00061037004073 
96.0 64.00021362941985 
96.0 64.00021362941985 
96.0 64.00021362941985 
95.00009155552843 64.00021362941985 
95.00009155552843 63.00065614780953 
95.00009155552843 63.00065614780953 
95.00009155552843 63.00065614780953 
95.00009155552843 63.00065614780953 
96.0 62.00025940718863 
96.0 62.00025940718863 
96.0 62.00025940718863 
96.0 62.00025940718863 
96.0 62.00025940718863 
96.0 63.00065614780953 
96.0 63.00065614780953 
96.0 63.00065614780953 
96.0 63.00065614780953 
96.0 63.00065614780953 
96.0 63.00065614780953 
96.0 63.00065614780953 
96.0 63.00065614780953 
96.0 63.00065614780953 
96.0 63.00065614780953 
96.0 63.00065614780953 
96.0 64.00021362941985 
96.0 64.00021362941985 
96.0 65.00061037004073 
96.0 65.00061037004073 
96.0 65.00061037004073 
96.0 65.00061037004073 
96.0 65.00061037004073 
96.0 65.00061037004073 
96.0 65.00061037004073 
96.0 65.00061037004073 
96.0 65.00061037004073 
96.0 66.00016785165104 
96.0 66.00016785165104 
96.0 67.00056459227194 
96.0 68.00012207388225 
96.0 69.00051881450315 
96.0 70.00007629611346 
96.0 71.00047303673436 
96.0 70.00007629611346 
96.0 70.00007629611346 
96.0 70.00007629611346 
96.0 71.00047303673436 
96.0 72.00003051834467 
96.0 73.00042725896557 
96.0 72.00003051834467 
96.0 72.00003051834467 
96.0 72.00003051834467 
96.0 72.00003051834467 
96.0 72.00003051834467 
96.0 72.00003051834467 
96.0 72.00003051834467 
96.0 72.00003051834467 
96.0 72.00003051834467 
96.0 72.00003051834467 
96.0 71.00047303673436 
96.0 70.00007629611346 
96.0 70.00007629611346 
96.0 70.00007629611346 
96.0 70.00007629611346 
96.0 70.00007629611346 
96.0 70.00007629611346 
96.0 70.00007629611346 
96.0 70.00007629611346 
96.0 69.00051881450315 
96.0 69.00051881450315 
96.0 69.00051881450315 
96.0 68.00012207388225 
96.0 68.00012207388225 
96.0 67.00056459227194 
96.0 67.00056459227194 
96.0 67.00056459227194 
96.0 66.00016785165104 
96.0 66.00016785165104 
96.0 65.00061037004073 
96.0 65.00061037004073 
96.0 65.00061037004073 
96.0 65.00061037004073 
96.0 65.00061037004073 
96.0 66.00016785165104 
96.0 66.00016785165104 
96.0 66.00016785165104 
96.0 66.00016785165104 
96.0 66.00016785165104 
96.0 67.00056459227194 
96.0 67.00056459227194 
96.0 67.00056459227194 
97.99993896298105 86.00054933297372 
97.99993896298105 87.00010681458403 
97.99993896298105 89.99961851842555 
96.99990844447157 89.99961851842555 
96.99990844447157 89.00006103681524 
96.99990844447157 87.00010681458403 
96.0 85.00015259235282 
96.99990844447157 83.00019837012161 
96.0 81.0002441478904 
96.0 78.00073244404888 
96.0 76.00077822181768 
96.0 75.00038148119678 
96.0 75.00038148119678 
96.0 75.00038148119678 
96.0 75.00038148119678 
96.0 76.00077822181768 
96.0 76.00077822181768 
96.0 75.00038148119678 
96.0 75.00038148119678 
96.0 75.00038148119678 
96.0 75.00038148119678 
96.0 75.00038148119678 
96.0 75.00038148119678 
96.0 75.00038148119678 
96.0 75.00038148119678 
96.0 75.00038148119678 
96.0 75.00038148119678 
96.0 76.00077822181768 
96.0 76.00077822181768 
96.0 76.00077822181768 
96.0 76.00077822181768 
96.0 76.00077822181768 
96.0 75.00038148119678 
96.0 75.00038148119678 
96.0 74.00082399958647 
96.0 74.00082399958647 
96.0 74.00082399958647 
96.0 73.00042725896557 
96.0 73.00042725896557 
96.0 73.00042725896557 
96.0 72.00003051834467 
96.0 72.00003051834467 
96.0 71.00047303673436 
96.0 70.00007629611346 
96.0 70.00007629611346 
96.0 70.00007629611346 
96.0 70.00007629611346 
96.0 71.00047303673436 
96.0 70.00007629611346 
96.0 70.00007629611346 
96.0 69.00051881450315 
96.0 68.00012207388225 
96.0 67.00056459227194 
96.0 67.00056459227194 
96.0 67.00056459227194 
96.0 67.00056459227194 
96.0 67.00056459227194 
96.0 68.00012207388225 
96.0 68.00012207388225 
96.0 68.00012207388225 
96.0 68.00012207388225 
96.0 71.00047303673436 
96.0 74.00082399958647 
96.0 74.00082399958647 
96.0 76.00077822181768 
96.0 77.000335703428 
96.0 76.00077822181768 
96.0 75.00038148119678 
96.0 75.00038148119678 
96.0 74.00082399958647 
96.0 74.00082399958647 
96.0 74.00082399958647 
96.0 73.00042725896557 
96.0 72.00003051834467 
96.0 71.00047303673436 
96.0 70.00007629611346 
96.0 70.00007629611346 
96.0 70.00007629611346 
96.0 70.00007629611346 
96.0 70.00007629611346 
96.0 70.00007629611346 
96.0 70.00007629611346 
96.0 70.00007629611346 
96.0 71.00047303673436 
96.0 70.00007629611346 
96.0 70.00007629611346 
96.0 70.00007629611346 
96.0 70.00007629611346 
96.0 70.00007629611346 
96.0 70.00007629611346 
96.0 70.00007629611346 
96.0 70.00007629611346 
96.0 70.00007629611346 
96.0 71.00047303673436 
96.0 70.00007629611346 
96.0 71.00047303673436 
96.0 71.00047303673436 
96.0 71.00047303673436 
96.0 72.00003051834467 
96.0 72.00003051834467 
96.0 72.00003051834467 
96.0 73.00042725896557 
96.0 73.00042725896557 
96.0 73.00042725896557 
96.0 74.00082399958647 
96.0 74.00082399958647 
96.0 74.00082399958647 
96.0 75.00038148119678 
96.0 75.00038148119678 
96.0 75.00038148119678 
96.0 75.00038148119678 
96.0 74.00082399958647 
96.0 74.00082399958647 
96.0 75.00038148119678 
96.0 75.00038148119678 
96.0 75.00038148119678 
96.0 76.00077822181768 
96.0 77.000335703428 
96.0 77.000335703428 
96.0 77.000335703428 
96.0 77.000335703428 
96.0 77.000335703428 
96.0 76.00077822181768 
96.0 74.00082399958647 
96.0 73.00042725896557 
96.0 73.00042725896557 
96.0 72.00003051834467 
96.0 72.00003051834467 
96.0 72.00003051834467 
96.0 71.00047303673436 
96.0 71.00047303673436 
96.0 70.00007629611346 
96.0 69.00051881450315 
96.0 68.00012207388225 
96.0 68.00012207388225 
96.0 68.00012207388225 
96.0 68.00012207388225 
96.0 68.00012207388225 
96.0 69.00051881450315 
96.0 69.00051881450315 
96.0 69.00051881450315 
96.0 69.00051881450315 
96.0 69.00051881450315 
96.0 69.00051881450315 
96.0 69.00051881450315 
96.0 69.00051881450315 
96.0 69.00051881450315 
96.0 69.00051881450315 
96.0 69.00051881450315 
96.0 68.00012207388225 
96.0 68.00012207388225 
96.0 68.00012207388225 
96.0 68.00012207388225 
96.0 69.00051881450315 
96.0 69.00051881450315 
96.0 69.00051881450315 
96.0 69.00051881450315 
96.0 69.00051881450315 
96.0 69.00051881450315 
96.0 69.00051881450315 
96.0 69.00051881450315 
96.0 69.00051881450315 
96.0 69.00051881450315 
96.0 69.00051881450315 
96.0 69.00051881450315 
96.0 69.00051881450315 
96.0 69.00051881450315 
96.0 69.00051881450315 
96.0 70.00007629611346 
96.0 70.00007629611346 
96.0 70.00007629611346 
96.0 68.00012207388225 
96.0 67.00056459227194 
96.0 66.00016785165104 
96.0 66.00016785165104 
96.0 65.00061037004073 
96.0 66.00016785165104 
96.0 66.00016785165104 
96.0 66.00016785165104 
96.0 66.00016785165104 
96.0 66.00016785165104 
96.0 66.00016785165104 
96.0 66.00016785165104 
96.0 66.00016785165104 
96.0 66.00016785165104 
96.0 66.00016785165104 
96.0 66.00016785165104 
96.0 67.00056459227194 
96.0 67.00056459227194 
96.0 67.00056459227194 
96.0 66.00016785165104 
96.0 66.00016785165104 
96.0 66.00016785165104 
96.0 66.00016785165104 
96.0 66.00016785165104 
96.0 66.00016785165104 
96.0 66.00016785165104 
96.0 66.00016785165104 
96.0 66.00016785165104 
96.0 66.00016785165104 
96.0 65.00061037004073 
96.0 66.00016785165104 
96.0 65.00061037004073 
96.0 65.00061037004073 
96.0 65.00061037004073 
96.0 66.00016785165104 
96.0 66.00016785165104 
96.0 66.00016785165104 
96.0 67.00056459227194 
96.0 67.00056459227194 
96.0 66.00016785165104 
96.0 66.00016785165104 
96.0 66.00016785165104 
96.0 66.00016785165104 
96.0 66.00016785165104 
96.0 66.00016785165104 
96.0 70.00007629611346 
96.0 70.00007629611346 
96.0 73.00042725896557 
96.0 74.00082399958647 
96.0 74.00082399958647 
96.0 75.00038148119678 
96.0 74.00082399958647 
96.0 74.00082399958647 
96.0 73.00042725896557 
96.0 72.00003051834467 
96.0 71.00047303673436 
96.0 70.00007629611346 
96.0 70.00007629611346 
96.99990844447157 69.00051881450315 
96.99990844447157 69.00051881450315 
96.99990844447157 69.00051881450315 
96.99990844447157 69.00051881450315 
96.99990844447157 68.00012207388225 
96.99990844447157 67.00056459227194 
96.99990844447157 67.00056459227194 
96.0 67.00056459227194 
96.0 67.00056459227194 
96.0 67.00056459227194 
96.0 67.00056459227194 
96.0 67.00056459227194 
96.0 67.00056459227194 
96.99990844447157 66.00016785165104 
96.0 66.00016785165104 
96.0 66.00016785165104 
96.0 66.00016785165104 
96.0 66.00016785165104 
96.0 66.00016785165104 
96.0 66.00016785165104 
96.0 66.00016785165104 
96.0 66.00016785165104 
96.0 66.00016785165104 
96.0 66.00016785165104 
96.0 66.00016785165104 
95.00009155552843 66.00016785165104 
95.00009155552843 67.00056459227194 
95.00009155552843 67.00056459227194 
95.00009155552843 66.00016785165104 
95.00009155552843 66.00016785165104 
95.00009155552843 66.00016785165104 
95.00009155552843 65.00061037004073 
95.00009155552843 65.00061037004073 
95.00009155552843 66.00016785165104 
95.00009155552843 66.00016785165104 
95.00009155552843 66.00016785165104 
96.0 68.00012207388225 
96.0 71.00047303673436 
96.0 71.00047303673436 
96.0 71.00047303673436 
96.0 71.00047303673436 
96.0 70.00007629611346 
96.0 70.00007629611346 
96.0 69.00051881450315 
96.0 69.00051881450315 
96.0 69.00051881450315 
96.0 69.00051881450315 
96.0 69.00051881450315 
95.00009155552843 69.00051881450315 
95.00009155552843 69.00051881450315 
95.00009155552843 69.00051881450315 
95.00009155552843 69.00051881450315 
95.00009155552843 69.00051881450315 
95.00009155552843 70.00007629611346 
95.00009155552843 70.00007629611346 
95.00009155552843 70.00007629611346 
95.00009155552843 71.00047303673436 
95.00009155552843 71.00047303673436 
95.00009155552843 70.00007629611346 
95.00009155552843 69.00051881450315 
96.0 68.00012207388225 
96.0 68.00012207388225 
96.0 67.00056459227194 
96.0 67.00056459227194 
96.0 67.00056459227194 
96.0 68.00012207388225 
96.0 67.00056459227194 
96.0 67.00056459227194 
96.0 68.00012207388225 
96.0 67.00056459227194 
96.0 67.00056459227194 
