97.0 82.00076296287453 
96.0 81.00053407405179 
96.0 82.00076296287453 
96.0 81.00053407405179 
96.0 82.00076296287453 
96.0 82.00076296287453 
96.0 83.00009155566775 
96.0 83.00009155566775 
96.0 81.00053407405179 
96.0 79.00007629640629 
96.0 75.00006103714485 
96.0 74.00073244435164 
96.0 74.00073244435164 
96.0 74.00073244435164 
96.0 75.00006103714485 
96.0 75.00006103714485 
96.0 76.00028992596759 
96.0 75.00006103714485 
96.0 76.00028992596759 
96.0 75.00006103714485 
96.0 75.00006103714485 
96.0 76.00028992596759 
96.0 76.00028992596759 
96.0 77.00051881479034 
96.0 77.00051881479034 
96.0 77.00051881479034 
96.0 77.00051881479034 
96.0 77.00051881479034 
96.0 77.00051881479034 
96.0 77.00051881479034 
96.0 81.00053407405179 
96.0 81.00053407405179 
96.0 82.00076296287453 
96.0 82.00076296287453 
96.0 80.00030518522904 
96.0 79.00007629640629 
96.0 78.00074770361309 
96.0 77.00051881479034 
96.0 75.00006103714485 
96.0 74.00073244435164 
96.0 74.00073244435164 
96.0 74.00073244435164 
96.0 74.00073244435164 
96.0 74.00073244435164 
96.0 74.00073244435164 
96.0 75.00006103714485 
96.0 75.00006103714485 
96.0 75.00006103714485 
96.0 76.00028992596759 
96.0 76.00028992596759 
95.0 77.00051881479034 
95.0 77.00051881479034 
95.0 78.00074770361309 
95.0 78.00074770361309 
96.0 79.00007629640629 
95.0 80.00030518522904 
95.0 80.00030518522904 
95.0 80.00030518522904 
95.0 80.00030518522904 
95.0 80.00030518522904 
95.0 79.00007629640629 
95.0 79.00007629640629 
95.0 78.00074770361309 
95.0 77.00051881479034 
95.0 77.00051881479034 
95.0 76.00028992596759 
95.0 76.00028992596759 
95.0 75.00006103714485 
95.0 75.00006103714485 
96.0 75.00006103714485 
96.0 75.00006103714485 
96.0 75.00006103714485 
96.0 75.00006103714485 
96.0 78.00074770361309 
96.0 78.00074770361309 
96.0 80.00030518522904 
96.0 80.00030518522904 
96.0 77.00051881479034 
96.0 76.00028992596759 
96.0 75.00006103714485 
96.0 74.00073244435164 
96.0 74.00073244435164 
96.0 73.00050355552888 
96.0 73.00050355552888 
96.0 73.00050355552888 
96.0 73.00050355552888 
96.0 74.00073244435164 
96.0 74.00073244435164 
96.0 75.00006103714485 
96.0 76.00028992596759 
96.0 76.00028992596759 
96.0 76.00028992596759 
96.0 77.00051881479034 
96.0 78.00074770361309 
96.0 79.00007629640629 
96.0 80.00030518522904 
96.0 80.00030518522904 
96.0 81.00053407405179 
96.0 82.00076296287453 
96.0 82.00076296287453 
96.0 82.00076296287453 
96.0 82.00076296287453 
96.0 82.00076296287453 
96.0 82.00076296287453 
96.0 83.00009155566775 
96.0 86.00077822213599 
96.0 86.00077822213599 
96.0 86.00077822213599 
96.0 87.0001068149292 
96.0 87.0001068149292 
96.0 85.00054933331324 
96.0 84.0003204444905 
96.0 84.0003204444905 
96.0 82.00076296287453 
96.0 81.00053407405179 
96.0 80.00030518522904 
96.0 80.00030518522904 
96.0 80.00030518522904 
96.0 80.00030518522904 
96.0 81.00053407405179 
96.0 82.00076296287453 
96.0 84.0003204444905 
96.0 84.0003204444905 
96.0 84.0003204444905 
96.0 84.0003204444905 
96.0 84.0003204444905 
96.0 84.0003204444905 
96.0 84.0003204444905 
96.0 84.0003204444905 
96.0 83.00009155566775 
96.0 83.00009155566775 
96.0 83.00009155566775 
96.0 81.00053407405179 
96.0 81.00053407405179 
96.0 81.00053407405179 
96.0 81.00053407405179 
96.0 81.00053407405179 
96.0 81.00053407405179 
96.0 80.00030518522904 
96.0 79.00007629640629 
96.0 79.00007629640629 
96.0 78.00074770361309 
96.0 78.00074770361309 
96.0 78.00074770361309 
96.0 78.00074770361309 
96.0 78.00074770361309 
96.0 77.00051881479034 
96.0 77.00051881479034 
96.0 77.00051881479034 
96.0 76.00028992596759 
96.0 76.00028992596759 
96.0 76.00028992596759 
96.0 75.00006103714485 
96.0 75.00006103714485 
96.0 75.00006103714485 
96.0 75.00006103714485 
96.0 76.00028992596759 
96.0 76.00028992596759 
97.0 77.00051881479034 
97.0 77.00051881479034 
97.0 77.00051881479034 
96.0 77.00051881479034 
97.0 78.00074770361309 
96.0 78.00074770361309 
96.0 78.00074770361309 
96.0 78.00074770361309 
96.0 79.00007629640629 
96.0 79.00007629640629 
96.0 79.00007629640629 
96.0 79.00007629640629 
96.0 80.00030518522904 
96.0 81.00053407405179 
96.0 81.00053407405179 
96.0 82.00076296287453 
96.0 82.00076296287453 
96.0 81.00053407405179 
96.0 81.00053407405179 
96.0 80.00030518522904 
96.0 80.00030518522904 
96.0 80.00030518522904 
96.0 79.00007629640629 
96.0 79.00007629640629 
96.0 81.00053407405179 
96.0 81.00053407405179 
96.0 81.00053407405179 
96.0 81.00053407405179 
96.0 80.00030518522904 
96.0 80.00030518522904 
96.0 79.00007629640629 
96.0 80.00030518522904 
96.0 79.00007629640629 
96.0 79.00007629640629 
96.0 80.00030518522904 
96.0 79.00007629640629 
96.0 80.00030518522904 
96.0 81.00053407405179 
96.0 81.00053407405179 
96.0 82.00076296287453 
96.0 82.00076296287453 
96.0 82.00076296287453 
96.0 82.00076296287453 
96.0 83.00009155566775 
96.0 83.00009155566775 
96.0 84.0003204444905 
97.0 84.0003204444905 
97.0 84.0003204444905 
97.0 84.0003204444905 
97.0 83.00009155566775 
97.0 84.0003204444905 
97.0 83.00009155566775 
97.0 83.00009155566775 
96.0 83.00009155566775 
97.0 83.00009155566775 
96.0 83.00009155566775 
97.0 83.00009155566775 
97.0 83.00009155566775 
97.0 84.0003204444905 
97.0 84.0003204444905 
96.0 84.0003204444905 
96.0 84.0003204444905 
96.0 84.0003204444905 
96.0 84.0003204444905 
96.0 84.0003204444905 
96.0 85.00054933331324 
96.0 86.00077822213599 
96.0 85.00054933331324 
96.0 84.0003204444905 
96.0 84.0003204444905 
96.0 83.00009155566775 
96.0 83.00009155566775 
96.0 83.00009155566775 
96.0 83.00009155566775 
96.0 84.0003204444905 
96.0 84.0003204444905 
96.0 84.0003204444905 
96.0 85.00054933331324 
96.0 85.00054933331324 
96.0 85.00054933331324 
96.0 85.00054933331324 
96.0 85.00054933331324 
96.0 85.00054933331324 
96.0 86.00077822213599 
96.0 86.00077822213599 
96.0 86.00077822213599 
96.0 86.00077822213599 
96.0 85.00054933331324 
96.0 86.00077822213599 
96.0 86.00077822213599 
96.0 86.00077822213599 
96.0 86.00077822213599 
96.0 87.0001068149292 
96.0 87.0001068149292 
96.0 87.0001068149292 
96.0 88.00033570375194 
96.0 88.00033570375194 
97.0 87.0001068149292 
97.0 87.0001068149292 
96.0 88.00033570375194 
97.0 89.00056459257469 
97.0 89.00056459257469 
96.0 89.00056459257469 
96.0 89.00056459257469 
96.0 88.00033570375194 
96.0 88.00033570375194 
96.0 88.00033570375194 
97.0 87.0001068149292 
97.0 87.0001068149292 
97.0 87.0001068149292 
97.0 87.0001068149292 
97.0 87.0001068149292 
97.0 87.0001068149292 
97.0 87.0001068149292 
97.0 87.0001068149292 
97.0 87.0001068149292 
97.0 87.0001068149292 
97.0 87.0001068149292 
97.0 89.00056459257469 
97.0 90.00079348139744 
97.0 88.00033570375194 
97.0 87.0001068149292 
96.0 86.00077822213599 
96.0 86.00077822213599 
96.0 84.0003204444905 
96.0 84.0003204444905 
96.0 83.00009155566775 
96.0 82.00076296287453 
96.0 81.00053407405179 
96.0 81.00053407405179 
97.0 80.00030518522904 
97.0 79.00007629640629 
97.0 78.00074770361309 
97.0 78.00074770361309 
97.0 78.00074770361309 
97.0 78.00074770361309 
97.0 78.00074770361309 
97.0 79.00007629640629 
97.0 80.00030518522904 
97.0 80.00030518522904 
97.0 81.00053407405179 
97.0 83.00009155566775 
97.0 84.0003204444905 
96.0 79.00007629640629 
95.0 79.00007629640629 
96.0 79.00007629640629 
96.0 80.00030518522904 
96.0 80.00030518522904 
96.0 80.00030518522904 
96.0 82.00076296287453 
96.0 82.00076296287453 
96.0 84.0003204444905 
96.0 84.0003204444905 
96.0 84.0003204444905 
96.0 85.00054933331324 
96.0 88.00033570375194 
96.0 91.00012207419064 
96.0 91.00012207419064 
97.0 95.9994659262453 
97.0 99.99948118550675 
97.0 102.99926755594547 
98.0 102.99926755594547 
98.0 102.99926755594547 
98.0 102.99926755594547 
98.0 101.99993896315226 
98.0 99.99948118550675 
98.0 99.99948118550675 
98.0 99.99948118550675 
98.0 99.99948118550675 
98.0 100.99971007432951 
98.0 100.99971007432951 
98.0 100.99971007432951 
98.0 100.99971007432951 
98.0 101.99993896315226 
98.0 101.99993896315226 
98.0 101.99993896315226 
98.0 98.999252296684 
98.0 94.0008087406589 
98.0 93.00057985183615 
98.0 91.00012207419064 
98.0 90.00079348139744 
98.0 89.00056459257469 
98.0 89.00056459257469 
97.0 89.00056459257469 
97.0 90.00079348139744 
97.0 90.00079348139744 
97.0 91.00012207419064 
97.0 91.00012207419064 
97.0 90.00079348139744 
97.0 90.00079348139744 
97.0 90.00079348139744 
97.0 91.00012207419064 
97.0 91.00012207419064 
97.0 91.00012207419064 
97.0 91.00012207419064 
97.0 91.00012207419064 
97.0 90.00079348139744 
97.0 90.00079348139744 
97.0 91.00012207419064 
97.0 91.00012207419064 
97.0 92.0003509630134 
97.0 92.0003509630134 
97.0 93.00057985183615 
96.0 93.00057985183615 
96.0 93.00057985183615 
96.0 93.00057985183615 
97.0 93.00057985183615 
97.0 93.00057985183615 
96.0 93.00057985183615 
96.0 93.00057985183615 
96.0 93.00057985183615 
96.0 93.00057985183615 
96.0 93.00057985183615 
96.0 93.00057985183615 
96.0 93.00057985183615 
96.0 93.00057985183615 
96.0 93.00057985183615 
96.0 93.00057985183615 
96.0 93.00057985183615 
96.0 93.00057985183615 
96.0 93.00057985183615 
96.0 93.00057985183615 
96.0 93.00057985183615 
96.0 93.00057985183615 
96.0 93.00057985183615 
97.0 94.0008087406589 
97.0 95.0001373334521 
97.0 95.0001373334521 
98.0 95.9994659262453 
98.0 95.9994659262453 
98.0 96.99969481506805 
98.0 96.99969481506805 
98.0 96.99969481506805 
98.0 96.99969481506805 
98.0 95.9994659262453 
98.0 95.0001373334521 
98.0 95.0001373334521 
98.0 95.0001373334521 
98.0 95.0001373334521 
98.0 95.0001373334521 
98.0 95.0001373334521 
98.0 95.0001373334521 
98.0 95.0001373334521 
98.0 95.0001373334521 
98.0 95.0001373334521 
98.0 95.0001373334521 
98.0 95.0001373334521 
98.0 95.0001373334521 
97.0 95.0001373334521 
96.0 95.0001373334521 
96.0 95.0001373334521 
96.0 95.0001373334521 
96.0 95.0001373334521 
96.0 95.0001373334521 
96.0 95.0001373334521 
96.0 95.0001373334521 
96.0 95.0001373334521 
96.0 95.0001373334521 
96.0 95.0001373334521 
96.0 95.0001373334521 
96.0 94.0008087406589 
97.0 94.0008087406589 
97.0 94.0008087406589 
97.0 94.0008087406589 
96.0 93.00057985183615 
96.0 93.00057985183615 
96.0 93.00057985183615 
96.0 92.0003509630134 
96.0 92.0003509630134 
97.0 92.0003509630134 
97.0 92.0003509630134 
97.0 92.0003509630134 
97.0 92.0003509630134 
97.0 92.0003509630134 
96.0 92.0003509630134 
96.0 92.0003509630134 
96.0 92.0003509630134 
96.0 92.0003509630134 
96.0 92.0003509630134 
96.0 91.00012207419064 
96.0 91.00012207419064 
96.0 91.00012207419064 
96.0 91.00012207419064 
96.0 91.00012207419064 
96.0 90.00079348139744 
97.0 90.00079348139744 
97.0 90.00079348139744 
97.0 90.00079348139744 
97.0 90.00079348139744 
97.0 90.00079348139744 
97.0 90.00079348139744 
96.0 90.00079348139744 
96.0 91.00012207419064 
96.0 92.0003509630134 
96.0 93.00057985183615 
96.0 93.00057985183615 
96.0 93.00057985183615 
96.0 93.00057985183615 
96.0 94.0008087406589 
96.0 94.0008087406589 
96.0 94.0008087406589 
96.0 94.0008087406589 
96.0 94.0008087406589 
96.0 94.0008087406589 
96.0 94.0008087406589 
96.0 94.0008087406589 
96.0 94.0008087406589 
96.0 95.0001373334521 
96.0 95.0001373334521 
96.0 94.0008087406589 
96.0 94.0008087406589 
96.0 94.0008087406589 
96.0 94.0008087406589 
96.0 94.0008087406589 
96.0 94.0008087406589 
96.0 95.0001373334521 
96.0 95.0001373334521 
96.0 95.9994659262453 
96.0 95.9994659262453 
96.0 95.9994659262453 
96.0 95.9994659262453 
96.0 95.9994659262453 
97.0 95.9994659262453 
97.0 95.9994659262453 
97.0 95.9994659262453 
96.0 95.9994659262453 
96.0 95.9994659262453 
96.0 95.9994659262453 
96.0 95.9994659262453 
96.0 95.9994659262453 
96.0 95.9994659262453 
96.0 95.9994659262453 
96.0 95.9994659262453 
96.0 95.9994659262453 
95.0 95.9994659262453 
95.0 95.9994659262453 
95.0 95.9994659262453 
95.0 95.9994659262453 
95.0 95.9994659262453 
95.0 95.9994659262453 
95.0 95.0001373334521 
95.0 95.0001373334521 
95.0 94.0008087406589 
95.0 94.0008087406589 
95.0 93.00057985183615 
95.0 93.00057985183615 
95.0 94.0008087406589 
95.0 94.0008087406589 
95.0 94.0008087406589 
95.0 94.0008087406589 
95.0 94.0008087406589 
95.0 94.0008087406589 
95.0 94.0008087406589 
95.0 95.0001373334521 
95.0 95.0001373334521 
95.0 95.9994659262453 
95.0 95.9994659262453 
95.0 95.9994659262453 
95.0 95.9994659262453 
95.0 95.9994659262453 
95.0 95.9994659262453 
95.0 95.9994659262453 
95.0 98.999252296684 
95.0 98.999252296684 
95.0 98.999252296684 
95.0 98.999252296684 
95.0 99.99948118550675 
95.0 99.99948118550675 
95.0 102.99926755594547 
95.0 102.99926755594547 
95.0 103.99949644476821 
95.0 104.99972533359096 
95.0 104.99972533359096 
95.0 106.99928281520691 
94.0 106.99928281520691 
94.0 106.99928281520691 
94.0 106.99928281520691 
94.0 106.99928281520691 
94.0 107.99951170402966 
94.0 108.9997405928524 
94.0 108.9997405928524 
94.0 108.9997405928524 
94.0 108.9997405928524 
94.0 108.9997405928524 
95.0 108.9997405928524 
95.0 108.9997405928524 
95.0 108.9997405928524 
95.0 108.9997405928524 
95.0 108.9997405928524 
95.0 109.99996948167517 
95.0 109.99996948167517 
95.0 110.99929807446837 
95.0 110.99929807446837 
95.0 111.99952696329112 
95.0 111.99952696329112 
95.0 111.99952696329112 
95.0 111.99952696329112 
95.0 111.99952696329112 
95.0 111.99952696329112 
95.0 111.99952696329112 
95.0 112.99975585211386 
95.0 112.99975585211386 
95.0 112.99975585211386 
95.0 112.99975585211386 
95.0 112.99975585211386 
94.0 112.99975585211386 
94.0 113.99998474093661 
94.0 114.99931333372982 
94.0 114.99931333372982 
94.0 114.99931333372982 
94.0 119.99955748181402 
94.0 119.99955748181402 
94.0 119.99955748181402 
94.0 119.99955748181402 
94.0 120.99978637063677 
94.0 121.99911496342997 
94.0 121.99911496342997 
94.0 121.99911496342997 
94.0 121.99911496342997 
94.0 121.99911496342997 
94.0 122.99934385225272 
95.0 123.99957274107547 
95.0 123.99957274107547 
95.0 123.99957274107547 
96.0 124.99980162989822 
96.0 124.99980162989822 
96.0 124.99980162989822 
96.0 124.99980162989822 
96.0 124.99980162989822 
96.0 124.99980162989822 
96.0 124.99980162989822 
96.0 124.99980162989822 
95.0 124.99980162989822 
95.0 124.99980162989822 
95.0 124.99980162989822 
95.0 124.99980162989822 
95.0 124.99980162989822 
95.0 124.99980162989822 
95.0 124.99980162989822 
95.0 124.99980162989822 
95.0 124.99980162989822 
95.0 124.99980162989822 
95.0 124.99980162989822 
95.0 124.99980162989822 
95.0 124.99980162989822 
96.0 123.99957274107547 
96.0 122.99934385225272 
96.0 121.99911496342997 
96.0 121.99911496342997 
96.0 120.99978637063677 
96.0 120.99978637063677 
96.0 121.99911496342997 
96.0 121.99911496342997 
96.0 121.99911496342997 
96.0 120.99978637063677 
96.0 120.99978637063677 
96.0 120.99978637063677 
96.0 120.99978637063677 
96.0 120.99978637063677 
96.0 120.99978637063677 
96.0 120.99978637063677 
96.0 120.99978637063677 
96.0 120.99978637063677 
96.0 120.99978637063677 
96.0 121.99911496342997 
96.0 121.99911496342997 
96.0 121.99911496342997 
97.0 122.99934385225272 
97.0 122.99934385225272 
97.0 123.99957274107547 
97.0 106.99928281520691 
97.0 106.99928281520691 
97.0 106.99928281520691 
97.0 106.99928281520691 
97.0 103.99949644476821 
97.0 98.999252296684 
97.0 95.0001373334521 
97.0 90.00079348139744 
97.0 88.00033570375194 
97.0 86.00077822213599 
97.0 87.0001068149292 
98.0 88.00033570375194 
98.0 88.00033570375194 
98.0 87.0001068149292 
98.0 85.00054933331324 
98.0 84.0003204444905 
98.0 83.00009155566775 
98.0 82.00076296287453 
97.0 82.00076296287453 
97.0 81.00053407405179 
97.0 81.00053407405179 
97.0 81.00053407405179 
98.0 80.00030518522904 
97.0 80.00030518522904 
97.0 80.00030518522904 
97.0 80.00030518522904 
98.0 79.00007629640629 
97.0 79.00007629640629 
98.0 79.00007629640629 
98.0 79.00007629640629 
98.0 79.00007629640629 
98.0 80.00030518522904 
98.0 80.00030518522904 
98.0 81.00053407405179 
97.0 82.00076296287453 
97.0 83.00009155566775 
97.0 86.00077822213599 
97.0 87.0001068149292 
97.0 90.00079348139744 
97.0 91.00012207419064 
97.0 91.00012207419064 
97.0 91.00012207419064 
97.0 90.00079348139744 
97.0 89.00056459257469 
97.0 88.00033570375194 
96.0 84.0003204444905 
96.0 83.00009155566775 
96.0 81.00053407405179 
96.0 80.00030518522904 
96.0 78.00074770361309 
96.0 75.00006103714485 
96.0 75.00006103714485 
96.0 74.00073244435164 
96.0 74.00073244435164 
97.0 73.00050355552888 
97.0 74.00073244435164 
97.0 74.00073244435164 
97.0 75.00006103714485 
97.0 75.00006103714485 
97.0 76.00028992596759 
97.0 77.00051881479034 
97.0 78.00074770361309 
97.0 78.00074770361309 
97.0 79.00007629640629 
97.0 80.00030518522904 
97.0 79.00007629640629 
97.0 79.00007629640629 
97.0 79.00007629640629 
97.0 79.00007629640629 
97.0 79.00007629640629 
97.0 79.00007629640629 
97.0 79.00007629640629 
97.0 80.00030518522904 
97.0 79.00007629640629 
97.0 79.00007629640629 
97.0 79.00007629640629 
97.0 78.00074770361309 
97.0 79.00007629640629 
97.0 79.00007629640629 
97.0 79.00007629640629 
97.0 79.00007629640629 
97.0 79.00007629640629 
97.0 80.00030518522904 
97.0 80.00030518522904 
97.0 80.00030518522904 
97.0 82.00076296287453 
97.0 82.00076296287453 
97.0 84.0003204444905 
97.0 84.0003204444905 
97.0 85.00054933331324 
97.0 85.00054933331324 
97.0 85.00054933331324 
97.0 84.0003204444905 
97.0 84.0003204444905 
97.0 84.0003204444905 
97.0 84.0003204444905 
97.0 85.00054933331324 
97.0 85.00054933331324 
97.0 85.00054933331324 
97.0 85.00054933331324 
97.0 84.0003204444905 
97.0 84.0003204444905 
97.0 84.0003204444905 
97.0 84.0003204444905 
97.0 85.00054933331324 
97.0 85.00054933331324 
97.0 85.00054933331324 
97.0 85.00054933331324 
97.0 86.00077822213599 
97.0 86.00077822213599 
97.0 88.00033570375194 
97.0 89.00056459257469 
97.0 89.00056459257469 
97.0 88.00033570375194 
97.0 88.00033570375194 
97.0 88.00033570375194 
97.0 85.00054933331324 
97.0 85.00054933331324 
97.0 84.0003204444905 
97.0 85.00054933331324 
97.0 86.00077822213599 
97.0 85.00054933331324 
97.0 85.00054933331324 
97.0 84.0003204444905 
97.0 84.0003204444905 
97.0 84.0003204444905 
97.0 83.00009155566775 
97.0 82.00076296287453 
97.0 80.00030518522904 
97.0 78.00074770361309 
97.0 78.00074770361309 
97.0 78.00074770361309 
97.0 78.00074770361309 
97.0 79.00007629640629 
98.0 80.00030518522904 
98.0 80.00030518522904 
98.0 80.00030518522904 
97.0 80.00030518522904 
98.0 80.00030518522904 
98.0 80.00030518522904 
98.0 80.00030518522904 
98.0 79.00007629640629 
98.0 79.00007629640629 
98.0 79.00007629640629 
98.0 79.00007629640629 
98.0 79.00007629640629 
98.0 79.00007629640629 
98.0 79.00007629640629 
98.0 80.00030518522904 
98.0 80.00030518522904 
98.0 80.00030518522904 
98.0 80.00030518522904 
98.0 80.00030518522904 
98.0 79.00007629640629 
98.0 78.00074770361309 
98.0 78.00074770361309 
98.0 77.00051881479034 
98.0 77.00051881479034 
98.0 77.00051881479034 
98.0 76.00028992596759 
98.0 76.00028992596759 
98.0 77.00051881479034 
98.0 77.00051881479034 
98.0 77.00051881479034 
98.0 78.00074770361309 
98.0 78.00074770361309 
98.0 78.00074770361309 
98.0 78.00074770361309 
98.0 78.00074770361309 
98.0 78.00074770361309 
98.0 78.00074770361309 
97.0 78.00074770361309 
97.0 76.00028992596759 
97.0 76.00028992596759 
97.0 76.00028992596759 
97.0 76.00028992596759 
97.0 77.00051881479034 
97.0 77.00051881479034 
97.0 78.00074770361309 
97.0 78.00074770361309 
97.0 78.00074770361309 
97.0 78.00074770361309 
97.0 77.00051881479034 
97.0 77.00051881479034 
97.0 77.00051881479034 
97.0 77.00051881479034 
97.0 77.00051881479034 
97.0 78.00074770361309 
97.0 79.00007629640629 
97.0 79.00007629640629 
97.0 80.00030518522904 
97.0 80.00030518522904 
97.0 80.00030518522904 
97.0 81.00053407405179 
97.0 81.00053407405179 
97.0 81.00053407405179 
97.0 80.00030518522904 
97.0 79.00007629640629 
97.0 79.00007629640629 
97.0 79.00007629640629 
97.0 79.00007629640629 
97.0 79.00007629640629 
97.0 78.00074770361309 
97.0 78.00074770361309 
97.0 77.00051881479034 
97.0 77.00051881479034 
97.0 77.00051881479034 
97.0 77.00051881479034 
97.0 77.00051881479034 
97.0 76.00028992596759 
97.0 77.00051881479034 
97.0 77.00051881479034 
97.0 76.00028992596759 
97.0 76.00028992596759 
97.0 77.00051881479034 
97.0 77.00051881479034 
97.0 77.00051881479034 
97.0 78.00074770361309 
97.0 78.00074770361309 
97.0 78.00074770361309 
97.0 78.00074770361309 
98.0 78.00074770361309 
98.0 78.00074770361309 
98.0 78.00074770361309 
98.0 78.00074770361309 
98.0 78.00074770361309 
98.0 78.00074770361309 
98.0 78.00074770361309 
98.0 78.00074770361309 
98.0 79.00007629640629 
98.0 80.00030518522904 
98.0 80.00030518522904 
98.0 79.00007629640629 
98.0 80.00030518522904 
98.0 79.00007629640629 
97.0 79.00007629640629 
97.0 79.00007629640629 
97.0 80.00030518522904 
97.0 80.00030518522904 
97.0 84.0003204444905 
97.0 84.0003204444905 
97.0 85.00054933331324 
97.0 85.00054933331324 
97.0 85.00054933331324 
97.0 86.00077822213599 
97.0 86.00077822213599 
97.0 85.00054933331324 
97.0 85.00054933331324 
97.0 85.00054933331324 
97.0 85.00054933331324 
97.0 86.00077822213599 
97.0 85.00054933331324 
97.0 85.00054933331324 
97.0 86.00077822213599 
97.0 86.00077822213599 
97.0 87.0001068149292 
97.0 87.0001068149292 
97.0 88.00033570375194 
97.0 88.00033570375194 
97.0 88.00033570375194 
97.0 88.00033570375194 
97.0 88.00033570375194 
97.0 87.0001068149292 
97.0 86.00077822213599 
97.0 86.00077822213599 
97.0 84.0003204444905 
97.0 84.0003204444905 
97.0 82.00076296287453 
97.0 81.00053407405179 
97.0 81.00053407405179 
97.0 81.00053407405179 
97.0 81.00053407405179 
97.0 85.00054933331324 
97.0 85.00054933331324 
97.0 87.0001068149292 
97.0 85.00054933331324 
97.0 83.00009155566775 
97.0 82.00076296287453 
96.0 80.00030518522904 
96.0 79.00007629640629 
96.0 79.00007629640629 
96.0 79.00007629640629 
97.0 79.00007629640629 
97.0 80.00030518522904 
97.0 80.00030518522904 
97.0 80.00030518522904 
97.0 80.00030518522904 
97.0 80.00030518522904 
97.0 81.00053407405179 
97.0 81.00053407405179 
97.0 80.00030518522904 
97.0 80.00030518522904 
97.0 79.00007629640629 
97.0 79.00007629640629 
97.0 79.00007629640629 
97.0 79.00007629640629 
97.0 79.00007629640629 
97.0 79.00007629640629 
97.0 79.00007629640629 
97.0 79.00007629640629 
97.0 79.00007629640629 
98.0 83.00009155566775 
98.0 83.00009155566775 
98.0 83.00009155566775 
98.0 84.0003204444905 
97.0 86.00077822213599 
97.0 86.00077822213599 
97.0 86.00077822213599 
98.0 88.00033570375194 
97.0 90.00079348139744 
97.0 93.00057985183615 
97.0 93.00057985183615 
97.0 93.00057985183615 
97.0 93.00057985183615 
97.0 93.00057985183615 
97.0 93.00057985183615 
97.0 93.00057985183615 
96.0 93.00057985183615 
95.0 93.00057985183615 
95.0 93.00057985183615 
95.0 93.00057985183615 
95.0 93.00057985183615 
95.0 93.00057985183615 
95.0 93.00057985183615 
95.0 93.00057985183615 
95.0 93.00057985183615 
95.0 93.00057985183615 
95.0 93.00057985183615 
95.0 94.0008087406589 
95.0 92.0003509630134 
96.0 88.00033570375194 
98.0 83.00009155566775 
98.0 82.00076296287453 
98.0 81.00053407405179 
98.0 79.00007629640629 
98.0 79.00007629640629 
98.0 78.00074770361309 
98.0 78.00074770361309 
98.0 78.00074770361309 
98.0 78.00074770361309 
98.0 78.00074770361309 
98.0 78.00074770361309 
98.0 78.00074770361309 
98.0 78.00074770361309 
98.0 78.00074770361309 
98.0 78.00074770361309 
98.0 78.00074770361309 
98.0 78.00074770361309 
98.0 78.00074770361309 
98.0 78.00074770361309 
98.0 78.00074770361309 
98.0 78.00074770361309 
98.0 79.00007629640629 
98.0 80.00030518522904 
98.0 80.00030518522904 
98.0 80.00030518522904 
98.0 80.00030518522904 
98.0 81.00053407405179 
98.0 81.00053407405179 
98.0 81.00053407405179 
98.0 82.00076296287453 
98.0 82.00076296287453 
98.0 82.00076296287453 
98.0 81.00053407405179 
98.0 81.00053407405179 
98.0 82.00076296287453 
98.0 82.00076296287453 
98.0 82.00076296287453 
98.0 83.00009155566775 
98.0 83.00009155566775 
98.0 84.0003204444905 
98.0 83.00009155566775 
98.0 83.00009155566775 
98.0 83.00009155566775 
98.0 83.00009155566775 
98.0 83.00009155566775 
98.0 83.00009155566775 
98.0 83.00009155566775 
98.0 83.00009155566775 
98.0 83.00009155566775 
98.0 82.00076296287453 
98.0 82.00076296287453 
98.0 82.00076296287453 
97.0 81.00053407405179 
97.0 81.00053407405179 
97.0 81.00053407405179 
97.0 81.00053407405179 
98.0 81.00053407405179 
98.0 81.00053407405179 
98.0 80.00030518522904 
98.0 80.00030518522904 
98.0 79.00007629640629 
98.0 79.00007629640629 
98.0 79.00007629640629 
98.0 79.00007629640629 
98.0 78.00074770361309 
98.0 78.00074770361309 
98.0 78.00074770361309 
97.0 78.00074770361309 
97.0 78.00074770361309 
97.0 78.00074770361309 
98.0 79.00007629640629 
98.0 79.00007629640629 
98.0 79.00007629640629 
98.0 82.00076296287453 
98.0 82.00076296287453 
98.0 84.0003204444905 
98.0 84.0003204444905 
98.0 84.0003204444905 
98.0 84.0003204444905 
98.0 84.0003204444905 
98.0 85.00054933331324 
98.0 85.00054933331324 
98.0 85.00054933331324 
98.0 85.00054933331324 
98.0 85.00054933331324 
98.0 85.00054933331324 
98.0 85.00054933331324 
98.0 85.00054933331324 
98.0 85.00054933331324 
98.0 83.00009155566775 
98.0 81.00053407405179 
98.0 78.00074770361309 
98.0 77.00051881479034 
98.0 77.00051881479034 
98.0 78.00074770361309 
98.0 81.00053407405179 
98.0 83.00009155566775 
98.0 82.00076296287453 
98.0 82.00076296287453 
98.0 80.00030518522904 
98.0 77.00051881479034 
98.0 76.00028992596759 
98.0 75.00006103714485 
98.0 74.00073244435164 
98.0 74.00073244435164 
98.0 74.00073244435164 
98.0 74.00073244435164 
98.0 75.00006103714485 
98.0 75.00006103714485 
98.0 76.00028992596759 
98.0 76.00028992596759 
98.0 76.00028992596759 
98.0 75.00006103714485 
98.0 75.00006103714485 
98.0 76.00028992596759 
98.0 76.00028992596759 
98.0 77.00051881479034 
98.0 78.00074770361309 
98.0 79.00007629640629 
98.0 79.00007629640629 
98.0 79.00007629640629 
98.0 78.00074770361309 
98.0 77.00051881479034 
98.0 77.00051881479034 
98.0 76.00028992596759 
98.0 76.00028992596759 
98.0 76.00028992596759 
98.0 76.00028992596759 
98.0 77.00051881479034 
98.0 76.00028992596759 
98.0 76.00028992596759 
98.0 76.00028992596759 
98.0 77.00051881479034 
98.0 77.00051881479034 
98.0 77.00051881479034 
98.0 77.00051881479034 
98.0 77.00051881479034 
98.0 77.00051881479034 
98.0 77.00051881479034 
98.0 77.00051881479034 
98.0 77.00051881479034 
98.0 78.00074770361309 
98.0 79.00007629640629 
98.0 79.00007629640629 
98.0 79.00007629640629 
98.0 79.00007629640629 
98.0 79.00007629640629 
98.0 79.00007629640629 
98.0 79.00007629640629 
98.0 78.00074770361309 
98.0 78.00074770361309 
98.0 78.00074770361309 
98.0 77.00051881479034 
98.0 77.00051881479034 
98.0 77.00051881479034 
98.0 77.00051881479034 
98.0 76.00028992596759 
98.0 76.00028992596759 
98.0 75.00006103714485 
98.0 75.00006103714485 
98.0 76.00028992596759 
98.0 77.00051881479034 
98.0 79.00007629640629 
98.0 79.00007629640629 
98.0 79.00007629640629 
98.0 79.00007629640629 
98.0 79.00007629640629 
98.0 79.00007629640629 
98.0 79.00007629640629 
98.0 79.00007629640629 
98.0 79.00007629640629 
98.0 78.00074770361309 
98.0 78.00074770361309 
98.0 78.00074770361309 
98.0 78.00074770361309 
98.0 78.00074770361309 
98.0 77.00051881479034 
98.0 77.00051881479034 
98.0 77.00051881479034 
98.0 77.00051881479034 
98.0 77.00051881479034 
98.0 77.00051881479034 
98.0 77.00051881479034 
97.0 76.00028992596759 
97.0 76.00028992596759 
97.0 76.00028992596759 
97.0 76.00028992596759 
97.0 75.00006103714485 
97.0 76.00028992596759 
97.0 76.00028992596759 
98.0 79.00007629640629 
98.0 79.00007629640629 
98.0 79.00007629640629 
98.0 79.00007629640629 
98.0 80.00030518522904 
98.0 80.00030518522904 
98.0 79.00007629640629 
98.0 78.00074770361309 
98.0 77.00051881479034 
98.0 79.00007629640629 
98.0 79.00007629640629 
98.0 82.00076296287453 
98.0 82.00076296287453 
98.0 81.00053407405179 
98.0 81.00053407405179 
98.0 81.00053407405179 
98.0 81.00053407405179 
98.0 81.00053407405179 
98.0 79.00007629640629 
97.0 79.00007629640629 
97.0 79.00007629640629 
97.0 78.00074770361309 
97.0 78.00074770361309 
97.0 78.00074770361309 
97.0 79.00007629640629 
98.0 79.00007629640629 
97.0 79.00007629640629 
98.0 80.00030518522904 
97.0 79.00007629640629 
97.0 79.00007629640629 
97.0 79.00007629640629 
97.0 79.00007629640629 
97.0 79.00007629640629 
98.0 79.00007629640629 
98.0 79.00007629640629 
97.0 79.00007629640629 
97.0 79.00007629640629 
97.0 80.00030518522904 
98.0 81.00053407405179 
98.0 83.00009155566775 
98.0 83.00009155566775 
98.0 86.00077822213599 
98.0 86.00077822213599 
98.0 86.00077822213599 
98.0 86.00077822213599 
97.0 85.00054933331324 
97.0 85.00054933331324 
97.0 83.00009155566775 
96.0 82.00076296287453 
96.0 82.00076296287453 
96.0 82.00076296287453 
96.0 82.00076296287453 
96.0 82.00076296287453 
96.0 81.00053407405179 
96.0 80.00030518522904 
97.0 81.00053407405179 
97.0 80.00030518522904 
97.0 80.00030518522904 
97.0 80.00030518522904 
97.0 80.00030518522904 
97.0 80.00030518522904 
97.0 80.00030518522904 
97.0 80.00030518522904 
97.0 80.00030518522904 
97.0 80.00030518522904 
97.0 80.00030518522904 
97.0 80.00030518522904 
96.0 80.00030518522904 
96.0 79.00007629640629 
96.0 78.00074770361309 
95.0 78.00074770361309 
95.0 78.00074770361309 
95.0 76.00028992596759 
95.0 75.00006103714485 
95.0 75.00006103714485 
95.0 77.00051881479034 
96.0 77.00051881479034 
96.0 78.00074770361309 
96.0 78.00074770361309 
96.0 76.00028992596759 
96.0 76.00028992596759 
97.0 75.00006103714485 
96.0 75.00006103714485 
96.0 75.00006103714485 
96.0 75.00006103714485 
96.0 75.00006103714485 
96.0 75.00006103714485 
96.0 75.00006103714485 
96.0 75.00006103714485 
97.0 76.00028992596759 
97.0 76.00028992596759 
97.0 76.00028992596759 
97.0 76.00028992596759 
97.0 76.00028992596759 
97.0 76.00028992596759 
97.0 75.00006103714485 
96.0 75.00006103714485 
96.0 75.00006103714485 
96.0 75.00006103714485 
96.0 75.00006103714485 
96.0 75.00006103714485 
96.0 75.00006103714485 
96.0 76.00028992596759 
97.0 77.00051881479034 
97.0 77.00051881479034 
96.0 78.00074770361309 
96.0 78.00074770361309 
96.0 78.00074770361309 
96.0 78.00074770361309 
96.0 78.00074770361309 
96.0 78.00074770361309 
96.0 78.00074770361309 
96.0 78.00074770361309 
97.0 78.00074770361309 
97.0 78.00074770361309 
98.0 80.00030518522904 
98.0 80.00030518522904 
98.0 80.00030518522904 
98.0 80.00030518522904 
98.0 80.00030518522904 
98.0 81.00053407405179 
98.0 81.00053407405179 
98.0 81.00053407405179 
98.0 81.00053407405179 
98.0 81.00053407405179 
98.0 81.00053407405179 
98.0 81.00053407405179 
99.0 81.00053407405179 
99.0 81.00053407405179 
99.0 81.00053407405179 
98.0 80.00030518522904 
98.0 80.00030518522904 
98.0 80.00030518522904 
98.0 80.00030518522904 
98.0 80.00030518522904 
98.0 80.00030518522904 
98.0 80.00030518522904 
98.0 80.00030518522904 
98.0 79.00007629640629 
98.0 79.00007629640629 
98.0 79.00007629640629 
98.0 79.00007629640629 
98.0 79.00007629640629 
98.0 79.00007629640629 
98.0 79.00007629640629 
98.0 79.00007629640629 
98.0 79.00007629640629 
98.0 80.00030518522904 
98.0 80.00030518522904 
98.0 80.00030518522904 
98.0 80.00030518522904 
98.0 81.00053407405179 
98.0 81.00053407405179 
98.0 80.00030518522904 
98.0 80.00030518522904 
98.0 80.00030518522904 
98.0 79.00007629640629 
98.0 78.00074770361309 
98.0 78.00074770361309 
98.0 78.00074770361309 
98.0 78.00074770361309 
98.0 78.00074770361309 
98.0 78.00074770361309 
98.0 78.00074770361309 
98.0 77.00051881479034 
99.0 77.00051881479034 
98.0 77.00051881479034 
98.0 77.00051881479034 
98.0 77.00051881479034 
98.0 76.00028992596759 
98.0 75.00006103714485 
98.0 75.00006103714485 
98.0 75.00006103714485 
97.0 75.00006103714485 
97.0 75.00006103714485 
97.0 75.00006103714485 
96.0 75.00006103714485 
97.0 76.00028992596759 
94.0 78.00074770361309 
94.0 78.00074770361309 
94.0 78.00074770361309 
94.0 78.00074770361309 
94.0 78.00074770361309 
94.0 78.00074770361309 
94.0 78.00074770361309 
93.0 78.00074770361309 
93.0 78.00074770361309 
93.0 78.00074770361309 
93.0 78.00074770361309 
93.0 78.00074770361309 
93.0 78.00074770361309 
93.0 78.00074770361309 
93.0 78.00074770361309 
93.0 78.00074770361309 
93.0 78.00074770361309 
93.0 79.00007629640629 
92.0 79.00007629640629 
93.0 79.00007629640629 
93.0 79.00007629640629 
94.0 81.00053407405179 
95.0 81.00053407405179 
95.0 81.00053407405179 
96.0 81.00053407405179 
96.0 80.00030518522904 
96.0 79.00007629640629 
97.0 80.00030518522904 
97.0 80.00030518522904 
97.0 82.00076296287453 
97.0 83.00009155566775 
97.0 82.00076296287453 
97.0 81.00053407405179 
97.0 79.00007629640629 
97.0 77.00051881479034 
97.0 75.00006103714485 
97.0 74.00073244435164 
97.0 74.00073244435164 
97.0 73.00050355552888 
97.0 74.00073244435164 
97.0 73.00050355552888 
97.0 74.00073244435164 
97.0 74.00073244435164 
97.0 74.00073244435164 
97.0 74.00073244435164 
97.0 73.00050355552888 
97.0 73.00050355552888 
97.0 73.00050355552888 
98.0 72.00027466670613 
98.0 72.00027466670613 
98.0 72.00027466670613 
98.0 73.00050355552888 
98.0 73.00050355552888 
98.0 73.00050355552888 
98.0 74.00073244435164 
98.0 76.00028992596759 
98.0 76.00028992596759 
98.0 77.00051881479034 
98.0 78.00074770361309 
97.0 80.00030518522904 
97.0 81.00053407405179 
97.0 82.00076296287453 
97.0 82.00076296287453 
97.0 81.00053407405179 
97.0 81.00053407405179 
97.0 79.00007629640629 
97.0 79.00007629640629 
97.0 78.00074770361309 
97.0 77.00051881479034 
97.0 76.00028992596759 
97.0 75.00006103714485 
97.0 75.00006103714485 
97.0 75.00006103714485 
97.0 75.00006103714485 
97.0 75.00006103714485 
97.0 74.00073244435164 
97.0 74.00073244435164 
96.0 74.00073244435164 
96.0 74.00073244435164 
96.0 74.00073244435164 
96.0 75.00006103714485 
96.0 76.00028992596759 
96.0 76.00028992596759 
96.0 76.00028992596759 
96.0 76.00028992596759 
96.0 76.00028992596759 
96.0 76.00028992596759 
96.0 76.00028992596759 
96.0 76.00028992596759 
96.0 76.00028992596759 
96.0 76.00028992596759 
96.0 75.00006103714485 
96.0 76.00028992596759 
96.0 76.00028992596759 
97.0 76.00028992596759 
97.0 77.00051881479034 
97.0 77.00051881479034 
97.0 77.00051881479034 
97.0 77.00051881479034 
97.0 77.00051881479034 
97.0 77.00051881479034 
97.0 77.00051881479034 
97.0 76.00028992596759 
96.0 76.00028992596759 
96.0 76.00028992596759 
96.0 76.00028992596759 
97.0 75.00006103714485 
97.0 76.00028992596759 
97.0 75.00006103714485 
97.0 75.00006103714485 
96.0 75.00006103714485 
96.0 75.00006103714485 
96.0 75.00006103714485 
96.0 74.00073244435164 
97.0 74.00073244435164 
97.0 74.00073244435164 
97.0 72.00027466670613 
97.0 72.00027466670613 
97.0 71.00004577788339 
97.0 71.00004577788339 
97.0 71.00004577788339 
97.0 71.00004577788339 
97.0 71.00004577788339 
97.0 71.00004577788339 
97.0 71.00004577788339 
97.0 71.00004577788339 
97.0 73.00050355552888 
97.0 73.00050355552888 
97.0 74.00073244435164 
97.0 73.00050355552888 
97.0 72.00027466670613 
97.0 72.00027466670613 
97.0 72.00027466670613 
97.0 73.00050355552888 
97.0 75.00006103714485 
97.0 75.00006103714485 
97.0 77.00051881479034 
97.0 78.00074770361309 
97.0 77.00051881479034 
97.0 77.00051881479034 
97.0 77.00051881479034 
97.0 77.00051881479034 
97.0 77.00051881479034 
97.0 77.00051881479034 
97.0 77.00051881479034 
97.0 76.00028992596759 
97.0 76.00028992596759 
97.0 76.00028992596759 
97.0 76.00028992596759 
97.0 76.00028992596759 
97.0 76.00028992596759 
97.0 76.00028992596759 
97.0 76.00028992596759 
97.0 76.00028992596759 
97.0 76.00028992596759 
97.0 76.00028992596759 
97.0 75.00006103714485 
97.0 75.00006103714485 
97.0 75.00006103714485 
97.0 76.00028992596759 
97.0 76.00028992596759 
97.0 76.00028992596759 
97.0 76.00028992596759 
97.0 76.00028992596759 
98.0 76.00028992596759 
98.0 75.00006103714485 
98.0 75.00006103714485 
98.0 75.00006103714485 
98.0 74.00073244435164 
98.0 74.00073244435164 
98.0 74.00073244435164 
98.0 74.00073244435164 
98.0 74.00073244435164 
98.0 75.00006103714485 
98.0 75.00006103714485 
98.0 75.00006103714485 
98.0 75.00006103714485 
98.0 75.00006103714485 
98.0 74.00073244435164 
98.0 74.00073244435164 
98.0 74.00073244435164 
98.0 74.00073244435164 
98.0 74.00073244435164 
98.0 74.00073244435164 
97.0 74.00073244435164 
97.0 75.00006103714485 
97.0 75.00006103714485 
97.0 75.00006103714485 
97.0 75.00006103714485 
97.0 75.00006103714485 
97.0 76.00028992596759 
97.0 76.00028992596759 
97.0 76.00028992596759 
97.0 76.00028992596759 
97.0 75.00006103714485 
97.0 75.00006103714485 
97.0 74.00073244435164 
97.0 74.00073244435164 
97.0 74.00073244435164 
97.0 75.00006103714485 
97.0 75.00006103714485 
97.0 75.00006103714485 
97.0 76.00028992596759 
97.0 78.00074770361309 
97.0 78.00074770361309 
97.0 79.00007629640629 
97.0 78.00074770361309 
97.0 76.00028992596759 
97.0 75.00006103714485 
97.0 74.00073244435164 
96.0 75.00006103714485 
96.0 74.00073244435164 
96.0 74.00073244435164 
96.0 74.00073244435164 
96.0 74.00073244435164 
97.0 75.00006103714485 
97.0 75.00006103714485 
97.0 76.00028992596759 
97.0 77.00051881479034 
97.0 77.00051881479034 
97.0 79.00007629640629 
97.0 79.00007629640629 
97.0 79.00007629640629 
97.0 80.00030518522904 
97.0 80.00030518522904 
96.0 80.00030518522904 
97.0 80.00030518522904 
97.0 80.00030518522904 
97.0 79.00007629640629 
97.0 79.00007629640629 
97.0 78.00074770361309 
97.0 78.00074770361309 
97.0 79.00007629640629 
98.0 79.00007629640629 
97.0 79.00007629640629 
97.0 80.00030518522904 
97.0 80.00030518522904 
97.0 81.00053407405179 
97.0 80.00030518522904 
97.0 80.00030518522904 
97.0 80.00030518522904 
97.0 80.00030518522904 
97.0 80.00030518522904 
98.0 80.00030518522904 
97.0 81.00053407405179 
97.0 82.00076296287453 
97.0 82.00076296287453 
98.0 82.00076296287453 
98.0 80.00030518522904 
98.0 78.00074770361309 
98.0 77.00051881479034 
98.0 76.00028992596759 
97.0 75.00006103714485 
97.0 75.00006103714485 
97.0 75.00006103714485 
97.0 74.00073244435164 
97.0 74.00073244435164 
98.0 74.00073244435164 
98.0 74.00073244435164 
98.0 74.00073244435164 
98.0 74.00073244435164 
98.0 74.00073244435164 
98.0 74.00073244435164 
98.0 76.00028992596759 
98.0 76.00028992596759 
98.0 77.00051881479034 
98.0 78.00074770361309 
98.0 79.00007629640629 
98.0 79.00007629640629 
98.0 79.00007629640629 
98.0 78.00074770361309 
98.0 77.00051881479034 
98.0 76.00028992596759 
98.0 76.00028992596759 
98.0 75.00006103714485 
98.0 73.00050355552888 
98.0 73.00050355552888 
98.0 72.00027466670613 
98.0 72.00027466670613 
98.0 71.00004577788339 
98.0 71.00004577788339 
98.0 71.00004577788339 
98.0 71.00004577788339 
98.0 71.00004577788339 
98.0 71.00004577788339 
98.0 71.00004577788339 
98.0 71.00004577788339 
98.0 71.00004577788339 
98.0 71.00004577788339 
98.0 72.00027466670613 
98.0 72.00027466670613 
98.0 73.00050355552888 
98.0 73.00050355552888 
98.0 73.00050355552888 
98.0 73.00050355552888 
98.0 73.00050355552888 
98.0 73.00050355552888 
98.0 72.00027466670613 
98.0 71.00004577788339 
98.0 71.00004577788339 
98.0 71.00004577788339 
98.0 71.00004577788339 
98.0 71.00004577788339 
98.0 71.00004577788339 
98.0 71.00004577788339 
98.0 71.00004577788339 
98.0 71.00004577788339 
98.0 71.00004577788339 
98.0 71.00004577788339 
98.0 71.00004577788339 
98.0 71.00004577788339 
98.0 71.00004577788339 
98.0 71.00004577788339 
98.0 71.00004577788339 
98.0 71.00004577788339 
98.0 71.00004577788339 
98.0 71.00004577788339 
98.0 71.00004577788339 
98.0 71.00004577788339 
99.0 70.00071718509018 
98.0 69.00048829626743 
99.0 68.00025940744469 
98.0 68.00025940744469 
98.0 68.00025940744469 
98.0 68.00025940744469 
98.0 68.00025940744469 
98.0 68.00025940744469 
98.0 68.00025940744469 
98.0 68.00025940744469 
99.0 68.00025940744469 
99.0 68.00025940744469 
99.0 68.00025940744469 
99.0 67.00003051862194 
98.0 67.00003051862194 
98.0 67.00003051862194 
98.0 67.00003051862194 
98.0 67.00003051862194 
98.0 67.00003051862194 
98.0 67.00003051862194 
98.0 67.00003051862194 
98.0 67.00003051862194 
98.0 67.00003051862194 
98.0 67.00003051862194 
98.0 68.00025940744469 
98.0 70.00071718509018 
98.0 74.00073244435164 
98.0 74.00073244435164 
98.0 75.00006103714485 
98.0 76.00028992596759 
98.0 76.00028992596759 
98.0 76.00028992596759 
98.0 76.00028992596759 
98.0 76.00028992596759 
98.0 76.00028992596759 
97.0 76.00028992596759 
97.0 76.00028992596759 
97.0 76.00028992596759 
97.0 76.00028992596759 
97.0 76.00028992596759 
97.0 76.00028992596759 
97.0 76.00028992596759 
98.0 76.00028992596759 
98.0 76.00028992596759 
98.0 77.00051881479034 
98.0 76.00028992596759 
98.0 75.00006103714485 
98.0 74.00073244435164 
98.0 74.00073244435164 
98.0 73.00050355552888 
98.0 72.00027466670613 
98.0 71.00004577788339 
98.0 71.00004577788339 
98.0 71.00004577788339 
98.0 71.00004577788339 
98.0 71.00004577788339 
98.0 71.00004577788339 
98.0 71.00004577788339 
98.0 71.00004577788339 
98.0 70.00071718509018 
98.0 70.00071718509018 
98.0 70.00071718509018 
98.0 70.00071718509018 
98.0 70.00071718509018 
98.0 70.00071718509018 
98.0 74.00073244435164 
98.0 74.00073244435164 
98.0 74.00073244435164 
98.0 75.00006103714485 
98.0 74.00073244435164 
98.0 73.00050355552888 
98.0 73.00050355552888 
98.0 72.00027466670613 
98.0 72.00027466670613 
98.0 72.00027466670613 
98.0 73.00050355552888 
98.0 73.00050355552888 
98.0 73.00050355552888 
98.0 73.00050355552888 
98.0 73.00050355552888 
98.0 72.00027466670613 
98.0 71.00004577788339 
98.0 71.00004577788339 
98.0 70.00071718509018 
98.0 69.00048829626743 
98.0 69.00048829626743 
98.0 68.00025940744469 
98.0 68.00025940744469 
98.0 67.00003051862194 
98.0 67.00003051862194 
98.0 67.00003051862194 
98.0 67.00003051862194 
98.0 67.00003051862194 
98.0 67.00003051862194 
98.0 68.00025940744469 
98.0 68.00025940744469 
97.0 69.00048829626743 
97.0 69.00048829626743 
97.0 69.00048829626743 
97.0 70.00071718509018 
97.0 70.00071718509018 
97.0 71.00004577788339 
97.0 71.00004577788339 
97.0 71.00004577788339 
97.0 71.00004577788339 
97.0 72.00027466670613 
97.0 72.00027466670613 
97.0 72.00027466670613 
97.0 72.00027466670613 
97.0 72.00027466670613 
97.0 71.00004577788339 
97.0 72.00027466670613 
97.0 71.00004577788339 
97.0 71.00004577788339 
97.0 72.00027466670613 
97.0 73.00050355552888 
97.0 72.00027466670613 
97.0 72.00027466670613 
97.0 73.00050355552888 
98.0 73.00050355552888 
98.0 73.00050355552888 
98.0 73.00050355552888 
98.0 72.00027466670613 
98.0 72.00027466670613 
98.0 72.00027466670613 
98.0 72.00027466670613 
98.0 71.00004577788339 
98.0 71.00004577788339 
98.0 70.00071718509018 
98.0 70.00071718509018 
98.0 71.00004577788339 
98.0 71.00004577788339 
98.0 71.00004577788339 
98.0 71.00004577788339 
98.0 71.00004577788339 
98.0 71.00004577788339 
98.0 71.00004577788339 
98.0 71.00004577788339 
98.0 70.00071718509018 
98.0 70.00071718509018 
98.0 70.00071718509018 
98.0 70.00071718509018 
98.0 70.00071718509018 
98.0 70.00071718509018 
98.0 70.00071718509018 
98.0 69.00048829626743 
98.0 69.00048829626743 
98.0 69.00048829626743 
98.0 70.00071718509018 
98.0 69.00048829626743 
98.0 70.00071718509018 
98.0 70.00071718509018 
97.0 70.00071718509018 
97.0 70.00071718509018 
97.0 70.00071718509018 
97.0 70.00071718509018 
98.0 70.00071718509018 
98.0 71.00004577788339 
98.0 70.00071718509018 
98.0 70.00071718509018 
98.0 70.00071718509018 
98.0 70.00071718509018 
98.0 70.00071718509018 
98.0 71.00004577788339 
98.0 71.00004577788339 
98.0 71.00004577788339 
98.0 70.00071718509018 
98.0 70.00071718509018 
98.0 70.00071718509018 
98.0 70.00071718509018 
98.0 70.00071718509018 
98.0 70.00071718509018 
98.0 70.00071718509018 
98.0 70.00071718509018 
98.0 70.00071718509018 
98.0 70.00071718509018 
98.0 69.00048829626743 
98.0 69.00048829626743 
98.0 69.00048829626743 
98.0 69.00048829626743 
98.0 69.00048829626743 
98.0 69.00048829626743 
98.0 69.00048829626743 
98.0 69.00048829626743 
98.0 70.00071718509018 
98.0 69.00048829626743 
98.0 69.00048829626743 
98.0 69.00048829626743 
98.0 69.00048829626743 
98.0 69.00048829626743 
98.0 69.00048829626743 
98.0 70.00071718509018 
98.0 70.00071718509018 
98.0 70.00071718509018 
98.0 70.00071718509018 
98.0 70.00071718509018 
98.0 71.00004577788339 
98.0 71.00004577788339 
98.0 71.00004577788339 
98.0 71.00004577788339 
98.0 71.00004577788339 
98.0 72.00027466670613 
98.0 72.00027466670613 
98.0 72.00027466670613 
98.0 72.00027466670613 
98.0 73.00050355552888 
98.0 73.00050355552888 
98.0 73.00050355552888 
98.0 73.00050355552888 
98.0 73.00050355552888 
98.0 72.00027466670613 
98.0 72.00027466670613 
98.0 72.00027466670613 
98.0 71.00004577788339 
98.0 71.00004577788339 
98.0 71.00004577788339 
98.0 71.00004577788339 
98.0 71.00004577788339 
98.0 70.00071718509018 
98.0 70.00071718509018 
98.0 70.00071718509018 
98.0 71.00004577788339 
98.0 71.00004577788339 
98.0 71.00004577788339 
98.0 71.00004577788339 
98.0 71.00004577788339 
98.0 71.00004577788339 
98.0 72.00027466670613 
98.0 72.00027466670613 
98.0 72.00027466670613 
98.0 72.00027466670613 
98.0 73.00050355552888 
98.0 72.00027466670613 
98.0 72.00027466670613 
98.0 72.00027466670613 
98.0 72.00027466670613 
98.0 73.00050355552888 
98.0 73.00050355552888 
98.0 73.00050355552888 
98.0 73.00050355552888 
98.0 72.00027466670613 
98.0 72.00027466670613 
98.0 72.00027466670613 
98.0 71.00004577788339 
98.0 71.00004577788339 
98.0 71.00004577788339 
98.0 71.00004577788339 
98.0 71.00004577788339 
98.0 71.00004577788339 
98.0 72.00027466670613 
98.0 76.00028992596759 
98.0 79.00007629640629 
98.0 81.00053407405179 
98.0 83.00009155566775 
98.0 82.00076296287453 
98.0 82.00076296287453 
98.0 81.00053407405179 
98.0 78.00074770361309 
98.0 75.00006103714485 
98.0 74.00073244435164 
98.0 73.00050355552888 
98.0 72.00027466670613 
98.0 71.00004577788339 
98.0 71.00004577788339 
98.0 70.00071718509018 
98.0 70.00071718509018 
98.0 70.00071718509018 
98.0 70.00071718509018 
98.0 70.00071718509018 
98.0 70.00071718509018 
98.0 71.00004577788339 
98.0 71.00004577788339 
98.0 70.00071718509018 
98.0 70.00071718509018 
98.0 69.00048829626743 
98.0 69.00048829626743 
98.0 68.00025940744469 
98.0 68.00025940744469 
98.0 68.00025940744469 
98.0 68.00025940744469 
98.0 68.00025940744469 
98.0 69.00048829626743 
98.0 69.00048829626743 
98.0 69.00048829626743 
98.0 69.00048829626743 
98.0 69.00048829626743 
98.0 68.00025940744469 
98.0 68.00025940744469 
98.0 68.00025940744469 
98.0 68.00025940744469 
98.0 69.00048829626743 
98.0 69.00048829626743 
98.0 69.00048829626743 
98.0 69.00048829626743 
98.0 70.00071718509018 
98.0 70.00071718509018 
98.0 71.00004577788339 
98.0 71.00004577788339 
98.0 71.00004577788339 
98.0 71.00004577788339 
98.0 71.00004577788339 
98.0 71.00004577788339 
98.0 71.00004577788339 
98.0 71.00004577788339 
98.0 71.00004577788339 
98.0 71.00004577788339 
98.0 71.00004577788339 
98.0 71.00004577788339 
98.0 71.00004577788339 
98.0 71.00004577788339 
98.0 71.00004577788339 
98.0 71.00004577788339 
98.0 71.00004577788339 
98.0 72.00027466670613 
98.0 72.00027466670613 
98.0 72.00027466670613 
98.0 72.00027466670613 
98.0 72.00027466670613 
98.0 72.00027466670613 
98.0 72.00027466670613 
98.0 71.00004577788339 
98.0 71.00004577788339 
98.0 71.00004577788339 
98.0 71.00004577788339 
98.0 71.00004577788339 
98.0 71.00004577788339 
98.0 71.00004577788339 
98.0 71.00004577788339 
97.0 71.00004577788339 
97.0 71.00004577788339 
98.0 71.00004577788339 
98.0 71.00004577788339 
98.0 71.00004577788339 
98.0 71.00004577788339 
98.0 71.00004577788339 
98.0 71.00004577788339 
98.0 71.00004577788339 
98.0 71.00004577788339 
98.0 71.00004577788339 
98.0 71.00004577788339 
98.0 79.00007629640629 
98.0 79.00007629640629 
98.0 79.00007629640629 
98.0 79.00007629640629 
98.0 79.00007629640629 
98.0 79.00007629640629 
98.0 79.00007629640629 
98.0 79.00007629640629 
98.0 79.00007629640629 
97.0 82.00076296287453 
97.0 84.0003204444905 
98.0 84.0003204444905 
98.0 87.0001068149292 
98.0 88.00033570375194 
98.0 90.00079348139744 
98.0 89.00056459257469 
98.0 87.0001068149292 
98.0 85.00054933331324 
98.0 84.0003204444905 
98.0 84.0003204444905 
98.0 82.00076296287453 
98.0 81.00053407405179 
98.0 80.00030518522904 
98.0 79.00007629640629 
98.0 79.00007629640629 
98.0 79.00007629640629 
98.0 78.00074770361309 
98.0 78.00074770361309 
98.0 78.00074770361309 
98.0 78.00074770361309 
98.0 78.00074770361309 
98.0 78.00074770361309 
98.0 78.00074770361309 
98.0 77.00051881479034 
98.0 77.00051881479034 
98.0 76.00028992596759 
98.0 76.00028992596759 
98.0 76.00028992596759 
98.0 76.00028992596759 
98.0 75.00006103714485 
98.0 75.00006103714485 
98.0 75.00006103714485 
98.0 75.00006103714485 
98.0 75.00006103714485 
98.0 77.00051881479034 
97.0 77.00051881479034 
97.0 77.00051881479034 
97.0 77.00051881479034 
97.0 77.00051881479034 
97.0 77.00051881479034 
97.0 78.00074770361309 
97.0 77.00051881479034 
97.0 76.00028992596759 
97.0 75.00006103714485 
97.0 74.00073244435164 
97.0 74.00073244435164 
96.0 73.00050355552888 
96.0 74.00073244435164 
97.0 73.00050355552888 
97.0 74.00073244435164 
97.0 74.00073244435164 
97.0 75.00006103714485 
97.0 74.00073244435164 
97.0 74.00073244435164 
97.0 74.00073244435164 
97.0 74.00073244435164 
98.0 73.00050355552888 
98.0 73.00050355552888 
98.0 73.00050355552888 
98.0 73.00050355552888 
98.0 73.00050355552888 
98.0 73.00050355552888 
98.0 73.00050355552888 
98.0 73.00050355552888 
98.0 73.00050355552888 
98.0 73.00050355552888 
98.0 74.00073244435164 
98.0 73.00050355552888 
98.0 72.00027466670613 
98.0 72.00027466670613 
98.0 72.00027466670613 
98.0 72.00027466670613 
98.0 72.00027466670613 
98.0 72.00027466670613 
98.0 71.00004577788339 
98.0 71.00004577788339 
98.0 70.00071718509018 
98.0 69.00048829626743 
98.0 69.00048829626743 
98.0 69.00048829626743 
98.0 69.00048829626743 
98.0 69.00048829626743 
98.0 69.00048829626743 
98.0 69.00048829626743 
98.0 69.00048829626743 
98.0 69.00048829626743 
98.0 69.00048829626743 
98.0 70.00071718509018 
98.0 70.00071718509018 
98.0 70.00071718509018 
98.0 70.00071718509018 
98.0 70.00071718509018 
98.0 70.00071718509018 
98.0 70.00071718509018 
98.0 70.00071718509018 
98.0 70.00071718509018 
98.0 69.00048829626743 
98.0 69.00048829626743 
98.0 69.00048829626743 
98.0 68.00025940744469 
98.0 68.00025940744469 
98.0 68.00025940744469 
98.0 68.00025940744469 
98.0 68.00025940744469 
98.0 67.00003051862194 
98.0 67.00003051862194 
98.0 67.00003051862194 
98.0 67.00003051862194 
98.0 67.00003051862194 
98.0 66.00070192582874 
98.0 66.00070192582874 
98.0 67.00003051862194 
98.0 67.00003051862194 
98.0 68.00025940744469 
98.0 68.00025940744469 
98.0 68.00025940744469 
98.0 69.00048829626743 
98.0 69.00048829626743 
98.0 69.00048829626743 
98.0 69.00048829626743 
98.0 69.00048829626743 
98.0 69.00048829626743 
98.0 69.00048829626743 
98.0 69.00048829626743 
98.0 68.00025940744469 
98.0 69.00048829626743 
98.0 68.00025940744469 
98.0 68.00025940744469 
98.0 68.00025940744469 
98.0 68.00025940744469 
98.0 68.00025940744469 
98.0 68.00025940744469 
98.0 68.00025940744469 
98.0 68.00025940744469 
98.0 68.00025940744469 
98.0 69.00048829626743 
98.0 69.00048829626743 
98.0 69.00048829626743 
98.0 69.00048829626743 
98.0 69.00048829626743 
98.0 69.00048829626743 
98.0 69.00048829626743 
98.0 70.00071718509018 
98.0 70.00071718509018 
98.0 70.00071718509018 
99.0 70.00071718509018 
98.0 70.00071718509018 
98.0 70.00071718509018 
98.0 70.00071718509018 
98.0 70.00071718509018 
98.0 70.00071718509018 
98.0 70.00071718509018 
98.0 70.00071718509018 
98.0 70.00071718509018 
98.0 70.00071718509018 
98.0 70.00071718509018 
98.0 70.00071718509018 
98.0 70.00071718509018 
98.0 70.00071718509018 
98.0 70.00071718509018 
98.0 70.00071718509018 
98.0 70.00071718509018 
98.0 70.00071718509018 
98.0 70.00071718509018 
98.0 70.00071718509018 
98.0 70.00071718509018 
98.0 70.00071718509018 
98.0 71.00004577788339 
98.0 71.00004577788339 
98.0 72.00027466670613 
98.0 71.00004577788339 
98.0 71.00004577788339 
98.0 71.00004577788339 
98.0 71.00004577788339 
98.0 71.00004577788339 
98.0 71.00004577788339 
98.0 71.00004577788339 
98.0 71.00004577788339 
98.0 71.00004577788339 
98.0 71.00004577788339 
98.0 72.00027466670613 
98.0 72.00027466670613 
98.0 73.00050355552888 
98.0 73.00050355552888 
98.0 73.00050355552888 
98.0 72.00027466670613 
98.0 72.00027466670613 
98.0 72.00027466670613 
98.0 73.00050355552888 
98.0 73.00050355552888 
98.0 73.00050355552888 
98.0 74.00073244435164 
98.0 74.00073244435164 
98.0 74.00073244435164 
98.0 74.00073244435164 
98.0 75.00006103714485 
98.0 74.00073244435164 
98.0 75.00006103714485 
98.0 75.00006103714485 
98.0 75.00006103714485 
98.0 75.00006103714485 
98.0 75.00006103714485 
98.0 76.00028992596759 
98.0 76.00028992596759 
98.0 77.00051881479034 
98.0 77.00051881479034 
98.0 76.00028992596759 
98.0 76.00028992596759 
98.0 76.00028992596759 
98.0 79.00007629640629 
98.0 81.00053407405179 
98.0 81.00053407405179 
98.0 82.00076296287453 
98.0 81.00053407405179 
98.0 81.00053407405179 
98.0 80.00030518522904 
98.0 78.00074770361309 
98.0 78.00074770361309 
98.0 77.00051881479034 
98.0 77.00051881479034 
98.0 76.00028992596759 
98.0 76.00028992596759 
98.0 76.00028992596759 
98.0 75.00006103714485 
98.0 76.00028992596759 
98.0 76.00028992596759 
98.0 75.00006103714485 
98.0 75.00006103714485 
98.0 76.00028992596759 
98.0 75.00006103714485 
98.0 75.00006103714485 
98.0 75.00006103714485 
98.0 75.00006103714485 
98.0 75.00006103714485 
98.0 75.00006103714485 
98.0 75.00006103714485 
98.0 74.00073244435164 
98.0 74.00073244435164 
98.0 74.00073244435164 
98.0 74.00073244435164 
98.0 74.00073244435164 
98.0 74.00073244435164 
98.0 74.00073244435164 
98.0 74.00073244435164 
98.0 74.00073244435164 
98.0 74.00073244435164 
98.0 74.00073244435164 
98.0 74.00073244435164 
98.0 74.00073244435164 
98.0 74.00073244435164 
98.0 74.00073244435164 
98.0 73.00050355552888 
98.0 73.00050355552888 
98.0 73.00050355552888 
98.0 73.00050355552888 
98.0 76.00028992596759 
98.0 76.00028992596759 
98.0 76.00028992596759 
99.0 76.00028992596759 
98.0 78.00074770361309 
99.0 78.00074770361309 
98.0 76.00028992596759 
98.0 75.00006103714485 
98.0 74.00073244435164 
98.0 73.00050355552888 
98.0 72.00027466670613 
98.0 72.00027466670613 
98.0 71.00004577788339 
98.0 71.00004577788339 
98.0 71.00004577788339 
98.0 71.00004577788339 
98.0 71.00004577788339 
98.0 71.00004577788339 
98.0 71.00004577788339 
98.0 71.00004577788339 
98.0 71.00004577788339 
98.0 71.00004577788339 
98.0 72.00027466670613 
98.0 72.00027466670613 
98.0 73.00050355552888 
98.0 73.00050355552888 
98.0 73.00050355552888 
98.0 72.00027466670613 
98.0 72.00027466670613 
98.0 71.00004577788339 
98.0 71.00004577788339 
98.0 71.00004577788339 
98.0 71.00004577788339 
98.0 71.00004577788339 
98.0 70.00071718509018 
