97.99993896292123 90.00054933336283 
97.99993896292123 90.00054933336283 
98.99999999993958 90.00054933336283 
98.99999999993958 90.00054933336283 
98.99999999993958 90.00054933336283 
97.99993896292123 90.00054933336283 
97.99993896292123 91.00006103721334 
97.99993896292123 95.00057985188299 
97.99993896292123 95.00057985188299 
97.99993896292123 97.00042725933987 
97.99993896292123 97.00042725933987 
97.99993896292123 97.00042725933987 
97.99993896292123 97.00042725933987 
97.99993896292123 100.00061037040314 
97.99993896292123 100.00061037040314 
97.99993896292123 100.00061037040314 
97.99993896292123 100.00061037040314 
97.99993896292123 100.00061037040314 
97.99993896292123 100.00061037040314 
97.99993896292123 100.00061037040314 
97.99993896292123 100.00061037040314 
97.99993896292123 100.00061037040314 
97.99993896292123 100.00061037040314 
97.99993896292123 100.00061037040314 
97.99993896292123 100.00061037040314 
97.99993896292123 100.00061037040314 
97.99993896292123 101.00012207425367 
97.99993896292123 101.00012207425367 
97.99993896292123 101.00012207425367 
97.99993896292123 101.00012207425367 
97.99993896292123 101.00012207425367 
97.99993896292123 101.00012207425367 
97.99993896292123 101.00012207425367 
97.99993896292123 101.00012207425367 
97.99993896292123 101.00012207425367 
97.99993896292123 101.00012207425367 
97.99993896292123 101.00012207425367 
95.99998474068667 101.00012207425367 
95.99998474068667 101.00012207425367 
95.99998474068667 101.00012207425367 
95.99998474068667 101.00012207425367 
95.99998474068667 101.00012207425367 
95.99998474068667 102.00045777786003 
95.99998474068667 101.00012207425367 
96.9998779259029 97.00042725933987 
97.99993896292123 91.00006103721334 
97.99993896292123 89.00021362975646 
97.99993896292123 88.00070192590594 
97.99993896292123 89.00021362975646 
97.99993896292123 89.00021362975646 
97.99993896292123 88.00070192590594 
97.99993896292123 85.00051881484268 
97.99993896292123 82.00033570377941 
97.99993896292123 79.00015259271615 
97.99993896292123 78.00064088886562 
97.99993896292123 82.00033570377941 
97.99993896292123 82.00033570377941 
97.99993896292123 87.00036622229956 
97.99993896292123 88.00070192590594 
97.99993896292123 90.00054933336283 
97.99993896292123 88.00070192590594 
97.99993896292123 87.00036622229956 
97.99993896292123 86.0000305186932 
97.99993896292123 89.00021362975646 
97.99993896292123 89.00021362975646 
97.99993896292123 91.00006103721334 
97.99993896292123 91.00006103721334 
97.99993896292123 90.00054933336283 
97.99993896292123 90.00054933336283 
97.99993896292123 90.00054933336283 
97.99993896292123 88.00070192590594 
97.99993896292123 87.00036622229956 
97.99993896292123 85.00051881484268 
97.99993896292123 83.00067140738578 
97.99993896292123 82.00033570377941 
97.99993896292123 81.00000000017303 
97.99993896292123 80.00048829632252 
97.99993896292123 79.00015259271615 
97.99993896292123 79.00015259271615 
97.99993896292123 79.00015259271615 
97.99993896292123 80.00048829632252 
97.99993896292123 80.00048829632252 
97.99993896292123 80.00048829632252 
97.99993896292123 79.00015259271615 
97.99993896292123 78.00064088886562 
97.99993896292123 77.00030518525925 
97.99993896292123 76.00079348140873 
97.99993896292123 76.00079348140873 
97.99993896292123 76.00079348140873 
97.99993896292123 76.00079348140873 
97.99993896292123 76.00079348140873 
97.99993896292123 77.00030518525925 
97.99993896292123 77.00030518525925 
97.99993896292123 77.00030518525925 
97.99993896292123 77.00030518525925 
97.99993896292123 78.00064088886562 
97.99993896292123 78.00064088886562 
97.99993896292123 80.00048829632252 
97.99993896292123 81.00000000017303 
96.9998779259029 80.00048829632252 
96.9998779259029 80.00048829632252 
96.9998779259029 79.00015259271615 
96.9998779259029 80.00048829632252 
96.9998779259029 80.00048829632252 
96.9998779259029 82.00033570377941 
96.9998779259029 82.00033570377941 
96.9998779259029 83.00067140738578 
96.9998779259029 83.00067140738578 
96.9998779259029 83.00067140738578 
96.9998779259029 82.00033570377941 
96.9998779259029 83.00067140738578 
96.9998779259029 83.00067140738578 
96.9998779259029 82.00033570377941 
96.9998779259029 82.00033570377941 
96.9998779259029 81.00000000017303 
96.9998779259029 81.00000000017303 
96.9998779259029 81.00000000017303 
96.9998779259029 81.00000000017303 
96.9998779259029 81.00000000017303 
96.9998779259029 81.00000000017303 
97.99993896292123 82.00033570377941 
97.99993896292123 82.00033570377941 
97.99993896292123 81.00000000017303 
97.99993896292123 81.00000000017303 
97.99993896292123 81.00000000017303 
97.99993896292123 81.00000000017303 
97.99993896292123 81.00000000017303 
97.99993896292123 81.00000000017303 
97.99993896292123 82.00033570377941 
97.99993896292123 83.00067140738578 
97.99993896292123 82.00033570377941 
97.99993896292123 82.00033570377941 
97.99993896292123 82.00033570377941 
97.99993896292123 82.00033570377941 
97.99993896292123 82.00033570377941 
97.99993896292123 83.00067140738578 
96.9998779259029 83.00067140738578 
96.9998779259029 83.00067140738578 
96.9998779259029 83.00067140738578 
96.9998779259029 83.00067140738578 
96.9998779259029 83.00067140738578 
96.9998779259029 83.00067140738578 
96.9998779259029 83.00067140738578 
96.9998779259029 84.0001831112363 
96.9998779259029 84.0001831112363 
96.9998779259029 85.00051881484268 
96.9998779259029 86.0000305186932 
96.9998779259029 85.00051881484268 
96.9998779259029 86.0000305186932 
96.9998779259029 85.00051881484268 
96.9998779259029 86.0000305186932 
96.9998779259029 86.0000305186932 
96.9998779259029 86.0000305186932 
96.9998779259029 86.0000305186932 
96.9998779259029 86.0000305186932 
96.9998779259029 87.00036622229956 
96.9998779259029 87.00036622229956 
96.9998779259029 88.00070192590594 
96.9998779259029 88.00070192590594 
97.99993896292123 88.00070192590594 
97.99993896292123 88.00070192590594 
97.99993896292123 87.00036622229956 
96.9998779259029 87.00036622229956 
96.9998779259029 87.00036622229956 
96.9998779259029 87.00036622229956 
96.9998779259029 87.00036622229956 
97.99993896292123 87.00036622229956 
97.99993896292123 87.00036622229956 
96.9998779259029 89.00021362975646 
96.9998779259029 90.00054933336283 
96.9998779259029 89.00021362975646 
96.9998779259029 88.00070192590594 
96.9998779259029 88.00070192590594 
96.9998779259029 88.00070192590594 
96.9998779259029 88.00070192590594 
96.9998779259029 88.00070192590594 
97.99993896292123 89.00021362975646 
97.99993896292123 90.00054933336283 
97.99993896292123 90.00054933336283 
97.99993896292123 89.00021362975646 
97.99993896292123 88.00070192590594 
97.99993896292123 87.00036622229956 
97.99993896292123 86.0000305186932 
97.99993896292123 86.0000305186932 
97.99993896292123 84.0001831112363 
97.99993896292123 84.0001831112363 
97.99993896292123 83.00067140738578 
97.99993896292123 83.00067140738578 
97.99993896292123 83.00067140738578 
96.9998779259029 84.0001831112363 
96.9998779259029 85.00051881484268 
97.99993896292123 88.00070192590594 
97.99993896292123 91.00006103721334 
97.99993896292123 88.00070192590594 
97.99993896292123 87.00036622229956 
97.99993896292123 86.0000305186932 
96.9998779259029 88.00070192590594 
96.9998779259029 91.00006103721334 
96.9998779259029 93.00073244442609 
96.9998779259029 90.00054933336283 
96.9998779259029 89.00021362975646 
97.99993896292123 87.00036622229956 
96.9998779259029 85.00051881484268 
96.9998779259029 85.00051881484268 
96.9998779259029 87.00036622229956 
96.9998779259029 95.00057985188299 
97.99993896292123 97.00042725933987 
97.99993896292123 95.00057985188299 
97.99993896292123 94.00024414827661 
97.99993896292123 92.00039674081972 
97.99993896292123 92.00039674081972 
97.99993896292123 93.00073244442609 
97.99993896292123 94.00024414827661 
97.99993896292123 95.00057985188299 
97.99993896292123 96.0000915557335 
97.99993896292123 96.0000915557335 
97.99993896292123 93.00073244442609 
97.99993896292123 91.00006103721334 
97.99993896292123 88.00070192590594 
97.99993896292123 88.00070192590594 
97.99993896292123 88.00070192590594 
97.99993896292123 88.00070192590594 
97.99993896292123 89.00021362975646 
97.99993896292123 89.00021362975646 
97.99993896292123 89.00021362975646 
97.99993896292123 89.00021362975646 
97.99993896292123 88.00070192590594 
97.99993896292123 86.0000305186932 
97.99993896292123 85.00051881484268 
97.99993896292123 85.00051881484268 
97.99993896292123 84.0001831112363 
97.99993896292123 89.00021362975646 
97.99993896292123 89.00021362975646 
96.9998779259029 92.00039674081972 
96.9998779259029 91.00006103721334 
96.9998779259029 90.00054933336283 
96.9998779259029 88.00070192590594 
96.9998779259029 87.00036622229956 
96.9998779259029 85.00051881484268 
96.9998779259029 85.00051881484268 
96.9998779259029 86.0000305186932 
96.9998779259029 86.0000305186932 
96.9998779259029 86.0000305186932 
96.9998779259029 84.0001831112363 
96.9998779259029 82.00033570377941 
96.9998779259029 81.00000000017303 
96.9998779259029 80.00048829632252 
96.9998779259029 80.00048829632252 
96.9998779259029 82.00033570377941 
96.9998779259029 84.0001831112363 
96.9998779259029 85.00051881484268 
96.9998779259029 86.0000305186932 
96.9998779259029 83.00067140738578 
96.9998779259029 83.00067140738578 
96.9998779259029 82.00033570377941 
96.9998779259029 81.00000000017303 
96.9998779259029 81.00000000017303 
96.9998779259029 81.00000000017303 
96.9998779259029 82.00033570377941 
96.9998779259029 82.00033570377941 
96.9998779259029 82.00033570377941 
96.9998779259029 83.00067140738578 
96.9998779259029 84.0001831112363 
96.9998779259029 84.0001831112363 
96.9998779259029 84.0001831112363 
96.9998779259029 84.0001831112363 
96.9998779259029 85.00051881484268 
96.9998779259029 85.00051881484268 
96.9998779259029 85.00051881484268 
96.9998779259029 85.00051881484268 
96.9998779259029 85.00051881484268 
96.9998779259029 85.00051881484268 
96.9998779259029 85.00051881484268 
96.9998779259029 86.0000305186932 
96.9998779259029 86.0000305186932 
96.9998779259029 85.00051881484268 
96.9998779259029 85.00051881484268 
96.9998779259029 84.0001831112363 
96.9998779259029 83.00067140738578 
96.9998779259029 83.00067140738578 
96.9998779259029 83.00067140738578 
96.9998779259029 85.00051881484268 
96.9998779259029 85.00051881484268 
96.9998779259029 86.0000305186932 
96.9998779259029 84.0001831112363 
96.9998779259029 84.0001831112363 
96.9998779259029 83.00067140738578 
96.9998779259029 83.00067140738578 
96.9998779259029 83.00067140738578 
96.9998779259029 84.0001831112363 
96.9998779259029 84.0001831112363 
96.9998779259029 85.00051881484268 
96.9998779259029 84.0001831112363 
96.9998779259029 83.00067140738578 
96.9998779259029 83.00067140738578 
96.9998779259029 83.00067140738578 
96.9998779259029 85.00051881484268 
96.9998779259029 85.00051881484268 
96.9998779259029 86.0000305186932 
96.9998779259029 85.00051881484268 
96.9998779259029 84.0001831112363 
96.9998779259029 85.00051881484268 
96.9998779259029 86.0000305186932 
96.9998779259029 86.0000305186932 
96.9998779259029 86.0000305186932 
96.9998779259029 86.0000305186932 
96.9998779259029 85.00051881484268 
96.9998779259029 84.0001831112363 
96.9998779259029 84.0001831112363 
96.9998779259029 84.0001831112363 
96.9998779259029 85.00051881484268 
96.9998779259029 86.0000305186932 
96.9998779259029 86.0000305186932 
96.9998779259029 85.00051881484268 
96.9998779259029 85.00051881484268 
96.9998779259029 84.0001831112363 
96.9998779259029 83.00067140738578 
96.9998779259029 83.00067140738578 
96.9998779259029 83.00067140738578 
96.9998779259029 83.00067140738578 
96.9998779259029 84.0001831112363 
96.9998779259029 84.0001831112363 
96.9998779259029 83.00067140738578 
96.9998779259029 83.00067140738578 
96.9998779259029 83.00067140738578 
96.9998779259029 82.00033570377941 
96.9998779259029 81.00000000017303 
96.9998779259029 81.00000000017303 
96.9998779259029 81.00000000017303 
96.9998779259029 81.00000000017303 
96.9998779259029 81.00000000017303 
96.9998779259029 80.00048829632252 
96.9998779259029 80.00048829632252 
96.9998779259029 80.00048829632252 
96.9998779259029 79.00015259271615 
96.9998779259029 79.00015259271615 
96.9998779259029 80.00048829632252 
96.9998779259029 83.00067140738578 
96.9998779259029 83.00067140738578 
96.9998779259029 83.00067140738578 
96.9998779259029 86.0000305186932 
96.9998779259029 86.0000305186932 
96.9998779259029 89.00021362975646 
96.9998779259029 89.00021362975646 
97.99993896292123 93.00073244442609 
97.99993896292123 97.00042725933987 
97.99993896292123 101.00012207425367 
96.9998779259029 103.99948118556108 
97.99993896292123 104.99981688916745 
97.99993896292123 106.99966429662435 
97.99993896292123 109.99984740768761 
97.99993896292123 109.99984740768761 
97.99993896292123 110.99935911153813 
98.99999999993958 109.99984740768761 
97.99993896292123 104.99981688916745 
97.99993896292123 98.00076296294625 
97.99993896292123 98.00076296294625 
97.99993896292123 98.00076296294625 
97.99993896292123 98.00076296294625 
97.99993896292123 98.00076296294625 
97.99993896292123 98.00076296294625 
97.99993896292123 98.00076296294625 
97.99993896292123 98.00076296294625 
97.99993896292123 98.00076296294625 
97.99993896292123 98.00076296294625 
97.99993896292123 98.00076296294625 
97.99993896292123 98.00076296294625 
97.99993896292123 97.00042725933987 
97.99993896292123 95.00057985188299 
97.99993896292123 95.00057985188299 
97.99993896292123 96.0000915557335 
97.99993896292123 99.00027466679677 
97.99993896292123 103.99948118556108 
97.99993896292123 108.00000000023071 
97.99993896292123 105.99932859301796 
97.99993896292123 101.00012207425367 
97.99993896292123 99.00027466679677 
97.99993896292123 99.00027466679677 
97.99993896292123 98.00076296294625 
97.99993896292123 98.00076296294625 
97.99993896292123 101.00012207425367 
97.99993896292123 102.99996948171055 
97.99993896292123 104.99981688916745 
98.99999999993958 104.99981688916745 
97.99993896292123 106.99966429662435 
97.99993896292123 108.00000000023071 
98.99999999993958 108.00000000023071 
97.99993896292123 108.99951170408123 
97.99993896292123 108.99951170408123 
97.99993896292123 106.99966429662435 
97.99993896292123 102.99996948171055 
96.9998779259029 102.00045777786003 
96.9998779259029 102.00045777786003 
96.9998779259029 102.99996948171055 
96.9998779259029 102.99996948171055 
95.99998474068667 102.99996948171055 
95.99998474068667 102.99996948171055 
96.9998779259029 101.00012207425367 
96.9998779259029 101.00012207425367 
96.9998779259029 100.00061037040314 
96.9998779259029 100.00061037040314 
96.9998779259029 100.00061037040314 
96.9998779259029 100.00061037040314 
97.99993896292123 103.99948118556108 
96.9998779259029 106.99966429662435 
96.9998779259029 109.99984740768761 
97.99993896292123 109.99984740768761 
97.99993896292123 108.99951170408123 
97.99993896292123 108.99951170408123 
97.99993896292123 108.00000000023071 
96.9998779259029 108.99951170408123 
96.9998779259029 108.00000000023071 
96.9998779259029 108.00000000023071 
96.9998779259029 108.00000000023071 
94.00003051845209 108.00000000023071 
94.00003051845209 108.00000000023071 
94.00003051845209 104.99981688916745 
97.99993896292123 109.99984740768761 
96.9998779259029 106.99966429662435 
96.9998779259029 109.99984740768761 
96.9998779259029 109.99984740768761 
96.9998779259029 109.99984740768761 
96.9998779259029 109.99984740768761 
96.9998779259029 112.99920651899501 
96.9998779259029 112.99920651899501 
96.9998779259029 112.99920651899501 
96.9998779259029 110.99935911153813 
96.9998779259029 113.99954222260139 
96.9998779259029 113.99954222260139 
96.9998779259029 113.99954222260139 
96.9998779259029 113.99954222260139 
96.9998779259029 113.99954222260139 
96.9998779259029 113.99954222260139 
96.9998779259029 113.99954222260139 
96.9998779259029 113.99954222260139 
96.9998779259029 113.99954222260139 
96.9998779259029 113.99954222260139 
96.9998779259029 113.99954222260139 
96.9998779259029 113.99954222260139 
96.9998779259029 114.99987792620776 
96.9998779259029 114.99987792620776 
96.9998779259029 114.99987792620776 
96.9998779259029 114.99987792620776 
97.99993896292123 114.99987792620776 
97.99993896292123 114.99987792620776 
97.99993896292123 111.9996948151445 
98.99999999993958 108.00000000023071 
98.99999999993958 104.99981688916745 
98.99999999993958 102.00045777786003 
98.99999999993958 103.99948118556108 
98.99999999993958 106.99966429662435 
98.99999999993958 108.00000000023071 
98.99999999993958 109.99984740768761 
98.99999999993958 109.99984740768761 
98.99999999993958 108.99951170408123 
98.99999999993958 108.00000000023071 
98.99999999993958 104.99981688916745 
98.99999999993958 103.99948118556108 
98.99999999993958 103.99948118556108 
97.99993896292123 104.99981688916745 
97.99993896292123 104.99981688916745 
97.99993896292123 105.99932859301796 
97.99993896292123 105.99932859301796 
97.99993896292123 105.99932859301796 
97.99993896292123 105.99932859301796 
97.99993896292123 105.99932859301796 
97.99993896292123 105.99932859301796 
97.99993896292123 105.99932859301796 
97.99993896292123 105.99932859301796 
97.99993896292123 105.99932859301796 
97.99993896292123 105.99932859301796 
97.99993896292123 105.99932859301796 
97.99993896292123 104.99981688916745 
97.99993896292123 103.99948118556108 
97.99993896292123 102.99996948171055 
97.99993896292123 102.00045777786003 
97.99993896292123 103.99948118556108 
97.99993896292123 103.99948118556108 
97.99993896292123 103.99948118556108 
96.9998779259029 103.99948118556108 
96.9998779259029 102.00045777786003 
96.9998779259029 98.00076296294625 
96.9998779259029 98.00076296294625 
96.9998779259029 98.00076296294625 
96.9998779259029 98.00076296294625 
96.9998779259029 98.00076296294625 
96.9998779259029 98.00076296294625 
96.9998779259029 98.00076296294625 
96.9998779259029 96.0000915557335 
96.9998779259029 96.0000915557335 
96.9998779259029 96.0000915557335 
96.9998779259029 96.0000915557335 
96.9998779259029 96.0000915557335 
96.9998779259029 96.0000915557335 
96.9998779259029 96.0000915557335 
96.9998779259029 96.0000915557335 
96.9998779259029 96.0000915557335 
96.9998779259029 96.0000915557335 
96.9998779259029 96.0000915557335 
96.9998779259029 96.0000915557335 
96.9998779259029 91.00006103721334 
96.9998779259029 92.00039674081972 
96.9998779259029 92.00039674081972 
96.9998779259029 92.00039674081972 
96.9998779259029 93.00073244442609 
96.9998779259029 93.00073244442609 
96.9998779259029 93.00073244442609 
96.9998779259029 94.00024414827661 
96.9998779259029 94.00024414827661 
96.9998779259029 94.00024414827661 
96.9998779259029 94.00024414827661 
96.9998779259029 94.00024414827661 
96.9998779259029 94.00024414827661 
96.9998779259029 94.00024414827661 
96.9998779259029 94.00024414827661 
96.9998779259029 98.00076296294625 
96.9998779259029 98.00076296294625 
96.9998779259029 98.00076296294625 
96.9998779259029 98.00076296294625 
96.9998779259029 98.00076296294625 
96.9998779259029 98.00076296294625 
96.9998779259029 99.00027466679677 
96.9998779259029 99.00027466679677 
96.9998779259029 100.00061037040314 
96.9998779259029 100.00061037040314 
96.9998779259029 99.00027466679677 
96.9998779259029 99.00027466679677 
96.9998779259029 99.00027466679677 
96.9998779259029 99.00027466679677 
95.99998474068667 99.00027466679677 
95.99998474068667 99.00027466679677 
95.99998474068667 98.00076296294625 
96.9998779259029 99.00027466679677 
96.9998779259029 99.00027466679677 
95.99998474068667 99.00027466679677 
96.9998779259029 100.00061037040314 
96.9998779259029 100.00061037040314 
95.99998474068667 101.00012207425367 
95.99998474068667 101.00012207425367 
96.9998779259029 98.00076296294625 
95.99998474068667 93.00073244442609 
95.99998474068667 89.00021362975646 
95.99998474068667 89.00021362975646 
95.99998474068667 89.00021362975646 
95.99998474068667 89.00021362975646 
95.99998474068667 88.00070192590594 
95.99998474068667 88.00070192590594 
95.99998474068667 88.00070192590594 
95.99998474068667 89.00021362975646 
95.99998474068667 89.00021362975646 
95.99998474068667 89.00021362975646 
95.99998474068667 89.00021362975646 
97.99993896292123 92.00039674081972 
97.99993896292123 96.0000915557335 
97.99993896292123 96.0000915557335 
96.9998779259029 97.00042725933987 
96.9998779259029 97.00042725933987 
96.9998779259029 94.00024414827661 
96.9998779259029 94.00024414827661 
95.99998474068667 94.00024414827661 
95.99998474068667 94.00024414827661 
95.99998474068667 94.00024414827661 
95.99998474068667 93.00073244442609 
96.9998779259029 94.00024414827661 
96.9998779259029 94.00024414827661 
96.9998779259029 94.00024414827661 
96.9998779259029 94.00024414827661 
96.9998779259029 94.00024414827661 
96.9998779259029 94.00024414827661 
96.9998779259029 94.00024414827661 
96.9998779259029 94.00024414827661 
96.9998779259029 94.00024414827661 
96.9998779259029 94.00024414827661 
96.9998779259029 94.00024414827661 
96.9998779259029 94.00024414827661 
96.9998779259029 94.00024414827661 
96.9998779259029 94.00024414827661 
96.9998779259029 94.00024414827661 
96.9998779259029 94.00024414827661 
96.9998779259029 94.00024414827661 
96.9998779259029 94.00024414827661 
96.9998779259029 94.00024414827661 
96.9998779259029 94.00024414827661 
96.9998779259029 94.00024414827661 
96.9998779259029 94.00024414827661 
96.9998779259029 94.00024414827661 
96.9998779259029 94.00024414827661 
96.9998779259029 94.00024414827661 
96.9998779259029 94.00024414827661 
96.9998779259029 94.00024414827661 
96.9998779259029 94.00024414827661 
96.9998779259029 94.00024414827661 
96.9998779259029 94.00024414827661 
96.9998779259029 94.00024414827661 
96.9998779259029 98.00076296294625 
96.9998779259029 99.00027466679677 
96.9998779259029 99.00027466679677 
96.9998779259029 99.00027466679677 
96.9998779259029 99.00027466679677 
96.9998779259029 101.00012207425367 
95.99998474068667 102.99996948171055 
95.99998474068667 102.99996948171055 
95.99998474068667 102.99996948171055 
95.99998474068667 102.99996948171055 
95.99998474068667 104.99981688916745 
95.99998474068667 105.99932859301796 
95.99998474068667 106.99966429662435 
95.99998474068667 106.99966429662435 
95.99998474068667 106.99966429662435 
95.99998474068667 108.99951170408123 
95.99998474068667 110.99935911153813 
95.99998474068667 110.99935911153813 
95.99998474068667 110.99935911153813 
95.99998474068667 110.99935911153813 
95.99998474068667 110.99935911153813 
95.99998474068667 112.99920651899501 
95.99998474068667 112.99920651899501 
95.99998474068667 113.99954222260139 
95.99998474068667 113.99954222260139 
95.99998474068667 113.99954222260139 
95.99998474068667 114.99987792620776 
95.99998474068667 116.99972533366466 
95.99998474068667 116.99972533366466 
95.99998474068667 116.99972533366466 
95.99998474068667 116.99972533366466 
95.99998474068667 117.99923703751517 
95.99998474068667 117.99923703751517 
95.99998474068667 117.99923703751517 
95.99998474068667 117.99923703751517 
96.9998779259029 119.99990844472792 
96.9998779259029 119.99990844472792 
96.9998779259029 119.99990844472792 
96.9998779259029 119.99990844472792 
96.9998779259029 119.99990844472792 
96.9998779259029 119.99990844472792 
96.9998779259029 119.99990844472792 
96.9998779259029 119.99990844472792 
96.9998779259029 119.99990844472792 
96.9998779259029 119.99990844472792 
96.9998779259029 119.99990844472792 
96.9998779259029 120.99942014857844 
96.9998779259029 120.99942014857844 
96.9998779259029 120.99942014857844 
96.9998779259029 120.99942014857844 
96.9998779259029 120.99942014857844 
96.9998779259029 120.99942014857844 
96.9998779259029 120.99942014857844 
96.9998779259029 120.99942014857844 
96.9998779259029 120.99942014857844 
96.9998779259029 120.99942014857844 
95.99998474068667 120.99942014857844 
95.99998474068667 120.99942014857844 
95.99998474068667 120.99942014857844 
95.99998474068667 121.9997558521848 
95.99998474068667 121.9997558521848 
95.99998474068667 121.9997558521848 
95.99998474068667 121.9997558521848 
95.99998474068667 121.9997558521848 
95.99998474068667 121.9997558521848 
95.99998474068667 121.9997558521848 
95.99998474068667 121.9997558521848 
95.99998474068667 121.9997558521848 
95.99998474068667 121.9997558521848 
96.9998779259029 123.9996032596417 
96.9998779259029 123.9996032596417 
96.9998779259029 123.9996032596417 
96.9998779259029 123.9996032596417 
96.9998779259029 123.9996032596417 
96.9998779259029 123.9996032596417 
96.9998779259029 123.9996032596417 
96.9998779259029 123.9996032596417 
96.9998779259029 123.9996032596417 
96.9998779259029 124.99993896324807 
96.9998779259029 124.99993896324807 
96.9998779259029 124.99993896324807 
96.9998779259029 124.99993896324807 
96.9998779259029 124.99993896324807 
96.9998779259029 124.99993896324807 
96.9998779259029 124.99993896324807 
96.9998779259029 124.99993896324807 
96.9998779259029 124.99993896324807 
96.9998779259029 124.99993896324807 
96.9998779259029 124.99993896324807 
96.9998779259029 124.99993896324807 
96.9998779259029 124.99993896324807 
96.9998779259029 124.99993896324807 
96.9998779259029 124.99993896324807 
97.99993896292123 123.9996032596417 
97.99993896292123 122.99926755603533 
97.99993896292123 122.99926755603533 
96.9998779259029 122.99926755603533 
95.99998474068667 121.9997558521848 
95.99998474068667 120.99942014857844 
95.99998474068667 117.99923703751517 
96.9998779259029 110.99935911153813 
96.9998779259029 109.99984740768761 
97.99993896292123 105.99932859301796 
97.99993896292123 103.99948118556108 
97.99993896292123 102.99996948171055 
97.99993896292123 101.00012207425367 
97.99993896292123 98.00076296294625 
97.99993896292123 94.00024414827661 
97.99993896292123 93.00073244442609 
97.99993896292123 92.00039674081972 
97.99993896292123 91.00006103721334 
97.99993896292123 88.00070192590594 
97.99993896292123 88.00070192590594 
97.99993896292123 87.00036622229956 
97.99993896292123 87.00036622229956 
97.99993896292123 87.00036622229956 
97.99993896292123 88.00070192590594 
97.99993896292123 88.00070192590594 
97.99993896292123 88.00070192590594 
97.99993896292123 87.00036622229956 
97.99993896292123 85.00051881484268 
97.99993896292123 84.0001831112363 
97.99993896292123 84.0001831112363 
97.99993896292123 83.00067140738578 
97.99993896292123 83.00067140738578 
97.99993896292123 84.0001831112363 
97.99993896292123 84.0001831112363 
97.99993896292123 84.0001831112363 
97.99993896292123 83.00067140738578 
97.99993896292123 81.00000000017303 
96.9998779259029 81.00000000017303 
96.9998779259029 82.00033570377941 
96.9998779259029 82.00033570377941 
96.9998779259029 82.00033570377941 
96.9998779259029 82.00033570377941 
96.9998779259029 82.00033570377941 
96.9998779259029 82.00033570377941 
96.9998779259029 81.00000000017303 
96.9998779259029 80.00048829632252 
96.9998779259029 80.00048829632252 
96.9998779259029 80.00048829632252 
96.9998779259029 81.00000000017303 
96.9998779259029 82.00033570377941 
96.9998779259029 82.00033570377941 
96.9998779259029 82.00033570377941 
96.9998779259029 82.00033570377941 
96.9998779259029 81.00000000017303 
96.9998779259029 81.00000000017303 
96.9998779259029 81.00000000017303 
96.9998779259029 81.00000000017303 
96.9998779259029 82.00033570377941 
96.9998779259029 82.00033570377941 
96.9998779259029 82.00033570377941 
96.9998779259029 82.00033570377941 
96.9998779259029 82.00033570377941 
96.9998779259029 82.00033570377941 
96.9998779259029 82.00033570377941 
96.9998779259029 81.00000000017303 
96.9998779259029 82.00033570377941 
96.9998779259029 82.00033570377941 
96.9998779259029 82.00033570377941 
96.9998779259029 83.00067140738578 
96.9998779259029 82.00033570377941 
96.9998779259029 81.00000000017303 
96.9998779259029 81.00000000017303 
96.9998779259029 82.00033570377941 
96.9998779259029 82.00033570377941 
96.9998779259029 82.00033570377941 
96.9998779259029 82.00033570377941 
96.9998779259029 82.00033570377941 
96.9998779259029 82.00033570377941 
96.9998779259029 81.00000000017303 
96.9998779259029 80.00048829632252 
96.9998779259029 81.00000000017303 
96.9998779259029 85.00051881484268 
96.9998779259029 85.00051881484268 
96.9998779259029 85.00051881484268 
96.9998779259029 85.00051881484268 
96.9998779259029 86.0000305186932 
96.9998779259029 87.00036622229956 
96.9998779259029 82.00033570377941 
97.99993896292123 80.00048829632252 
97.99993896292123 79.00015259271615 
97.99993896292123 80.00048829632252 
97.99993896292123 84.0001831112363 
97.99993896292123 87.00036622229956 
97.99993896292123 87.00036622229956 
97.99993896292123 90.00054933336283 
97.99993896292123 91.00006103721334 
97.99993896292123 88.00070192590594 
97.99993896292123 85.00051881484268 
97.99993896292123 84.0001831112363 
97.99993896292123 86.0000305186932 
97.99993896292123 85.00051881484268 
97.99993896292123 86.0000305186932 
97.99993896292123 85.00051881484268 
97.99993896292123 86.0000305186932 
97.99993896292123 85.00051881484268 
97.99993896292123 85.00051881484268 
97.99993896292123 83.00067140738578 
96.9998779259029 81.00000000017303 
96.9998779259029 81.00000000017303 
96.9998779259029 81.00000000017303 
96.9998779259029 80.00048829632252 
96.9998779259029 81.00000000017303 
96.9998779259029 82.00033570377941 
96.9998779259029 82.00033570377941 
96.9998779259029 83.00067140738578 
96.9998779259029 82.00033570377941 
96.9998779259029 81.00000000017303 
96.9998779259029 81.00000000017303 
95.99998474068667 81.00000000017303 
95.99998474068667 82.00033570377941 
95.99998474068667 85.00051881484268 
95.99998474068667 85.00051881484268 
96.9998779259029 85.00051881484268 
96.9998779259029 84.0001831112363 
96.9998779259029 85.00051881484268 
96.9998779259029 85.00051881484268 
96.9998779259029 85.00051881484268 
96.9998779259029 85.00051881484268 
96.9998779259029 85.00051881484268 
96.9998779259029 84.0001831112363 
96.9998779259029 84.0001831112363 
96.9998779259029 84.0001831112363 
96.9998779259029 84.0001831112363 
96.9998779259029 84.0001831112363 
96.9998779259029 85.00051881484268 
96.9998779259029 85.00051881484268 
96.9998779259029 84.0001831112363 
96.9998779259029 85.00051881484268 
96.9998779259029 84.0001831112363 
96.9998779259029 85.00051881484268 
96.9998779259029 85.00051881484268 
96.9998779259029 85.00051881484268 
96.9998779259029 86.0000305186932 
96.9998779259029 86.0000305186932 
96.9998779259029 86.0000305186932 
96.9998779259029 86.0000305186932 
96.9998779259029 86.0000305186932 
96.9998779259029 86.0000305186932 
96.9998779259029 86.0000305186932 
96.9998779259029 87.00036622229956 
96.9998779259029 87.00036622229956 
96.9998779259029 87.00036622229956 
96.9998779259029 85.00051881484268 
96.9998779259029 83.00067140738578 
96.9998779259029 83.00067140738578 
96.9998779259029 87.00036622229956 
96.9998779259029 87.00036622229956 
96.9998779259029 89.00021362975646 
96.9998779259029 86.0000305186932 
96.9998779259029 85.00051881484268 
96.9998779259029 84.0001831112363 
96.9998779259029 84.0001831112363 
96.9998779259029 85.00051881484268 
96.9998779259029 87.00036622229956 
96.9998779259029 88.00070192590594 
96.9998779259029 89.00021362975646 
96.9998779259029 86.0000305186932 
96.9998779259029 84.0001831112363 
96.9998779259029 84.0001831112363 
96.9998779259029 85.00051881484268 
96.9998779259029 85.00051881484268 
96.9998779259029 86.0000305186932 
96.9998779259029 86.0000305186932 
96.9998779259029 86.0000305186932 
96.9998779259029 87.00036622229956 
96.9998779259029 87.00036622229956 
96.9998779259029 85.00051881484268 
95.99998474068667 84.0001831112363 
95.99998474068667 84.0001831112363 
95.99998474068667 83.00067140738578 
95.99998474068667 84.0001831112363 
95.99998474068667 84.0001831112363 
95.99998474068667 86.0000305186932 
95.99998474068667 86.0000305186932 
96.9998779259029 86.0000305186932 
96.9998779259029 86.0000305186932 
95.99998474068667 85.00051881484268 
95.99998474068667 84.0001831112363 
95.99998474068667 84.0001831112363 
95.99998474068667 84.0001831112363 
95.99998474068667 83.00067140738578 
95.99998474068667 84.0001831112363 
95.99998474068667 84.0001831112363 
95.99998474068667 83.00067140738578 
95.99998474068667 83.00067140738578 
95.99998474068667 83.00067140738578 
96.9998779259029 82.00033570377941 
96.9998779259029 83.00067140738578 
96.9998779259029 83.00067140738578 
96.9998779259029 84.0001831112363 
96.9998779259029 85.00051881484268 
96.9998779259029 85.00051881484268 
96.9998779259029 85.00051881484268 
96.9998779259029 85.00051881484268 
96.9998779259029 85.00051881484268 
96.9998779259029 85.00051881484268 
96.9998779259029 85.00051881484268 
96.9998779259029 85.00051881484268 
96.9998779259029 84.0001831112363 
96.9998779259029 84.0001831112363 
95.99998474068667 84.0001831112363 
95.99998474068667 85.00051881484268 
95.99998474068667 85.00051881484268 
96.9998779259029 87.00036622229956 
96.9998779259029 87.00036622229956 
96.9998779259029 87.00036622229956 
96.9998779259029 87.00036622229956 
96.9998779259029 86.0000305186932 
96.9998779259029 85.00051881484268 
96.9998779259029 84.0001831112363 
96.9998779259029 84.0001831112363 
96.9998779259029 83.00067140738578 
96.9998779259029 84.0001831112363 
96.9998779259029 85.00051881484268 
96.9998779259029 85.00051881484268 
96.9998779259029 86.0000305186932 
96.9998779259029 83.00067140738578 
96.9998779259029 82.00033570377941 
96.9998779259029 82.00033570377941 
96.9998779259029 81.00000000017303 
96.9998779259029 81.00000000017303 
95.99998474068667 82.00033570377941 
95.99998474068667 83.00067140738578 
95.99998474068667 85.00051881484268 
95.99998474068667 85.00051881484268 
95.99998474068667 86.0000305186932 
95.99998474068667 85.00051881484268 
95.99998474068667 85.00051881484268 
95.99998474068667 85.00051881484268 
95.99998474068667 85.00051881484268 
96.9998779259029 85.00051881484268 
95.99998474068667 86.0000305186932 
96.9998779259029 86.0000305186932 
96.9998779259029 84.0001831112363 
96.9998779259029 84.0001831112363 
96.9998779259029 85.00051881484268 
96.9998779259029 86.0000305186932 
95.99998474068667 84.0001831112363 
95.99998474068667 83.00067140738578 
95.99998474068667 82.00033570377941 
95.99998474068667 81.00000000017303 
95.99998474068667 81.00000000017303 
95.99998474068667 81.00000000017303 
95.99998474068667 83.00067140738578 
95.99998474068667 85.00051881484268 
95.99998474068667 86.0000305186932 
95.99998474068667 87.00036622229956 
95.99998474068667 88.00070192590594 
95.99998474068667 86.0000305186932 
95.99998474068667 86.0000305186932 
95.99998474068667 86.0000305186932 
95.99998474068667 86.0000305186932 
95.99998474068667 87.00036622229956 
95.99998474068667 88.00070192590594 
95.99998474068667 89.00021362975646 
95.99998474068667 87.00036622229956 
96.9998779259029 87.00036622229956 
96.9998779259029 86.0000305186932 
96.9998779259029 86.0000305186932 
96.9998779259029 87.00036622229956 
96.9998779259029 88.00070192590594 
95.99998474068667 86.0000305186932 
95.99998474068667 86.0000305186932 
95.99998474068667 85.00051881484268 
95.99998474068667 84.0001831112363 
95.99998474068667 84.0001831112363 
95.99998474068667 84.0001831112363 
95.99998474068667 84.0001831112363 
95.99998474068667 84.0001831112363 
95.99998474068667 84.0001831112363 
95.99998474068667 84.0001831112363 
95.99998474068667 83.00067140738578 
95.99998474068667 84.0001831112363 
95.99998474068667 84.0001831112363 
95.99998474068667 84.0001831112363 
95.99998474068667 84.0001831112363 
95.99998474068667 84.0001831112363 
95.99998474068667 84.0001831112363 
95.99998474068667 84.0001831112363 
95.99998474068667 84.0001831112363 
95.99998474068667 84.0001831112363 
95.99998474068667 84.0001831112363 
95.99998474068667 84.0001831112363 
95.99998474068667 84.0001831112363 
95.99998474068667 84.0001831112363 
95.99998474068667 84.0001831112363 
95.99998474068667 84.0001831112363 
95.99998474068667 84.0001831112363 
95.99998474068667 84.0001831112363 
95.99998474068667 84.0001831112363 
95.99998474068667 85.00051881484268 
95.99998474068667 85.00051881484268 
95.99998474068667 85.00051881484268 
95.99998474068667 89.00021362975646 
96.9998779259029 89.00021362975646 
96.9998779259029 92.00039674081972 
96.9998779259029 96.0000915557335 
97.99993896292123 101.00012207425367 
97.99993896292123 105.99932859301796 
97.99993896292123 108.99951170408123 
97.99993896292123 108.99951170408123 
97.99993896292123 110.99935911153813 
97.99993896292123 113.99954222260139 
97.99993896292123 116.99972533366466 
97.99993896292123 121.9997558521848 
97.99993896292123 122.99926755603533 
97.99993896292123 122.99926755603533 
97.99993896292123 123.9996032596417 
97.99993896292123 122.99926755603533 
98.99999999993958 120.99942014857844 
98.99999999993958 120.99942014857844 
97.99993896292123 119.99990844472792 
97.99993896292123 119.99990844472792 
97.99993896292123 119.99990844472792 
97.99993896292123 119.99990844472792 
97.99993896292123 120.99942014857844 
97.99993896292123 120.99942014857844 
97.99993896292123 120.99942014857844 
97.99993896292123 120.99942014857844 
97.99993896292123 120.99942014857844 
97.99993896292123 120.99942014857844 
97.99993896292123 113.99954222260139 
98.99999999993958 111.9996948151445 
98.99999999993958 105.99932859301796 
98.99999999993958 102.99996948171055 
98.99999999993958 102.00045777786003 
98.99999999993958 102.00045777786003 
98.99999999993958 102.00045777786003 
98.99999999993958 105.99932859301796 
98.99999999993958 108.00000000023071 
98.99999999993958 108.99951170408123 
98.99999999993958 106.99966429662435 
98.99999999993958 104.99981688916745 
98.99999999993958 104.99981688916745 
98.99999999993958 105.99932859301796 
98.99999999993958 108.00000000023071 
98.99999999993958 108.00000000023071 
98.99999999993958 108.00000000023071 
98.99999999993958 108.00000000023071 
98.99999999993958 108.00000000023071 
98.99999999993958 108.00000000023071 
98.99999999993958 108.99951170408123 
98.99999999993958 108.99951170408123 
98.99999999993958 108.99951170408123 
98.99999999993958 109.99984740768761 
98.99999999993958 112.99920651899501 
98.99999999993958 115.99938963005827 
98.99999999993958 117.99923703751517 
98.99999999993958 119.99990844472792 
98.99999999993958 119.99990844472792 
98.99999999993958 121.9997558521848 
98.99999999993958 121.9997558521848 
98.99999999993958 122.99926755603533 
98.99999999993958 122.99926755603533 
98.99999999993958 123.9996032596417 
98.99999999993958 124.99993896324807 
98.99999999993958 125.9994506670986 
98.99999999993958 125.9994506670986 
98.99999999993958 125.9994506670986 
98.99999999993958 126.99978637070497 
98.99999999993958 126.99978637070497 
98.99999999993958 126.99978637070497 
98.99999999993958 126.99978637070497 
98.99999999993958 127.99929807455548 
98.99999999993958 128.99963377816186 
98.99999999993958 129.99996948176823 
98.99999999993958 129.99996948176823 
98.99999999993958 129.99996948176823 
98.99999999993958 128.99963377816186 
98.99999999993958 128.99963377816186 
98.99999999993958 128.99963377816186 
98.99999999993958 128.99963377816186 
98.99999999993958 128.99963377816186 
98.99999999993958 128.99963377816186 
98.99999999993958 128.99963377816186 
98.99999999993958 128.99963377816186 
98.99999999993958 127.99929807455548 
98.99999999993958 126.99978637070497 
98.99999999993958 127.99929807455548 
98.99999999993958 126.99978637070497 
98.99999999993958 126.99978637070497 
98.99999999993958 126.99978637070497 
98.99999999993958 126.99978637070497 
98.99999999993958 126.99978637070497 
98.99999999993958 126.99978637070497 
98.99999999993958 126.99978637070497 
98.99999999993958 126.99978637070497 
98.99999999993958 126.99978637070497 
98.99999999993958 126.99978637070497 
98.99999999993958 126.99978637070497 
98.99999999993958 126.99978637070497 
98.99999999993958 125.9994506670986 
98.99999999993958 123.9996032596417 
98.99999999993958 122.99926755603533 
99.9998931851558 121.9997558521848 
99.9998931851558 121.9997558521848 
99.9998931851558 121.9997558521848 
99.9998931851558 120.99942014857844 
99.9998931851558 119.99990844472792 
99.9998931851558 118.99957274112154 
99.9998931851558 118.99957274112154 
99.9998931851558 117.99923703751517 
98.99999999993958 117.99923703751517 
98.99999999993958 116.99972533366466 
98.99999999993958 116.99972533366466 
98.99999999993958 115.99938963005827 
98.99999999993958 114.99987792620776 
98.99999999993958 114.99987792620776 
98.99999999993958 114.99987792620776 
98.99999999993958 114.99987792620776 
98.99999999993958 114.99987792620776 
98.99999999993958 114.99987792620776 
98.99999999993958 114.99987792620776 
98.99999999993958 114.99987792620776 
98.99999999993958 114.99987792620776 
98.99999999993958 113.99954222260139 
98.99999999993958 113.99954222260139 
98.99999999993958 112.99920651899501 
98.99999999993958 112.99920651899501 
98.99999999993958 112.99920651899501 
98.99999999993958 112.99920651899501 
98.99999999993958 111.9996948151445 
98.99999999993958 111.9996948151445 
98.99999999993958 112.99920651899501 
98.99999999993958 113.99954222260139 
98.99999999993958 113.99954222260139 
98.99999999993958 113.99954222260139 
98.99999999993958 113.99954222260139 
98.99999999993958 112.99920651899501 
98.99999999993958 111.9996948151445 
98.99999999993958 109.99984740768761 
98.99999999993958 108.00000000023071 
98.99999999993958 106.99966429662435 
98.99999999993958 105.99932859301796 
98.99999999993958 105.99932859301796 
98.99999999993958 105.99932859301796 
98.99999999993958 106.99966429662435 
99.9998931851558 108.99951170408123 
98.99999999993958 109.99984740768761 
98.99999999993958 109.99984740768761 
98.99999999993958 108.99951170408123 
98.99999999993958 108.99951170408123 
98.99999999993958 108.00000000023071 
99.9998931851558 108.00000000023071 
99.9998931851558 106.99966429662435 
99.9998931851558 105.99932859301796 
98.99999999993958 104.99981688916745 
98.99999999993958 103.99948118556108 
98.99999999993958 105.99932859301796 
98.99999999993958 108.00000000023071 
98.99999999993958 108.00000000023071 
98.99999999993958 108.00000000023071 
98.99999999993958 108.00000000023071 
98.99999999993958 108.00000000023071 
98.99999999993958 106.99966429662435 
98.99999999993958 104.99981688916745 
98.99999999993958 104.99981688916745 
98.99999999993958 104.99981688916745 
98.99999999993958 104.99981688916745 
99.9998931851558 104.99981688916745 
98.99999999993958 104.99981688916745 
99.9998931851558 108.00000000023071 
99.9998931851558 106.99966429662435 
98.99999999993958 108.00000000023071 
99.9998931851558 108.00000000023071 
99.9998931851558 108.00000000023071 
99.9998931851558 108.00000000023071 
99.9998931851558 108.00000000023071 
98.99999999993958 106.99966429662435 
98.99999999993958 106.99966429662435 
98.99999999993958 106.99966429662435 
98.99999999993958 106.99966429662435 
98.99999999993958 108.99951170408123 
98.99999999993958 108.99951170408123 
98.99999999993958 109.99984740768761 
98.99999999993958 110.99935911153813 
98.99999999993958 110.99935911153813 
98.99999999993958 110.99935911153813 
98.99999999993958 110.99935911153813 
98.99999999993958 109.99984740768761 
98.99999999993958 109.99984740768761 
98.99999999993958 109.99984740768761 
98.99999999993958 109.99984740768761 
98.99999999993958 109.99984740768761 
99.9998931851558 110.99935911153813 
98.99999999993958 110.99935911153813 
98.99999999993958 110.99935911153813 
98.99999999993958 111.9996948151445 
98.99999999993958 111.9996948151445 
98.99999999993958 111.9996948151445 
98.99999999993958 111.9996948151445 
98.99999999993958 111.9996948151445 
98.99999999993958 111.9996948151445 
98.99999999993958 111.9996948151445 
98.99999999993958 111.9996948151445 
98.99999999993958 111.9996948151445 
98.99999999993958 111.9996948151445 
98.99999999993958 111.9996948151445 
98.99999999993958 111.9996948151445 
98.99999999993958 111.9996948151445 
98.99999999993958 111.9996948151445 
98.99999999993958 112.99920651899501 
98.99999999993958 112.99920651899501 
98.99999999993958 111.9996948151445 
99.9998931851558 111.9996948151445 
99.9998931851558 111.9996948151445 
99.9998931851558 111.9996948151445 
98.99999999993958 111.9996948151445 
98.99999999993958 111.9996948151445 
98.99999999993958 111.9996948151445 
98.99999999993958 111.9996948151445 
98.99999999993958 111.9996948151445 
98.99999999993958 111.9996948151445 
98.99999999993958 111.9996948151445 
98.99999999993958 111.9996948151445 
98.99999999993958 111.9996948151445 
98.99999999993958 112.99920651899501 
98.99999999993958 113.99954222260139 
98.99999999993958 113.99954222260139 
98.99999999993958 113.99954222260139 
98.99999999993958 113.99954222260139 
98.99999999993958 113.99954222260139 
98.99999999993958 113.99954222260139 
98.99999999993958 112.99920651899501 
99.9998931851558 111.9996948151445 
99.9998931851558 111.9996948151445 
99.9998931851558 110.99935911153813 
98.99999999993958 108.99951170408123 
98.99999999993958 104.99981688916745 
98.99999999993958 102.99996948171055 
97.99993896292123 102.00045777786003 
97.99993896292123 101.00012207425367 
97.99993896292123 101.00012207425367 
98.99999999993958 101.00012207425367 
97.99993896292123 101.00012207425367 
97.99993896292123 100.00061037040314 
97.99993896292123 97.00042725933987 
97.99993896292123 97.00042725933987 
97.99993896292123 97.00042725933987 
97.99993896292123 97.00042725933987 
97.99993896292123 98.00076296294625 
97.99993896292123 98.00076296294625 
97.99993896292123 98.00076296294625 
97.99993896292123 98.00076296294625 
97.99993896292123 98.00076296294625 
97.99993896292123 98.00076296294625 
97.99993896292123 98.00076296294625 
97.99993896292123 98.00076296294625 
97.99993896292123 97.00042725933987 
97.99993896292123 96.0000915557335 
97.99993896292123 96.0000915557335 
97.99993896292123 93.00073244442609 
97.99993896292123 92.00039674081972 
97.99993896292123 91.00006103721334 
98.99999999993958 91.00006103721334 
98.99999999993958 93.00073244442609 
98.99999999993958 93.00073244442609 
98.99999999993958 93.00073244442609 
97.99993896292123 93.00073244442609 
97.99993896292123 94.00024414827661 
97.99993896292123 94.00024414827661 
98.99999999993958 94.00024414827661 
97.99993896292123 93.00073244442609 
97.99993896292123 93.00073244442609 
97.99993896292123 93.00073244442609 
98.99999999993958 93.00073244442609 
98.99999999993958 93.00073244442609 
98.99999999993958 93.00073244442609 
98.99999999993958 93.00073244442609 
97.99993896292123 93.00073244442609 
97.99993896292123 94.00024414827661 
97.99993896292123 93.00073244442609 
97.99993896292123 93.00073244442609 
97.99993896292123 92.00039674081972 
97.99993896292123 91.00006103721334 
97.99993896292123 92.00039674081972 
97.99993896292123 95.00057985188299 
99.9998931851558 96.0000915557335 
98.99999999993958 96.0000915557335 
98.99999999993958 93.00073244442609 
98.99999999993958 92.00039674081972 
98.99999999993958 91.00006103721334 
98.99999999993958 89.00021362975646 
98.99999999993958 89.00021362975646 
97.99993896292123 87.00036622229956 
97.99993896292123 86.0000305186932 
97.99993896292123 86.0000305186932 
97.99993896292123 86.0000305186932 
97.99993896292123 86.0000305186932 
97.99993896292123 86.0000305186932 
97.99993896292123 86.0000305186932 
97.99993896292123 86.0000305186932 
97.99993896292123 86.0000305186932 
97.99993896292123 86.0000305186932 
97.99993896292123 86.0000305186932 
97.99993896292123 86.0000305186932 
97.99993896292123 91.00006103721334 
97.99993896292123 94.00024414827661 
97.99993896292123 94.00024414827661 
97.99993896292123 94.00024414827661 
97.99993896292123 94.00024414827661 
97.99993896292123 94.00024414827661 
97.99993896292123 94.00024414827661 
97.99993896292123 94.00024414827661 
97.99993896292123 94.00024414827661 
97.99993896292123 95.00057985188299 
97.99993896292123 98.00076296294625 
97.99993896292123 102.00045777786003 
97.99993896292123 105.99932859301796 
97.99993896292123 105.99932859301796 
97.99993896292123 106.99966429662435 
97.99993896292123 108.00000000023071 
97.99993896292123 106.99966429662435 
97.99993896292123 105.99932859301796 
97.99993896292123 101.00012207425367 
97.99993896292123 97.00042725933987 
97.99993896292123 93.00073244442609 
97.99993896292123 93.00073244442609 
97.99993896292123 92.00039674081972 
97.99993896292123 92.00039674081972 
97.99993896292123 91.00006103721334 
97.99993896292123 91.00006103721334 
97.99993896292123 91.00006103721334 
97.99993896292123 90.00054933336283 
97.99993896292123 90.00054933336283 
97.99993896292123 90.00054933336283 
97.99993896292123 90.00054933336283 
97.99993896292123 90.00054933336283 
97.99993896292123 90.00054933336283 
97.99993896292123 91.00006103721334 
97.99993896292123 97.00042725933987 
97.99993896292123 96.0000915557335 
97.99993896292123 95.00057985188299 
97.99993896292123 94.00024414827661 
97.99993896292123 93.00073244442609 
98.99999999993958 93.00073244442609 
97.99993896292123 93.00073244442609 
97.99993896292123 95.00057985188299 
97.99993896292123 97.00042725933987 
97.99993896292123 97.00042725933987 
97.99993896292123 99.00027466679677 
97.99993896292123 98.00076296294625 
97.99993896292123 97.00042725933987 
97.99993896292123 97.00042725933987 
97.99993896292123 97.00042725933987 
97.99993896292123 100.00061037040314 
97.99993896292123 102.00045777786003 
97.99993896292123 103.99948118556108 
97.99993896292123 104.99981688916745 
97.99993896292123 102.99996948171055 
97.99993896292123 102.00045777786003 
97.99993896292123 102.00045777786003 
97.99993896292123 102.00045777786003 
97.99993896292123 101.00012207425367 
97.99993896292123 100.00061037040314 
97.99993896292123 100.00061037040314 
97.99993896292123 100.00061037040314 
97.99993896292123 100.00061037040314 
97.99993896292123 100.00061037040314 
97.99993896292123 99.00027466679677 
97.99993896292123 98.00076296294625 
97.99993896292123 96.0000915557335 
97.99993896292123 96.0000915557335 
97.99993896292123 96.0000915557335 
97.99993896292123 95.00057985188299 
97.99993896292123 95.00057985188299 
97.99993896292123 95.00057985188299 
97.99993896292123 95.00057985188299 
97.99993896292123 95.00057985188299 
97.99993896292123 95.00057985188299 
97.99993896292123 95.00057985188299 
97.99993896292123 96.0000915557335 
97.99993896292123 96.0000915557335 
97.99993896292123 96.0000915557335 
97.99993896292123 96.0000915557335 
97.99993896292123 96.0000915557335 
97.99993896292123 96.0000915557335 
97.99993896292123 96.0000915557335 
97.99993896292123 96.0000915557335 
97.99993896292123 96.0000915557335 
97.99993896292123 96.0000915557335 
98.99999999993958 95.00057985188299 
98.99999999993958 95.00057985188299 
98.99999999993958 95.00057985188299 
98.99999999993958 95.00057985188299 
98.99999999993958 95.00057985188299 
98.99999999993958 95.00057985188299 
98.99999999993958 95.00057985188299 
98.99999999993958 95.00057985188299 
98.99999999993958 95.00057985188299 
98.99999999993958 95.00057985188299 
98.99999999993958 95.00057985188299 
98.99999999993958 95.00057985188299 
98.99999999993958 95.00057985188299 
98.99999999993958 95.00057985188299 
98.99999999993958 95.00057985188299 
98.99999999993958 95.00057985188299 
98.99999999993958 95.00057985188299 
98.99999999993958 95.00057985188299 
98.99999999993958 95.00057985188299 
98.99999999993958 95.00057985188299 
98.99999999993958 95.00057985188299 
98.99999999993958 95.00057985188299 
98.99999999993958 95.00057985188299 
94.99992370366833 96.0000915557335 
96.9998779259029 96.0000915557335 
96.9998779259029 92.00039674081972 
97.99993896292123 92.00039674081972 
97.99993896292123 93.00073244442609 
97.99993896292123 98.00076296294625 
97.99993896292123 98.00076296294625 
97.99993896292123 98.00076296294625 
97.99993896292123 98.00076296294625 
97.99993896292123 98.00076296294625 
97.99993896292123 97.00042725933987 
97.99993896292123 95.00057985188299 
97.99993896292123 93.00073244442609 
97.99993896292123 93.00073244442609 
97.99993896292123 93.00073244442609 
96.9998779259029 91.00006103721334 
95.99998474068667 92.00039674081972 
95.99998474068667 91.00006103721334 
94.99992370366833 92.00039674081972 
94.99992370366833 92.00039674081972 
95.99998474068667 94.00024414827661 
95.99998474068667 94.00024414827661 
95.99998474068667 95.00057985188299 
95.99998474068667 95.00057985188299 
95.99998474068667 96.0000915557335 
95.99998474068667 97.00042725933987 
95.99998474068667 96.0000915557335 
95.99998474068667 95.00057985188299 
95.99998474068667 93.00073244442609 
95.99998474068667 92.00039674081972 
95.99998474068667 90.00054933336283 
95.99998474068667 91.00006103721334 
95.99998474068667 91.00006103721334 
95.99998474068667 93.00073244442609 
94.99992370366833 93.00073244442609 
94.99992370366833 94.00024414827661 
94.99992370366833 90.00054933336283 
94.99992370366833 89.00021362975646 
94.99992370366833 87.00036622229956 
94.99992370366833 86.0000305186932 
94.99992370366833 85.00051881484268 
94.99992370366833 86.0000305186932 
94.99992370366833 89.00021362975646 
94.99992370366833 89.00021362975646 
94.99992370366833 91.00006103721334 
94.99992370366833 91.00006103721334 
94.99992370366833 90.00054933336283 
94.99992370366833 88.00070192590594 
94.99992370366833 88.00070192590594 
94.99992370366833 87.00036622229956 
94.99992370366833 88.00070192590594 
94.99992370366833 90.00054933336283 
94.99992370366833 91.00006103721334 
94.99992370366833 91.00006103721334 
94.99992370366833 92.00039674081972 
94.99992370366833 92.00039674081972 
94.99992370366833 90.00054933336283 
94.99992370366833 88.00070192590594 
94.99992370366833 87.00036622229956 
94.99992370366833 87.00036622229956 
94.99992370366833 87.00036622229956 
94.99992370366833 88.00070192590594 
94.99992370366833 87.00036622229956 
94.99992370366833 86.0000305186932 
94.99992370366833 87.00036622229956 
94.99992370366833 85.00051881484268 
94.99992370366833 84.0001831112363 
94.99992370366833 85.00051881484268 
94.99992370366833 84.0001831112363 
94.99992370366833 83.00067140738578 
94.99992370366833 84.0001831112363 
94.99992370366833 84.0001831112363 
94.00003051845209 84.0001831112363 
94.00003051845209 85.00051881484268 
94.00003051845209 84.0001831112363 
94.00003051845209 84.0001831112363 
94.00003051845209 87.00036622229956 
94.00003051845209 87.00036622229956 
94.00003051845209 89.00021362975646 
94.00003051845209 89.00021362975646 
94.00003051845209 90.00054933336283 
94.99992370366833 92.00039674081972 
94.99992370366833 93.00073244442609 
94.99992370366833 92.00039674081972 
94.99992370366833 91.00006103721334 
94.99992370366833 91.00006103721334 
94.99992370366833 90.00054933336283 
94.99992370366833 90.00054933336283 
94.99992370366833 90.00054933336283 
94.99992370366833 89.00021362975646 
95.99998474068667 88.00070192590594 
94.99992370366833 86.0000305186932 
94.99992370366833 86.0000305186932 
94.99992370366833 85.00051881484268 
94.99992370366833 85.00051881484268 
94.99992370366833 86.0000305186932 
94.99992370366833 87.00036622229956 
95.99998474068667 87.00036622229956 
95.99998474068667 86.0000305186932 
95.99998474068667 85.00051881484268 
95.99998474068667 85.00051881484268 
94.99992370366833 86.0000305186932 
94.99992370366833 88.00070192590594 
94.00003051845209 89.00021362975646 
94.00003051845209 89.00021362975646 
94.99992370366833 88.00070192590594 
94.99992370366833 87.00036622229956 
94.99992370366833 87.00036622229956 
94.99992370366833 87.00036622229956 
94.00003051845209 87.00036622229956 
94.00003051845209 90.00054933336283 
94.00003051845209 90.00054933336283 
94.00003051845209 92.00039674081972 
94.00003051845209 92.00039674081972 
94.00003051845209 92.00039674081972 
94.99992370366833 92.00039674081972 
94.99992370366833 92.00039674081972 
94.99992370366833 92.00039674081972 
94.99992370366833 93.00073244442609 
94.99992370366833 92.00039674081972 
94.99992370366833 92.00039674081972 
94.99992370366833 93.00073244442609 
94.99992370366833 94.00024414827661 
94.99992370366833 94.00024414827661 
94.99992370366833 95.00057985188299 
94.99992370366833 96.0000915557335 
94.99992370366833 97.00042725933987 
94.99992370366833 97.00042725933987 
94.99992370366833 96.0000915557335 
94.99992370366833 95.00057985188299 
94.99992370366833 93.00073244442609 
94.99992370366833 93.00073244442609 
94.99992370366833 93.00073244442609 
94.99992370366833 94.00024414827661 
94.99992370366833 96.0000915557335 
94.99992370366833 96.0000915557335 
94.99992370366833 96.0000915557335 
94.99992370366833 95.00057985188299 
94.99992370366833 95.00057985188299 
94.99992370366833 94.00024414827661 
94.99992370366833 93.00073244442609 
94.99992370366833 93.00073244442609 
94.99992370366833 94.00024414827661 
94.99992370366833 95.00057985188299 
94.99992370366833 95.00057985188299 
94.99992370366833 95.00057985188299 
94.99992370366833 95.00057985188299 
94.99992370366833 94.00024414827661 
94.99992370366833 94.00024414827661 
94.99992370366833 94.00024414827661 
94.99992370366833 94.00024414827661 
94.99992370366833 95.00057985188299 
94.99992370366833 94.00024414827661 
94.99992370366833 93.00073244442609 
94.99992370366833 93.00073244442609 
94.99992370366833 92.00039674081972 
94.99992370366833 92.00039674081972 
94.99992370366833 93.00073244442609 
94.99992370366833 95.00057985188299 
94.99992370366833 96.0000915557335 
94.99992370366833 97.00042725933987 
94.99992370366833 98.00076296294625 
94.99992370366833 98.00076296294625 
94.99992370366833 97.00042725933987 
94.99992370366833 96.0000915557335 
94.99992370366833 96.0000915557335 
94.99992370366833 96.0000915557335 
94.00003051845209 96.0000915557335 
94.00003051845209 96.0000915557335 
94.00003051845209 96.0000915557335 
94.00003051845209 96.0000915557335 
94.99992370366833 97.00042725933987 
94.99992370366833 97.00042725933987 
94.99992370366833 97.00042725933987 
94.99992370366833 97.00042725933987 
94.99992370366833 96.0000915557335 
94.99992370366833 95.00057985188299 
94.99992370366833 95.00057985188299 
94.99992370366833 93.00073244442609 
94.99992370366833 93.00073244442609 
94.99992370366833 93.00073244442609 
94.99992370366833 92.00039674081972 
94.99992370366833 91.00006103721334 
94.99992370366833 92.00039674081972 
94.99992370366833 92.00039674081972 
94.99992370366833 92.00039674081972 
94.99992370366833 92.00039674081972 
94.99992370366833 92.00039674081972 
94.99992370366833 92.00039674081972 
94.99992370366833 92.00039674081972 
94.99992370366833 93.00073244442609 
94.99992370366833 93.00073244442609 
94.99992370366833 93.00073244442609 
94.99992370366833 94.00024414827661 
94.99992370366833 95.00057985188299 
94.99992370366833 95.00057985188299 
94.99992370366833 95.00057985188299 
94.99992370366833 96.0000915557335 
94.99992370366833 95.00057985188299 
94.99992370366833 94.00024414827661 
94.99992370366833 94.00024414827661 
94.99992370366833 93.00073244442609 
94.99992370366833 93.00073244442609 
94.99992370366833 92.00039674081972 
94.99992370366833 93.00073244442609 
94.99992370366833 93.00073244442609 
94.99992370366833 93.00073244442609 
94.99992370366833 93.00073244442609 
94.99992370366833 93.00073244442609 
94.99992370366833 92.00039674081972 
94.99992370366833 91.00006103721334 
94.99992370366833 90.00054933336283 
94.99992370366833 91.00006103721334 
94.99992370366833 91.00006103721334 
94.99992370366833 92.00039674081972 
94.99992370366833 93.00073244442609 
94.99992370366833 94.00024414827661 
94.99992370366833 94.00024414827661 
94.99992370366833 94.00024414827661 
94.99992370366833 93.00073244442609 
94.99992370366833 93.00073244442609 
94.99992370366833 92.00039674081972 
94.99992370366833 92.00039674081972 
94.99992370366833 92.00039674081972 
94.99992370366833 92.00039674081972 
94.99992370366833 91.00006103721334 
94.99992370366833 91.00006103721334 
94.99992370366833 88.00070192590594 
94.99992370366833 88.00070192590594 
94.99992370366833 88.00070192590594 
94.99992370366833 89.00021362975646 
94.99992370366833 91.00006103721334 
94.99992370366833 91.00006103721334 
94.99992370366833 92.00039674081972 
94.99992370366833 92.00039674081972 
94.99992370366833 93.00073244442609 
94.99992370366833 92.00039674081972 
94.99992370366833 92.00039674081972 
94.99992370366833 92.00039674081972 
94.99992370366833 92.00039674081972 
94.99992370366833 92.00039674081972 
95.99998474068667 92.00039674081972 
95.99998474068667 92.00039674081972 
95.99998474068667 91.00006103721334 
95.99998474068667 91.00006103721334 
95.99998474068667 90.00054933336283 
95.99998474068667 92.00039674081972 
95.99998474068667 92.00039674081972 
95.99998474068667 96.0000915557335 
94.99992370366833 97.00042725933987 
94.99992370366833 97.00042725933987 
94.99992370366833 99.00027466679677 
95.99998474068667 97.00042725933987 
95.99998474068667 95.00057985188299 
95.99998474068667 92.00039674081972 
95.99998474068667 90.00054933336283 
95.99998474068667 89.00021362975646 
95.99998474068667 89.00021362975646 
95.99998474068667 89.00021362975646 
95.99998474068667 92.00039674081972 
94.99992370366833 92.00039674081972 
94.99992370366833 93.00073244442609 
94.99992370366833 94.00024414827661 
94.99992370366833 93.00073244442609 
94.99992370366833 93.00073244442609 
94.99992370366833 92.00039674081972 
94.99992370366833 92.00039674081972 
94.99992370366833 92.00039674081972 
94.99992370366833 93.00073244442609 
94.99992370366833 94.00024414827661 
94.99992370366833 96.0000915557335 
94.99992370366833 96.0000915557335 
94.99992370366833 97.00042725933987 
94.99992370366833 97.00042725933987 
96.9998779259029 97.00042725933987 
95.99998474068667 97.00042725933987 
97.99993896292123 97.00042725933987 
97.99993896292123 97.00042725933987 
97.99993896292123 97.00042725933987 
97.99993896292123 97.00042725933987 
97.99993896292123 97.00042725933987 
97.99993896292123 97.00042725933987 
97.99993896292123 97.00042725933987 
97.99993896292123 97.00042725933987 
97.99993896292123 97.00042725933987 
96.9998779259029 97.00042725933987 
96.9998779259029 97.00042725933987 
96.9998779259029 97.00042725933987 
96.9998779259029 97.00042725933987 
96.9998779259029 97.00042725933987 
96.9998779259029 98.00076296294625 
97.99993896292123 98.00076296294625 
97.99993896292123 97.00042725933987 
97.99993896292123 97.00042725933987 
97.99993896292123 97.00042725933987 
97.99993896292123 97.00042725933987 
97.99993896292123 97.00042725933987 
97.99993896292123 97.00042725933987 
97.99993896292123 97.00042725933987 
97.99993896292123 97.00042725933987 
97.99993896292123 97.00042725933987 
98.99999999993958 97.00042725933987 
98.99999999993958 97.00042725933987 
98.99999999993958 97.00042725933987 
98.99999999993958 97.00042725933987 
98.99999999993958 97.00042725933987 
98.99999999993958 97.00042725933987 
98.99999999993958 97.00042725933987 
98.99999999993958 97.00042725933987 
98.99999999993958 97.00042725933987 
98.99999999993958 97.00042725933987 
98.99999999993958 97.00042725933987 
98.99999999993958 97.00042725933987 
98.99999999993958 97.00042725933987 
98.99999999993958 97.00042725933987 
98.99999999993958 97.00042725933987 
98.99999999993958 97.00042725933987 
98.99999999993958 97.00042725933987 
98.99999999993958 97.00042725933987 
98.99999999993958 97.00042725933987 
98.99999999993958 97.00042725933987 
98.99999999993958 97.00042725933987 
98.99999999993958 97.00042725933987 
98.99999999993958 97.00042725933987 
98.99999999993958 97.00042725933987 
98.99999999993958 97.00042725933987 
98.99999999993958 97.00042725933987 
95.99998474068667 97.00042725933987 
93.00013733323587 97.00042725933987 
93.00013733323587 97.00042725933987 
90.00012207398296 97.00042725933987 
90.00012207398296 97.00042725933987 
90.00012207398296 97.00042725933987 
89.00006103696462 96.0000915557335 
91.00001525919919 100.00061037040314 
91.00001525919919 100.00061037040314 
91.00001525919919 100.00061037040314 
91.00001525919919 100.00061037040314 
91.00001525919919 100.00061037040314 
91.00001525919919 100.00061037040314 
91.00001525919919 100.00061037040314 
91.00001525919919 100.00061037040314 
91.00001525919919 100.00061037040314 
91.00001525919919 100.00061037040314 
91.00001525919919 100.00061037040314 
91.00001525919919 100.00061037040314 
91.00001525919919 100.00061037040314 
91.00001525919919 100.00061037040314 
91.00001525919919 100.00061037040314 
91.00001525919919 100.00061037040314 
91.00001525919919 100.00061037040314 
91.00001525919919 100.00061037040314 
91.00001525919919 100.00061037040314 
91.00001525919919 100.00061037040314 
91.00001525919919 100.00061037040314 
91.00001525919919 100.00061037040314 
91.00001525919919 100.00061037040314 
91.00001525919919 100.00061037040314 
91.00001525919919 100.00061037040314 
91.00001525919919 100.00061037040314 
91.00001525919919 100.00061037040314 
91.00001525919919 100.00061037040314 
91.00001525919919 100.00061037040314 
91.00001525919919 100.00061037040314 
91.00001525919919 100.00061037040314 
91.00001525919919 100.00061037040314 
91.00001525919919 100.00061037040314 
91.00001525919919 100.00061037040314 
91.00001525919919 100.00061037040314 
91.00001525919919 100.00061037040314 
91.00001525919919 100.00061037040314 
91.00001525919919 100.00061037040314 
91.00001525919919 100.00061037040314 
91.00001525919919 100.00061037040314 
91.00001525919919 100.00061037040314 
91.00001525919919 100.00061037040314 
91.00001525919919 100.00061037040314 
91.00001525919919 100.00061037040314 
91.00001525919919 100.00061037040314 
91.00001525919919 100.00061037040314 
91.00001525919919 100.00061037040314 
91.00001525919919 100.00061037040314 
91.00001525919919 100.00061037040314 
91.00001525919919 100.00061037040314 
91.00001525919919 100.00061037040314 
91.00001525919919 100.00061037040314 
91.00001525919919 100.00061037040314 
91.00001525919919 100.00061037040314 
91.00001525919919 100.00061037040314 
91.00001525919919 100.00061037040314 
91.00001525919919 100.00061037040314 
91.00001525919919 100.00061037040314 
91.00001525919919 100.00061037040314 
91.00001525919919 100.00061037040314 
91.00001525919919 100.00061037040314 
91.00001525919919 100.00061037040314 
91.00001525919919 100.00061037040314 
91.00001525919919 100.00061037040314 
91.00001525919919 100.00061037040314 
91.00001525919919 100.00061037040314 
91.00001525919919 100.00061037040314 
91.00001525919919 100.00061037040314 
91.00001525919919 100.00061037040314 
91.00001525919919 100.00061037040314 
91.00001525919919 100.00061037040314 
91.00001525919919 100.00061037040314 
91.00001525919919 100.00061037040314 
91.00001525919919 100.00061037040314 
91.00001525919919 100.00061037040314 
91.00001525919919 100.00061037040314 
91.00001525919919 100.00061037040314 
91.00001525919919 100.00061037040314 
91.00001525919919 100.00061037040314 
96.9998779259029 87.00036622229956 
96.9998779259029 87.00036622229956 
96.9998779259029 88.00070192590594 
96.9998779259029 88.00070192590594 
96.9998779259029 88.00070192590594 
96.9998779259029 90.00054933336283 
96.9998779259029 91.00006103721334 
96.9998779259029 91.00006103721334 
96.9998779259029 93.00073244442609 
96.9998779259029 93.00073244442609 
96.9998779259029 92.00039674081972 
96.9998779259029 92.00039674081972 
96.9998779259029 92.00039674081972 
96.9998779259029 93.00073244442609 
96.9998779259029 93.00073244442609 
97.99993896292123 94.00024414827661 
97.99993896292123 94.00024414827661 
96.9998779259029 94.00024414827661 
96.9998779259029 93.00073244442609 
96.9998779259029 91.00006103721334 
96.9998779259029 89.00021362975646 
96.9998779259029 88.00070192590594 
96.9998779259029 86.0000305186932 
96.9998779259029 86.0000305186932 
96.9998779259029 88.00070192590594 
96.9998779259029 89.00021362975646 
96.9998779259029 89.00021362975646 
96.9998779259029 90.00054933336283 
96.9998779259029 90.00054933336283 
96.9998779259029 90.00054933336283 
96.9998779259029 88.00070192590594 
96.9998779259029 87.00036622229956 
96.9998779259029 86.0000305186932 
96.9998779259029 86.0000305186932 
96.9998779259029 86.0000305186932 
96.9998779259029 85.00051881484268 
96.9998779259029 86.0000305186932 
96.9998779259029 86.0000305186932 
96.9998779259029 88.00070192590594 
96.9998779259029 88.00070192590594 
96.9998779259029 89.00021362975646 
96.9998779259029 89.00021362975646 
96.9998779259029 90.00054933336283 
96.9998779259029 90.00054933336283 
96.9998779259029 90.00054933336283 
96.9998779259029 89.00021362975646 
96.9998779259029 88.00070192590594 
96.9998779259029 87.00036622229956 
96.9998779259029 87.00036622229956 
96.9998779259029 88.00070192590594 
96.9998779259029 91.00006103721334 
96.9998779259029 92.00039674081972 
96.9998779259029 93.00073244442609 
96.9998779259029 93.00073244442609 
96.9998779259029 93.00073244442609 
96.9998779259029 93.00073244442609 
96.9998779259029 95.00057985188299 
96.9998779259029 95.00057985188299 
96.9998779259029 95.00057985188299 
96.9998779259029 95.00057985188299 
96.9998779259029 94.00024414827661 
96.9998779259029 94.00024414827661 
96.9998779259029 94.00024414827661 
96.9998779259029 94.00024414827661 
96.9998779259029 95.00057985188299 
96.9998779259029 94.00024414827661 
96.9998779259029 92.00039674081972 
96.9998779259029 91.00006103721334 
96.9998779259029 90.00054933336283 
96.9998779259029 89.00021362975646 
96.9998779259029 90.00054933336283 
96.9998779259029 90.00054933336283 
96.9998779259029 90.00054933336283 
96.9998779259029 90.00054933336283 
96.9998779259029 89.00021362975646 
96.9998779259029 88.00070192590594 
96.9998779259029 87.00036622229956 
96.9998779259029 87.00036622229956 
96.9998779259029 87.00036622229956 
96.9998779259029 89.00021362975646 
96.9998779259029 89.00021362975646 
96.9998779259029 90.00054933336283 
96.9998779259029 90.00054933336283 
96.9998779259029 89.00021362975646 
96.9998779259029 87.00036622229956 
96.9998779259029 87.00036622229956 
96.9998779259029 86.0000305186932 
96.9998779259029 86.0000305186932 
96.9998779259029 87.00036622229956 
96.9998779259029 87.00036622229956 
96.9998779259029 88.00070192590594 
96.9998779259029 88.00070192590594 
96.9998779259029 88.00070192590594 
96.9998779259029 86.0000305186932 
96.9998779259029 85.00051881484268 
96.9998779259029 85.00051881484268 
96.9998779259029 86.0000305186932 
96.9998779259029 89.00021362975646 
96.9998779259029 91.00006103721334 
96.9998779259029 91.00006103721334 
96.9998779259029 93.00073244442609 
96.9998779259029 93.00073244442609 
96.9998779259029 94.00024414827661 
96.9998779259029 94.00024414827661 
96.9998779259029 93.00073244442609 
96.9998779259029 93.00073244442609 
96.9998779259029 92.00039674081972 
96.9998779259029 92.00039674081972 
96.9998779259029 92.00039674081972 
96.9998779259029 91.00006103721334 
96.9998779259029 89.00021362975646 
96.9998779259029 88.00070192590594 
96.9998779259029 88.00070192590594 
96.9998779259029 88.00070192590594 
96.9998779259029 88.00070192590594 
96.9998779259029 89.00021362975646 
96.9998779259029 89.00021362975646 
96.9998779259029 89.00021362975646 
96.9998779259029 90.00054933336283 
96.9998779259029 90.00054933336283 
96.9998779259029 89.00021362975646 
96.9998779259029 88.00070192590594 
96.9998779259029 88.00070192590594 
96.9998779259029 87.00036622229956 
96.9998779259029 88.00070192590594 
96.9998779259029 88.00070192590594 
96.9998779259029 88.00070192590594 
96.9998779259029 88.00070192590594 
96.9998779259029 87.00036622229956 
96.9998779259029 86.0000305186932 
96.9998779259029 86.0000305186932 
96.9998779259029 86.0000305186932 
96.9998779259029 87.00036622229956 
96.9998779259029 88.00070192590594 
96.9998779259029 89.00021362975646 
96.9998779259029 89.00021362975646 
96.9998779259029 88.00070192590594 
96.9998779259029 87.00036622229956 
96.9998779259029 86.0000305186932 
96.9998779259029 86.0000305186932 
96.9998779259029 86.0000305186932 
96.9998779259029 86.0000305186932 
96.9998779259029 87.00036622229956 
96.9998779259029 87.00036622229956 
96.9998779259029 87.00036622229956 
96.9998779259029 88.00070192590594 
96.9998779259029 87.00036622229956 
96.9998779259029 87.00036622229956 
96.9998779259029 87.00036622229956 
95.99998474068667 88.00070192590594 
95.99998474068667 88.00070192590594 
95.99998474068667 88.00070192590594 
95.99998474068667 86.0000305186932 
95.99998474068667 86.0000305186932 
95.99998474068667 86.0000305186932 
95.99998474068667 85.00051881484268 
96.9998779259029 85.00051881484268 
96.9998779259029 86.0000305186932 
96.9998779259029 88.00070192590594 
96.9998779259029 88.00070192590594 
96.9998779259029 88.00070192590594 
96.9998779259029 88.00070192590594 
96.9998779259029 87.00036622229956 
96.9998779259029 87.00036622229956 
96.9998779259029 88.00070192590594 
96.9998779259029 89.00021362975646 
96.9998779259029 90.00054933336283 
96.9998779259029 90.00054933336283 
96.9998779259029 90.00054933336283 
96.9998779259029 89.00021362975646 
96.9998779259029 90.00054933336283 
96.9998779259029 90.00054933336283 
96.9998779259029 90.00054933336283 
95.99998474068667 89.00021362975646 
95.99998474068667 88.00070192590594 
95.99998474068667 88.00070192590594 
95.99998474068667 88.00070192590594 
95.99998474068667 88.00070192590594 
95.99998474068667 89.00021362975646 
95.99998474068667 91.00006103721334 
95.99998474068667 91.00006103721334 
95.99998474068667 92.00039674081972 
95.99998474068667 91.00006103721334 
95.99998474068667 94.00024414827661 
95.99998474068667 94.00024414827661 
95.99998474068667 93.00073244442609 
95.99998474068667 93.00073244442609 
95.99998474068667 92.00039674081972 
95.99998474068667 92.00039674081972 
95.99998474068667 91.00006103721334 
95.99998474068667 91.00006103721334 
95.99998474068667 91.00006103721334 
95.99998474068667 92.00039674081972 
95.99998474068667 93.00073244442609 
95.99998474068667 93.00073244442609 
95.99998474068667 93.00073244442609 
95.99998474068667 92.00039674081972 
95.99998474068667 91.00006103721334 
95.99998474068667 91.00006103721334 
95.99998474068667 91.00006103721334 
95.99998474068667 92.00039674081972 
96.9998779259029 92.00039674081972 
95.99998474068667 93.00073244442609 
95.99998474068667 93.00073244442609 
95.99998474068667 93.00073244442609 
95.99998474068667 93.00073244442609 
95.99998474068667 93.00073244442609 
95.99998474068667 94.00024414827661 
94.99992370366833 94.00024414827661 
94.99992370366833 94.00024414827661 
94.99992370366833 95.00057985188299 
94.99992370366833 95.00057985188299 
94.99992370366833 95.00057985188299 
94.99992370366833 95.00057985188299 
94.99992370366833 95.00057985188299 
95.99998474068667 96.0000915557335 
95.99998474068667 95.00057985188299 
96.9998779259029 91.00006103721334 
96.9998779259029 88.00070192590594 
97.99993896292123 88.00070192590594 
97.99993896292123 87.00036622229956 
97.99993896292123 91.00006103721334 
97.99993896292123 94.00024414827661 
97.99993896292123 97.00042725933987 
97.99993896292123 97.00042725933987 
97.99993896292123 97.00042725933987 
97.99993896292123 97.00042725933987 
97.99993896292123 97.00042725933987 
97.99993896292123 97.00042725933987 
97.99993896292123 97.00042725933987 
97.99993896292123 96.0000915557335 
96.9998779259029 96.0000915557335 
96.9998779259029 96.0000915557335 
96.9998779259029 96.0000915557335 
96.9998779259029 96.0000915557335 
96.9998779259029 96.0000915557335 
96.9998779259029 96.0000915557335 
96.9998779259029 96.0000915557335 
96.9998779259029 96.0000915557335 
96.9998779259029 96.0000915557335 
96.9998779259029 96.0000915557335 
96.9998779259029 96.0000915557335 
96.9998779259029 95.00057985188299 
96.9998779259029 95.00057985188299 
96.9998779259029 95.00057985188299 
96.9998779259029 95.00057985188299 
97.99993896292123 95.00057985188299 
97.99993896292123 95.00057985188299 
97.99993896292123 95.00057985188299 
97.99993896292123 96.0000915557335 
97.99993896292123 98.00076296294625 
97.99993896292123 100.00061037040314 
97.99993896292123 100.00061037040314 
97.99993896292123 101.00012207425367 
97.99993896292123 101.00012207425367 
97.99993896292123 102.00045777786003 
97.99993896292123 102.99996948171055 
97.99993896292123 97.00042725933987 
97.99993896292123 92.00039674081972 
97.99993896292123 85.00051881484268 
97.99993896292123 83.00067140738578 
97.99993896292123 82.00033570377941 
97.99993896292123 82.00033570377941 
97.99993896292123 84.0001831112363 
97.99993896292123 84.0001831112363 
97.99993896292123 85.00051881484268 
97.99993896292123 85.00051881484268 
97.99993896292123 85.00051881484268 
97.99993896292123 85.00051881484268 
97.99993896292123 84.0001831112363 
97.99993896292123 84.0001831112363 
96.9998779259029 84.0001831112363 
96.9998779259029 84.0001831112363 
96.9998779259029 84.0001831112363 
96.9998779259029 83.00067140738578 
95.99998474068667 83.00067140738578 
96.9998779259029 83.00067140738578 
96.9998779259029 83.00067140738578 
96.9998779259029 83.00067140738578 
96.9998779259029 84.0001831112363 
96.9998779259029 84.0001831112363 
96.9998779259029 84.0001831112363 
96.9998779259029 84.0001831112363 
96.9998779259029 85.00051881484268 
96.9998779259029 85.00051881484268 
96.9998779259029 85.00051881484268 
96.9998779259029 85.00051881484268 
96.9998779259029 85.00051881484268 
96.9998779259029 85.00051881484268 
96.9998779259029 85.00051881484268 
96.9998779259029 86.0000305186932 
96.9998779259029 86.0000305186932 
96.9998779259029 86.0000305186932 
96.9998779259029 87.00036622229956 
96.9998779259029 87.00036622229956 
96.9998779259029 86.0000305186932 
96.9998779259029 86.0000305186932 
96.9998779259029 86.0000305186932 
96.9998779259029 84.0001831112363 
96.9998779259029 84.0001831112363 
96.9998779259029 83.00067140738578 
96.9998779259029 83.00067140738578 
96.9998779259029 83.00067140738578 
96.9998779259029 82.00033570377941 
96.9998779259029 82.00033570377941 
96.9998779259029 83.00067140738578 
96.9998779259029 82.00033570377941 
96.9998779259029 83.00067140738578 
96.9998779259029 84.0001831112363 
96.9998779259029 85.00051881484268 
95.99998474068667 85.00051881484268 
95.99998474068667 85.00051881484268 
95.99998474068667 84.0001831112363 
96.9998779259029 84.0001831112363 
96.9998779259029 84.0001831112363 
96.9998779259029 85.00051881484268 
96.9998779259029 85.00051881484268 
96.9998779259029 85.00051881484268 
96.9998779259029 85.00051881484268 
96.9998779259029 84.0001831112363 
96.9998779259029 82.00033570377941 
96.9998779259029 82.00033570377941 
96.9998779259029 82.00033570377941 
96.9998779259029 83.00067140738578 
96.9998779259029 83.00067140738578 
96.9998779259029 84.0001831112363 
96.9998779259029 85.00051881484268 
96.9998779259029 85.00051881484268 
96.9998779259029 85.00051881484268 
96.9998779259029 84.0001831112363 
96.9998779259029 82.00033570377941 
96.9998779259029 82.00033570377941 
96.9998779259029 81.00000000017303 
96.9998779259029 83.00067140738578 
96.9998779259029 83.00067140738578 
95.99998474068667 83.00067140738578 
95.99998474068667 83.00067140738578 
95.99998474068667 81.00000000017303 
95.99998474068667 81.00000000017303 
95.99998474068667 81.00000000017303 
95.99998474068667 81.00000000017303 
95.99998474068667 81.00000000017303 
95.99998474068667 82.00033570377941 
95.99998474068667 82.00033570377941 
95.99998474068667 83.00067140738578 
95.99998474068667 83.00067140738578 
95.99998474068667 84.0001831112363 
95.99998474068667 84.0001831112363 
95.99998474068667 85.00051881484268 
95.99998474068667 87.00036622229956 
95.99998474068667 87.00036622229956 
95.99998474068667 87.00036622229956 
95.99998474068667 87.00036622229956 
96.9998779259029 86.0000305186932 
96.9998779259029 85.00051881484268 
96.9998779259029 84.0001831112363 
96.9998779259029 84.0001831112363 
96.9998779259029 84.0001831112363 
96.9998779259029 84.0001831112363 
96.9998779259029 85.00051881484268 
96.9998779259029 84.0001831112363 
96.9998779259029 84.0001831112363 
96.9998779259029 82.00033570377941 
96.9998779259029 82.00033570377941 
96.9998779259029 81.00000000017303 
96.9998779259029 82.00033570377941 
96.9998779259029 84.0001831112363 
96.9998779259029 85.00051881484268 
96.9998779259029 86.0000305186932 
96.9998779259029 86.0000305186932 
96.9998779259029 86.0000305186932 
96.9998779259029 86.0000305186932 
95.99998474068667 87.00036622229956 
95.99998474068667 87.00036622229956 
95.99998474068667 87.00036622229956 
96.9998779259029 86.0000305186932 
96.9998779259029 85.00051881484268 
96.9998779259029 86.0000305186932 
96.9998779259029 86.0000305186932 
96.9998779259029 86.0000305186932 
96.9998779259029 86.0000305186932 
96.9998779259029 86.0000305186932 
96.9998779259029 86.0000305186932 
96.9998779259029 84.0001831112363 
96.9998779259029 83.00067140738578 
96.9998779259029 83.00067140738578 
96.9998779259029 82.00033570377941 
96.9998779259029 82.00033570377941 
96.9998779259029 83.00067140738578 
96.9998779259029 84.0001831112363 
96.9998779259029 84.0001831112363 
96.9998779259029 84.0001831112363 
96.9998779259029 84.0001831112363 
96.9998779259029 84.0001831112363 
96.9998779259029 84.0001831112363 
96.9998779259029 85.00051881484268 
96.9998779259029 85.00051881484268 
96.9998779259029 86.0000305186932 
95.99998474068667 86.0000305186932 
95.99998474068667 87.00036622229956 
95.99998474068667 86.0000305186932 
95.99998474068667 86.0000305186932 
95.99998474068667 86.0000305186932 
95.99998474068667 85.00051881484268 
95.99998474068667 84.0001831112363 
95.99998474068667 83.00067140738578 
95.99998474068667 82.00033570377941 
95.99998474068667 82.00033570377941 
95.99998474068667 84.0001831112363 
95.99998474068667 84.0001831112363 
95.99998474068667 85.00051881484268 
95.99998474068667 84.0001831112363 
95.99998474068667 83.00067140738578 
96.9998779259029 82.00033570377941 
96.9998779259029 82.00033570377941 
96.9998779259029 87.00036622229956 
96.9998779259029 87.00036622229956 
96.9998779259029 85.00051881484268 
96.9998779259029 82.00033570377941 
96.9998779259029 82.00033570377941 
96.9998779259029 81.00000000017303 
96.9998779259029 81.00000000017303 
96.9998779259029 84.0001831112363 
96.9998779259029 87.00036622229956 
96.9998779259029 87.00036622229956 
97.99993896292123 86.0000305186932 
97.99993896292123 84.0001831112363 
97.99993896292123 82.00033570377941 
97.99993896292123 85.00051881484268 
97.99993896292123 87.00036622229956 
97.99993896292123 89.00021362975646 
97.99993896292123 88.00070192590594 
97.99993896292123 87.00036622229956 
97.99993896292123 86.0000305186932 
97.99993896292123 86.0000305186932 
97.99993896292123 86.0000305186932 
97.99993896292123 86.0000305186932 
97.99993896292123 87.00036622229956 
97.99993896292123 87.00036622229956 
97.99993896292123 86.0000305186932 
97.99993896292123 86.0000305186932 
97.99993896292123 85.00051881484268 
97.99993896292123 84.0001831112363 
97.99993896292123 84.0001831112363 
96.9998779259029 85.00051881484268 
96.9998779259029 85.00051881484268 
96.9998779259029 84.0001831112363 
96.9998779259029 82.00033570377941 
95.99998474068667 81.00000000017303 
95.99998474068667 81.00000000017303 
95.99998474068667 81.00000000017303 
95.99998474068667 82.00033570377941 
95.99998474068667 84.0001831112363 
95.99998474068667 84.0001831112363 
95.99998474068667 85.00051881484268 
95.99998474068667 86.0000305186932 
95.99998474068667 87.00036622229956 
95.99998474068667 85.00051881484268 
95.99998474068667 85.00051881484268 
95.99998474068667 84.0001831112363 
95.99998474068667 83.00067140738578 
95.99998474068667 83.00067140738578 
95.99998474068667 83.00067140738578 
95.99998474068667 86.0000305186932 
95.99998474068667 88.00070192590594 
95.99998474068667 87.00036622229956 
95.99998474068667 86.0000305186932 
95.99998474068667 85.00051881484268 
95.99998474068667 85.00051881484268 
96.9998779259029 84.0001831112363 
96.9998779259029 84.0001831112363 
96.9998779259029 84.0001831112363 
96.9998779259029 84.0001831112363 
96.9998779259029 85.00051881484268 
96.9998779259029 85.00051881484268 
96.9998779259029 85.00051881484268 
95.99998474068667 86.0000305186932 
95.99998474068667 87.00036622229956 
95.99998474068667 87.00036622229956 
95.99998474068667 88.00070192590594 
95.99998474068667 87.00036622229956 
95.99998474068667 87.00036622229956 
95.99998474068667 86.0000305186932 
