96.99987792590288 81.00000000017303 
97.99993896292122 76.00010681494553 
97.99993896292122 75.00032044450971 
97.99993896292122 73.00074770363811 
97.99993896292122 72.0000000001538 
97.99993896292122 71.000213629718 
97.99993896292122 70.0004272592822 
97.99993896292122 68.00085451841059 
97.99993896292122 66.0003204444905 
97.99993896292122 64.00074770361888 
97.99993896292122 63.000000000134584 
97.99993896292122 62.00021362969878 
97.99993896292122 62.00021362969878 
97.99993896292122 62.00021362969878 
97.99993896292122 64.00074770361888 
97.99993896292122 64.00074770361888 
97.99993896292122 65.00053407405468 
97.99993896292122 66.0003204444905 
97.99993896292122 66.0003204444905 
97.99993896292122 66.0003204444905 
97.99993896292122 68.00085451841059 
97.99993896292122 68.00085451841059 
97.99993896292122 67.0001068149263 
96.99987792590288 67.0001068149263 
96.99987792590288 67.0001068149263 
96.99987792590288 67.0001068149263 
96.99987792590288 67.0001068149263 
96.99987792590288 67.0001068149263 
96.99987792590288 67.0001068149263 
96.99987792590288 66.0003204444905 
96.99987792590288 66.0003204444905 
96.99987792590288 67.0001068149263 
96.99987792590288 66.0003204444905 
96.99987792590288 66.0003204444905 
96.99987792590288 66.0003204444905 
96.99987792590288 65.00053407405468 
96.99987792590288 65.00053407405468 
96.99987792590288 65.00053407405468 
96.99987792590288 65.00053407405468 
96.99987792590288 64.00074770361888 
96.99987792590288 64.00074770361888 
96.99987792590288 64.00074770361888 
96.99987792590288 64.00074770361888 
96.99987792590288 64.00074770361888 
96.99987792590288 64.00074770361888 
96.99987792590288 64.00074770361888 
96.99987792590288 64.00074770361888 
96.99987792590288 65.00053407405468 
96.99987792590288 65.00053407405468 
96.99987792590288 66.0003204444905 
96.99987792590288 69.0006408888464 
96.99987792590288 69.0006408888464 
96.99987792590288 69.0006408888464 
96.99987792590288 68.00085451841059 
96.99987792590288 66.0003204444905 
96.99987792590288 65.00053407405468 
96.99987792590288 64.00074770361888 
97.99993896292122 64.00074770361888 
97.99993896292122 64.00074770361888 
96.99987792590288 65.00053407405468 
96.99987792590288 67.0001068149263 
96.99987792590288 67.0001068149263 
96.99987792590288 68.00085451841059 
96.99987792590288 70.0004272592822 
96.99987792590288 70.0004272592822 
96.99987792590288 70.0004272592822 
96.99987792590288 69.0006408888464 
96.99987792590288 68.00085451841059 
96.99987792590288 68.00085451841059 
96.99987792590288 68.00085451841059 
96.99987792590288 68.00085451841059 
96.99987792590288 68.00085451841059 
96.99987792590288 68.00085451841059 
96.99987792590288 68.00085451841059 
95.99995422217718 66.0003204444905 
95.99995422217718 65.00053407405468 
95.99995422217718 64.00074770361888 
95.99995422217718 64.00074770361888 
95.99995422217718 65.00053407405468 
95.99995422217718 65.00053407405468 
95.99995422217718 67.0001068149263 
95.99995422217718 67.0001068149263 
96.99987792590288 67.0001068149263 
96.99987792590288 67.0001068149263 
96.99987792590288 66.0003204444905 
96.99987792590288 65.00053407405468 
96.99987792590288 64.00074770361888 
96.99987792590288 64.00074770361888 
96.99987792590288 64.00074770361888 
96.99987792590288 64.00074770361888 
96.99987792590288 64.00074770361888 
96.99987792590288 65.00053407405468 
96.99987792590288 66.0003204444905 
96.99987792590288 66.0003204444905 
96.99987792590288 66.0003204444905 
96.99987792590288 66.0003204444905 
96.99987792590288 66.0003204444905 
96.99987792590288 66.0003204444905 
96.99987792590288 66.0003204444905 
96.99987792590288 66.0003204444905 
96.99987792590288 66.0003204444905 
96.99987792590288 66.0003204444905 
96.99987792590288 65.00053407405468 
96.99987792590288 65.00053407405468 
96.99987792590288 66.0003204444905 
96.99987792590288 66.0003204444905 
96.99987792590288 65.00053407405468 
96.99987792590288 65.00053407405468 
96.99987792590288 66.0003204444905 
96.99987792590288 66.0003204444905 
95.99995422217718 65.00053407405468 
95.99995422217718 65.00053407405468 
95.99995422217718 65.00053407405468 
95.99995422217718 66.0003204444905 
95.99995422217718 66.0003204444905 
95.99995422217718 65.00053407405468 
95.99995422217718 65.00053407405468 
95.99995422217718 65.00053407405468 
96.99987792590288 65.00053407405468 
96.99987792590288 65.00053407405468 
96.99987792590288 64.00074770361888 
96.99987792590288 64.00074770361888 
96.99987792590288 65.00053407405468 
96.99987792590288 66.0003204444905 
96.99987792590288 66.0003204444905 
96.99987792590288 66.0003204444905 
96.99987792590288 66.0003204444905 
96.99987792590288 65.00053407405468 
96.99987792590288 65.00053407405468 
96.99987792590288 64.00074770361888 
96.99987792590288 64.00074770361888 
96.99987792590288 64.00074770361888 
96.99987792590288 64.00074770361888 
96.99987792590288 65.00053407405468 
96.99987792590288 65.00053407405468 
96.99987792590288 65.00053407405468 
97.99993896292122 66.0003204444905 
97.99993896292122 65.00053407405468 
97.99993896292122 65.00053407405468 
97.99993896292122 65.00053407405468 
97.99993896292122 64.00074770361888 
96.99987792590288 64.00074770361888 
96.99987792590288 64.00074770361888 
96.99987792590288 67.0001068149263 
96.99987792590288 68.00085451841059 
96.99987792590288 68.00085451841059 
96.99987792590288 67.0001068149263 
96.99987792590288 65.00053407405468 
96.99987792590288 64.00074770361888 
96.99987792590288 64.00074770361888 
96.99987792590288 64.00074770361888 
97.99993896292122 64.00074770361888 
97.99993896292122 65.00053407405468 
96.99987792590288 70.0004272592822 
96.99987792590288 70.0004272592822 
96.99987792590288 75.00032044450971 
97.99993896292122 77.00085451842982 
97.99993896292122 78.00064088886562 
97.99993896292122 76.00010681494553 
97.99993896292122 71.000213629718 
97.99993896292122 71.000213629718 
97.99993896292122 69.0006408888464 
97.99993896292122 69.0006408888464 
97.99993896292122 69.0006408888464 
97.99993896292122 68.00085451841059 
97.99993896292122 68.00085451841059 
97.99993896292122 68.00085451841059 
96.99987792590288 68.00085451841059 
96.99987792590288 68.00085451841059 
96.99987792590288 68.00085451841059 
96.99987792590288 67.0001068149263 
96.99987792590288 67.0001068149263 
96.99987792590288 67.0001068149263 
96.99987792590288 69.0006408888464 
96.99987792590288 69.0006408888464 
96.99987792590288 70.0004272592822 
96.99987792590288 72.0000000001538 
96.99987792590288 70.0004272592822 
96.99987792590288 69.0006408888464 
96.99987792590288 67.0001068149263 
96.99987792590288 67.0001068149263 
96.99987792590288 68.00085451841059 
95.99995422217718 68.00085451841059 
95.99995422217718 69.0006408888464 
95.99995422217718 69.0006408888464 
95.99995422217718 70.0004272592822 
96.99987792590288 71.000213629718 
96.99987792590288 71.000213629718 
96.99987792590288 70.0004272592822 
96.99987792590288 70.0004272592822 
96.99987792590288 69.0006408888464 
96.99987792590288 69.0006408888464 
96.99987792590288 69.0006408888464 
96.99987792590288 69.0006408888464 
96.99987792590288 69.0006408888464 
96.99987792590288 69.0006408888464 
96.99987792590288 69.0006408888464 
96.99987792590288 69.0006408888464 
96.99987792590288 70.0004272592822 
96.99987792590288 70.0004272592822 
96.99987792590288 70.0004272592822 
96.99987792590288 71.000213629718 
96.99987792590288 70.0004272592822 
96.99987792590288 69.0006408888464 
96.99987792590288 68.00085451841059 
96.99987792590288 68.00085451841059 
96.99987792590288 68.00085451841059 
96.99987792590288 68.00085451841059 
96.99987792590288 68.00085451841059 
96.99987792590288 68.00085451841059 
96.99987792590288 68.00085451841059 
96.99987792590288 68.00085451841059 
96.99987792590288 68.00085451841059 
96.99987792590288 68.00085451841059 
96.99987792590288 68.00085451841059 
96.99987792590288 68.00085451841059 
96.99987792590288 68.00085451841059 
96.99987792590288 68.00085451841059 
96.99987792590288 68.00085451841059 
95.99995422217718 68.00085451841059 
95.99995422217718 67.0001068149263 
95.99995422217718 67.0001068149263 
95.99995422217718 67.0001068149263 
95.99995422217718 67.0001068149263 
95.99995422217718 66.0003204444905 
95.99995422217718 67.0001068149263 
95.99995422217718 67.0001068149263 
95.99995422217718 67.0001068149263 
96.99987792590288 67.0001068149263 
96.99987792590288 66.0003204444905 
96.99987792590288 65.00053407405468 
96.99987792590288 65.00053407405468 
96.99987792590288 67.0001068149263 
96.99987792590288 67.0001068149263 
96.99987792590288 68.00085451841059 
96.99987792590288 68.00085451841059 
96.99987792590288 68.00085451841059 
96.99987792590288 68.00085451841059 
96.99987792590288 68.00085451841059 
96.99987792590288 69.0006408888464 
96.99987792590288 69.0006408888464 
96.99987792590288 69.0006408888464 
96.99987792590288 69.0006408888464 
96.99987792590288 69.0006408888464 
96.99987792590288 70.0004272592822 
95.99995422217718 70.0004272592822 
96.99987792590288 70.0004272592822 
96.99987792590288 69.0006408888464 
95.99995422217718 70.0004272592822 
95.99995422217718 69.0006408888464 
95.99995422217718 70.0004272592822 
95.99995422217718 70.0004272592822 
95.99995422217718 69.0006408888464 
96.99987792590288 68.00085451841059 
96.99987792590288 67.0001068149263 
96.99987792590288 66.0003204444905 
96.99987792590288 66.0003204444905 
96.99987792590288 66.0003204444905 
96.99987792590288 66.0003204444905 
96.99987792590288 66.0003204444905 
96.99987792590288 68.00085451841059 
96.99987792590288 70.0004272592822 
96.99987792590288 70.0004272592822 
96.99987792590288 71.000213629718 
96.99987792590288 73.00074770363811 
96.99987792590288 73.00074770363811 
96.99987792590288 73.00074770363811 
96.99987792590288 70.0004272592822 
96.99987792590288 68.00085451841059 
96.99987792590288 67.0001068149263 
96.99987792590288 67.0001068149263 
96.99987792590288 68.00085451841059 
96.99987792590288 69.0006408888464 
96.99987792590288 69.0006408888464 
96.99987792590288 68.00085451841059 
96.99987792590288 68.00085451841059 
96.99987792590288 68.00085451841059 
96.99987792590288 68.00085451841059 
96.99987792590288 69.0006408888464 
96.99987792590288 69.0006408888464 
96.99987792590288 69.0006408888464 
97.99993896292122 68.00085451841059 
96.99987792590288 67.0001068149263 
96.99987792590288 67.0001068149263 
96.99987792590288 66.0003204444905 
96.99987792590288 64.00074770361888 
96.99987792590288 64.00074770361888 
96.99987792590288 64.00074770361888 
96.99987792590288 64.00074770361888 
96.99987792590288 64.00074770361888 
96.99987792590288 65.00053407405468 
96.99987792590288 67.0001068149263 
96.99987792590288 67.0001068149263 
96.99987792590288 69.0006408888464 
96.99987792590288 68.00085451841059 
96.99987792590288 66.0003204444905 
96.99987792590288 66.0003204444905 
96.99987792590288 66.0003204444905 
96.99987792590288 68.00085451841059 
96.99987792590288 69.0006408888464 
96.99987792590288 70.0004272592822 
96.99987792590288 90.99978637062807 
96.99987792590288 90.99978637062807 
96.99987792590288 90.99978637062807 
96.99987792590288 90.99978637062807 
96.99987792590288 90.99978637062807 
96.99987792590288 90.99978637062807 
95.99995422217718 90.99978637062807 
95.99995422217718 90.99978637062807 
95.99995422217718 91.99957274106387 
95.99995422217718 88.99925229670797 
95.99995422217718 86.99967955583635 
95.99995422217718 84.00032044452894 
95.99995422217718 82.00074770365734 
95.99995422217718 78.00064088886562 
95.99995422217718 77.00085451842982 
95.99995422217718 77.00085451842982 
95.99995422217718 76.00010681494553 
95.99995422217718 75.00032044450971 
95.99995422217718 74.00053407407391 
96.99987792590288 73.00074770363811 
96.99987792590288 73.00074770363811 
96.99987792590288 72.0000000001538 
97.99993896292122 71.000213629718 
97.99993896292122 71.000213629718 
97.99993896292122 71.000213629718 
97.99993896292122 72.0000000001538 
97.99993896292122 72.0000000001538 
97.99993896292122 73.00074770363811 
97.99993896292122 73.00074770363811 
96.99987792590288 75.00032044450971 
96.99987792590288 76.00010681494553 
96.99987792590288 76.00010681494553 
96.99987792590288 79.00042725930143 
96.99987792590288 79.00042725930143 
96.99987792590288 80.00021362973723 
96.99987792590288 79.00042725930143 
95.99995422217718 79.00042725930143 
95.99995422217718 79.00042725930143 
95.99995422217718 81.00000000017303 
95.99995422217718 81.00000000017303 
96.99987792590288 82.00074770365734 
96.99987792590288 82.00074770365734 
96.99987792590288 82.00074770365734 
96.99987792590288 82.00074770365734 
95.99995422217718 80.00021362973723 
95.99995422217718 80.00021362973723 
95.99995422217718 80.00021362973723 
95.99995422217718 80.00021362973723 
96.99987792590288 80.00021362973723 
96.99987792590288 80.00021362973723 
96.99987792590288 80.00021362973723 
95.99995422217718 81.00000000017303 
95.99995422217718 81.00000000017303 
95.99995422217718 83.00053407409314 
95.99995422217718 83.00053407409314 
95.99995422217718 83.00053407409314 
95.99995422217718 82.00074770365734 
95.99995422217718 81.00000000017303 
95.99995422217718 82.00074770365734 
95.99995422217718 82.00074770365734 
95.99995422217718 82.00074770365734 
95.99995422217718 81.00000000017303 
96.99987792590288 81.00000000017303 
96.99987792590288 81.00000000017303 
96.99987792590288 81.00000000017303 
96.99987792590288 81.00000000017303 
96.99987792590288 81.00000000017303 
96.99987792590288 81.00000000017303 
96.99987792590288 81.00000000017303 
96.99987792590288 81.00000000017303 
96.99987792590288 81.00000000017303 
96.99987792590288 81.00000000017303 
95.99995422217718 81.00000000017303 
95.99995422217718 85.00010681496475 
95.99995422217718 85.00010681496475 
95.99995422217718 85.00010681496475 
95.99995422217718 86.99967955583635 
97.99993896292122 86.99967955583635 
97.99993896292122 86.99967955583635 
97.99993896292122 86.99967955583635 
97.99993896292122 86.99967955583635 
97.99993896292122 86.99967955583635 
97.99993896292122 86.99967955583635 
97.99993896292122 87.99946592627217 
97.99993896292122 88.99925229670797 
97.99993896292122 88.99925229670797 
97.99993896292122 88.99925229670797 
97.99993896292122 88.99925229670797 
95.99995422217718 88.99925229670797 
95.99995422217718 87.99946592627217 
95.99995422217718 87.99946592627217 
95.99995422217718 87.99946592627217 
95.99995422217718 87.99946592627217 
95.99995422217718 87.99946592627217 
95.99995422217718 87.99946592627217 
95.99995422217718 87.99946592627217 
95.99995422217718 87.99946592627217 
95.99995422217718 88.99925229670797 
94.99989318515884 93.99914548193547 
94.99989318515884 91.99957274106387 
94.99989318515884 91.99957274106387 
94.99989318515884 90.99978637062807 
94.99989318515884 91.99957274106387 
94.99989318515884 91.99957274106387 
94.99989318515884 91.99957274106387 
94.99989318515884 92.99935911149967 
94.99989318515884 92.99935911149967 
94.99989318515884 93.99914548193547 
95.99995422217718 93.99914548193547 
94.99989318515884 92.99935911149967 
94.99989318515884 91.99957274106387 
94.99989318515884 88.99925229670797 
94.99989318515884 88.99925229670797 
94.99989318515884 88.99925229670797 
94.99989318515884 88.99925229670797 
94.99989318515884 90.00000000019226 
94.99989318515884 90.00000000019226 
95.99995422217718 90.00000000019226 
95.99995422217718 90.00000000019226 
95.99995422217718 90.00000000019226 
95.99995422217718 88.99925229670797 
95.99995422217718 88.99925229670797 
95.99995422217718 90.00000000019226 
95.99995422217718 90.00000000019226 
95.99995422217718 90.99978637062807 
95.99995422217718 90.99978637062807 
95.99995422217718 90.99978637062807 
95.99995422217718 91.99957274106387 
95.99995422217718 91.99957274106387 
95.99995422217718 91.99957274106387 
95.99995422217718 91.99957274106387 
95.99995422217718 91.99957274106387 
95.99995422217718 91.99957274106387 
95.99995422217718 91.99957274106387 
95.99995422217718 91.99957274106387 
95.99995422217718 91.99957274106387 
95.99995422217718 91.99957274106387 
95.99995422217718 91.99957274106387 
95.99995422217718 91.99957274106387 
95.99995422217718 91.99957274106387 
95.99995422217718 92.99935911149967 
95.99995422217718 92.99935911149967 
95.99995422217718 91.99957274106387 
95.99995422217718 91.99957274106387 
95.99995422217718 91.99957274106387 
95.99995422217718 91.99957274106387 
95.99995422217718 91.99957274106387 
95.99995422217718 92.99935911149967 
95.99995422217718 92.99935911149967 
95.99995422217718 92.99935911149967 
95.99995422217718 99.00000000021149 
95.99995422217718 99.00000000021149 
95.99995422217718 97.99925229672719 
95.99995422217718 99.00000000021149 
95.99995422217718 99.00000000021149 
95.99995422217718 99.00000000021149 
95.99995422217718 99.00000000021149 
95.99995422217718 99.00000000021149 
95.99995422217718 99.00000000021149 
95.99995422217718 96.99946592629138 
95.99995422217718 97.99925229672719 
95.99995422217718 96.99946592629138 
95.99995422217718 96.99946592629138 
95.99995422217718 95.99967955585558 
95.99995422217718 95.99967955585558 
95.99995422217718 96.99946592629138 
95.99995422217718 96.99946592629138 
95.99995422217718 96.99946592629138 
95.99995422217718 97.99925229672719 
95.99995422217718 97.99925229672719 
95.99995422217718 97.99925229672719 
96.99987792590288 96.99946592629138 
96.99987792590288 94.99989318541978 
96.99987792590288 92.99935911149967 
96.99987792590288 92.99935911149967 
96.99987792590288 91.99957274106387 
96.99987792590288 90.99978637062807 
96.99987792590288 90.00000000019226 
96.99987792590288 88.99925229670797 
95.99995422217718 88.99925229670797 
95.99995422217718 87.99946592627217 
95.99995422217718 87.99946592627217 
95.99995422217718 87.99946592627217 
95.99995422217718 86.00085451844905 
95.99995422217718 86.00085451844905 
95.99995422217718 88.99925229670797 
95.99995422217718 88.99925229670797 
95.99995422217718 90.00000000019226 
95.99995422217718 90.99978637062807 
95.99995422217718 91.99957274106387 
95.99995422217718 92.99935911149967 
95.99995422217718 92.99935911149967 
95.99995422217718 92.99935911149967 
95.99995422217718 92.99935911149967 
95.99995422217718 93.99914548193547 
95.99995422217718 94.99989318541978 
95.99995422217718 94.99989318541978 
96.99987792590288 97.99925229672719 
96.99987792590288 97.99925229672719 
96.99987792590288 97.99925229672719 
96.99987792590288 96.99946592629138 
96.99987792590288 96.99946592629138 
96.99987792590288 96.99946592629138 
96.99987792590288 96.99946592629138 
97.99993896292122 97.99925229672719 
97.99993896292122 97.99925229672719 
97.99993896292122 97.99925229672719 
97.99993896292122 96.99946592629138 
97.99993896292122 96.99946592629138 
97.99993896292122 97.99925229672719 
97.99993896292122 97.99925229672719 
97.99993896292122 97.99925229672719 
96.99987792590288 97.99925229672719 
96.99987792590288 97.99925229672719 
96.99987792590288 97.99925229672719 
96.99987792590288 100.9995727410831 
97.99993896292122 102.9991454819547 
97.99993896292122 102.9991454819547 
97.99993896292122 102.9991454819547 
97.99993896292122 102.9991454819547 
97.99993896292122 104.9996795558748 
97.99993896292122 105.9994659263106 
97.99993896292122 105.9994659263106 
97.99993896292122 105.9994659263106 
97.99993896292122 106.99925229674642 
96.99987792590288 108.99978637066651 
96.99987792590288 108.99978637066651 
96.99987792590288 108.99978637066651 
96.99987792590288 108.99978637066651 
96.99987792590288 108.99978637066651 
96.99987792590288 109.99957274110233 
96.99987792590288 110.99935911153813 
96.99987792590288 111.99914548197393 
96.99987792590288 111.99914548197393 
96.99987792590288 112.99989318545823 
96.99987792590288 112.99989318545823 
96.99987792590288 112.99989318545823 
96.99987792590288 113.99967955589403 
96.99987792590288 113.99967955589403 
96.99987792590288 113.99967955589403 
96.99987792590288 113.99967955589403 
96.99987792590288 113.99967955589403 
96.99987792590288 114.99946592632983 
96.99987792590288 114.99946592632983 
96.99987792590288 115.99925229676565 
96.99987792590288 115.99925229676565 
96.99987792590288 115.99925229676565 
96.99987792590288 115.99925229676565 
96.99987792590288 115.99925229676565 
96.99987792590288 115.99925229676565 
96.99987792590288 115.99925229676565 
97.99993896292122 117.00000000024994 
97.99993896292122 117.00000000024994 
97.99993896292122 117.00000000024994 
97.99993896292122 117.99978637068574 
97.99993896292122 117.99978637068574 
97.99993896292122 117.99978637068574 
97.99993896292122 117.99978637068574 
97.99993896292122 117.00000000024994 
97.99993896292122 117.00000000024994 
97.99993896292122 117.00000000024994 
97.99993896292122 117.00000000024994 
97.99993896292122 117.00000000024994 
97.99993896292122 117.00000000024994 
97.99993896292122 117.00000000024994 
97.99993896292122 117.00000000024994 
97.99993896292122 117.00000000024994 
97.99993896292122 117.00000000024994 
97.99993896292122 117.00000000024994 
97.99993896292122 117.00000000024994 
97.99993896292122 117.00000000024994 
97.99993896292122 117.00000000024994 
97.99993896292122 117.00000000024994 
97.99993896292122 117.00000000024994 
97.99993896292122 117.00000000024994 
97.99993896292122 117.00000000024994 
97.99993896292122 117.00000000024994 
97.99993896292122 117.00000000024994 
95.99995422217718 117.00000000024994 
94.00010681472578 117.00000000024994 
92.00012207398174 117.00000000024994 
92.00012207398174 117.00000000024994 
92.00012207398174 117.00000000024994 
92.00012207398174 117.00000000024994 
92.00012207398174 117.00000000024994 
92.00012207398174 117.00000000024994 
92.00012207398174 117.00000000024994 
92.00012207398174 117.00000000024994 
92.00012207398174 117.00000000024994 
92.00012207398174 117.00000000024994 
92.00012207398174 117.00000000024994 
89.99999999994506 117.00000000024994 
95.99995422217718 117.00000000024994 
95.99995422217718 117.00000000024994 
95.99995422217718 117.00000000024994 
95.99995422217718 117.00000000024994 
96.99987792590288 117.00000000024994 
94.99989318515884 117.00000000024994 
94.99989318515884 117.00000000024994 
94.99989318515884 117.00000000024994 
94.99989318515884 117.00000000024994 
94.99989318515884 117.00000000024994 
94.99989318515884 117.00000000024994 
94.99989318515884 117.00000000024994 
94.99989318515884 117.00000000024994 
94.99989318515884 117.00000000024994 
94.99989318515884 117.00000000024994 
94.99989318515884 117.00000000024994 
94.99989318515884 117.00000000024994 
94.99989318515884 117.00000000024994 
94.99989318515884 117.00000000024994 
94.99989318515884 117.00000000024994 
94.99989318515884 117.00000000024994 
94.99989318515884 117.00000000024994 
94.99989318515884 117.00000000024994 
94.00010681472578 117.00000000024994 
94.00010681472578 117.00000000024994 
94.00010681472578 117.00000000024994 
94.00010681472578 115.99925229676565 
94.00010681472578 114.99946592632983 
94.00010681472578 113.99967955589403 
94.00010681472578 113.99967955589403 
94.00010681472578 112.99989318545823 
94.00010681472578 112.99989318545823 
94.00010681472578 112.99989318545823 
96.99987792590288 72.0000000001538 
96.99987792590288 71.000213629718 
96.99987792590288 69.0006408888464 
96.99987792590288 68.00085451841059 
96.99987792590288 68.00085451841059 
96.99987792590288 70.0004272592822 
96.99987792590288 70.0004272592822 
96.99987792590288 72.0000000001538 
96.99987792590288 72.0000000001538 
96.99987792590288 75.00032044450971 
96.99987792590288 75.00032044450971 
96.99987792590288 80.00021362973723 
96.99987792590288 80.00021362973723 
96.99987792590288 82.00074770365734 
96.99987792590288 83.00053407409314 
96.99987792590288 83.00053407409314 
96.99987792590288 80.00021362973723 
96.99987792590288 76.00010681494553 
96.99987792590288 72.0000000001538 
96.99987792590288 69.0006408888464 
96.99987792590288 66.0003204444905 
96.99987792590288 64.00074770361888 
96.99987792590288 64.00074770361888 
96.99987792590288 62.00021362969878 
96.99987792590288 62.00021362969878 
96.99987792590288 62.00021362969878 
96.99987792590288 64.00074770361888 
96.99987792590288 63.000000000134584 
96.99987792590288 63.000000000134584 
96.99987792590288 63.000000000134584 
96.99987792590288 63.000000000134584 
96.99987792590288 62.00021362969878 
96.99987792590288 62.00021362969878 
96.99987792590288 64.00074770361888 
96.99987792590288 67.0001068149263 
96.99987792590288 71.000213629718 
96.99987792590288 72.0000000001538 
96.99987792590288 78.00064088886562 
96.99987792590288 78.00064088886562 
96.99987792590288 78.00064088886562 
96.99987792590288 79.00042725930143 
95.99995422217718 79.00042725930143 
95.99995422217718 79.00042725930143 
95.99995422217718 77.00085451842982 
96.99987792590288 77.00085451842982 
96.99987792590288 75.00032044450971 
96.99987792590288 71.000213629718 
96.99987792590288 68.00085451841059 
96.99987792590288 67.0001068149263 
96.99987792590288 66.0003204444905 
97.99993896292122 66.0003204444905 
97.99993896292122 65.00053407405468 
97.99993896292122 65.00053407405468 
97.99993896292122 64.00074770361888 
97.99993896292122 64.00074770361888 
97.99993896292122 63.000000000134584 
97.99993896292122 62.00021362969878 
97.99993896292122 63.000000000134584 
97.99993896292122 63.000000000134584 
96.99987792590288 63.000000000134584 
96.99987792590288 63.000000000134584 
96.99987792590288 63.000000000134584 
96.99987792590288 63.000000000134584 
96.99987792590288 63.000000000134584 
96.99987792590288 63.000000000134584 
96.99987792590288 63.000000000134584 
96.99987792590288 64.00074770361888 
96.99987792590288 62.00021362969878 
96.99987792590288 62.00021362969878 
96.99987792590288 60.00064088882717 
96.99987792590288 60.00064088882717 
96.99987792590288 60.00064088882717 
96.99987792590288 60.00064088882717 
96.99987792590288 59.00085451839137 
96.99987792590288 60.00064088882717 
96.99987792590288 60.00064088882717 
96.99987792590288 60.00064088882717 
96.99987792590288 61.00042725926298 
96.99987792590288 61.00042725926298 
96.99987792590288 62.00021362969878 
96.99987792590288 61.00042725926298 
96.99987792590288 61.00042725926298 
96.99987792590288 61.00042725926298 
96.99987792590288 60.00064088882717 
96.99987792590288 61.00042725926298 
96.99987792590288 61.00042725926298 
96.99987792590288 62.00021362969878 
96.99987792590288 63.000000000134584 
96.99987792590288 63.000000000134584 
96.99987792590288 64.00074770361888 
96.99987792590288 64.00074770361888 
96.99987792590288 64.00074770361888 
96.99987792590288 63.000000000134584 
96.99987792590288 63.000000000134584 
96.99987792590288 62.00021362969878 
96.99987792590288 63.000000000134584 
96.99987792590288 63.000000000134584 
96.99987792590288 64.00074770361888 
96.99987792590288 64.00074770361888 
96.99987792590288 64.00074770361888 
96.99987792590288 64.00074770361888 
96.99987792590288 64.00074770361888 
96.99987792590288 64.00074770361888 
96.99987792590288 65.00053407405468 
96.99987792590288 65.00053407405468 
96.99987792590288 66.0003204444905 
96.99987792590288 66.0003204444905 
96.99987792590288 66.0003204444905 
96.99987792590288 66.0003204444905 
96.99987792590288 66.0003204444905 
96.99987792590288 66.0003204444905 
96.99987792590288 65.00053407405468 
96.99987792590288 65.00053407405468 
96.99987792590288 66.0003204444905 
96.99987792590288 66.0003204444905 
96.99987792590288 67.0001068149263 
96.99987792590288 66.0003204444905 
96.99987792590288 66.0003204444905 
96.99987792590288 66.0003204444905 
96.99987792590288 67.0001068149263 
96.99987792590288 67.0001068149263 
96.99987792590288 68.00085451841059 
96.99987792590288 68.00085451841059 
96.99987792590288 66.0003204444905 
96.99987792590288 65.00053407405468 
96.99987792590288 65.00053407405468 
96.99987792590288 64.00074770361888 
96.99987792590288 64.00074770361888 
96.99987792590288 64.00074770361888 
96.99987792590288 64.00074770361888 
96.99987792590288 64.00074770361888 
96.99987792590288 65.00053407405468 
96.99987792590288 65.00053407405468 
96.99987792590288 65.00053407405468 
96.99987792590288 65.00053407405468 
96.99987792590288 65.00053407405468 
96.99987792590288 65.00053407405468 
96.99987792590288 65.00053407405468 
96.99987792590288 66.0003204444905 
96.99987792590288 66.0003204444905 
96.99987792590288 67.0001068149263 
96.99987792590288 66.0003204444905 
96.99987792590288 65.00053407405468 
96.99987792590288 65.00053407405468 
96.99987792590288 67.0001068149263 
96.99987792590288 70.0004272592822 
96.99987792590288 70.0004272592822 
96.99987792590288 70.0004272592822 
96.99987792590288 70.0004272592822 
96.99987792590288 68.00085451841059 
96.99987792590288 66.0003204444905 
96.99987792590288 65.00053407405468 
96.99987792590288 66.0003204444905 
96.99987792590288 66.0003204444905 
96.99987792590288 67.0001068149263 
96.99987792590288 65.00053407405468 
96.99987792590288 65.00053407405468 
96.99987792590288 64.00074770361888 
96.99987792590288 66.0003204444905 
96.99987792590288 67.0001068149263 
96.99987792590288 68.00085451841059 
96.99987792590288 69.0006408888464 
96.99987792590288 69.0006408888464 
96.99987792590288 69.0006408888464 
96.99987792590288 68.00085451841059 
96.99987792590288 68.00085451841059 
96.99987792590288 68.00085451841059 
96.99987792590288 67.0001068149263 
96.99987792590288 67.0001068149263 
96.99987792590288 67.0001068149263 
96.99987792590288 67.0001068149263 
96.99987792590288 67.0001068149263 
96.99987792590288 68.00085451841059 
96.99987792590288 68.00085451841059 
96.99987792590288 68.00085451841059 
96.99987792590288 69.0006408888464 
96.99987792590288 69.0006408888464 
96.99987792590288 70.0004272592822 
96.99987792590288 67.0001068149263 
96.99987792590288 67.0001068149263 
96.99987792590288 65.00053407405468 
96.99987792590288 65.00053407405468 
96.99987792590288 66.0003204444905 
96.99987792590288 69.0006408888464 
96.99987792590288 69.0006408888464 
96.99987792590288 71.000213629718 
96.99987792590288 70.0004272592822 
96.99987792590288 70.0004272592822 
96.99987792590288 75.00032044450971 
96.99987792590288 75.00032044450971 
96.99987792590288 78.00064088886562 
96.99987792590288 80.00021362973723 
96.99987792590288 80.00021362973723 
96.99987792590288 77.00085451842982 
96.99987792590288 73.00074770363811 
96.99987792590288 70.0004272592822 
96.99987792590288 66.0003204444905 
96.99987792590288 66.0003204444905 
96.99987792590288 66.0003204444905 
96.99987792590288 66.0003204444905 
96.99987792590288 66.0003204444905 
96.99987792590288 66.0003204444905 
96.99987792590288 65.00053407405468 
96.99987792590288 65.00053407405468 
96.99987792590288 66.0003204444905 
96.99987792590288 66.0003204444905 
96.99987792590288 67.0001068149263 
96.99987792590288 66.0003204444905 
96.99987792590288 64.00074770361888 
96.99987792590288 63.000000000134584 
96.99987792590288 61.00042725926298 
96.99987792590288 61.00042725926298 
96.99987792590288 64.00074770361888 
96.99987792590288 66.0003204444905 
96.99987792590288 67.0001068149263 
96.99987792590288 68.00085451841059 
96.99987792590288 66.0003204444905 
96.99987792590288 66.0003204444905 
96.99987792590288 64.00074770361888 
96.99987792590288 64.00074770361888 
96.99987792590288 64.00074770361888 
96.99987792590288 66.0003204444905 
96.99987792590288 67.0001068149263 
96.99987792590288 67.0001068149263 
96.99987792590288 66.0003204444905 
96.99987792590288 65.00053407405468 
96.99987792590288 65.00053407405468 
96.99987792590288 67.0001068149263 
96.99987792590288 67.0001068149263 
96.99987792590288 67.0001068149263 
96.99987792590288 66.0003204444905 
96.99987792590288 65.00053407405468 
96.99987792590288 65.00053407405468 
96.99987792590288 64.00074770361888 
96.99987792590288 65.00053407405468 
96.99987792590288 65.00053407405468 
96.99987792590288 65.00053407405468 
96.99987792590288 65.00053407405468 
96.99987792590288 66.0003204444905 
96.99987792590288 66.0003204444905 
96.99987792590288 66.0003204444905 
96.99987792590288 65.00053407405468 
96.99987792590288 64.00074770361888 
96.99987792590288 64.00074770361888 
96.99987792590288 64.00074770361888 
96.99987792590288 65.00053407405468 
96.99987792590288 64.00074770361888 
96.99987792590288 66.0003204444905 
96.99987792590288 65.00053407405468 
96.99987792590288 65.00053407405468 
96.99987792590288 65.00053407405468 
96.99987792590288 65.00053407405468 
96.99987792590288 65.00053407405468 
96.99987792590288 65.00053407405468 
96.99987792590288 65.00053407405468 
96.99987792590288 65.00053407405468 
96.99987792590288 64.00074770361888 
96.99987792590288 64.00074770361888 
96.99987792590288 65.00053407405468 
96.99987792590288 64.00074770361888 
96.99987792590288 65.00053407405468 
96.99987792590288 63.000000000134584 
96.99987792590288 62.00021362969878 
96.99987792590288 62.00021362969878 
96.99987792590288 62.00021362969878 
96.99987792590288 62.00021362969878 
96.99987792590288 62.00021362969878 
96.99987792590288 62.00021362969878 
96.99987792590288 62.00021362969878 
96.99987792590288 62.00021362969878 
96.99987792590288 63.000000000134584 
96.99987792590288 63.000000000134584 
96.99987792590288 64.00074770361888 
96.99987792590288 64.00074770361888 
96.99987792590288 64.00074770361888 
96.99987792590288 64.00074770361888 
96.99987792590288 64.00074770361888 
96.99987792590288 66.0003204444905 
96.99987792590288 66.0003204444905 
96.99987792590288 66.0003204444905 
96.99987792590288 67.0001068149263 
96.99987792590288 68.00085451841059 
96.99987792590288 66.0003204444905 
96.99987792590288 65.00053407405468 
97.99993896292122 65.00053407405468 
97.99993896292122 65.00053407405468 
97.99993896292122 66.0003204444905 
97.99993896292122 65.00053407405468 
97.99993896292122 65.00053407405468 
97.99993896292122 64.00074770361888 
97.99993896292122 64.00074770361888 
97.99993896292122 63.000000000134584 
97.99993896292122 62.00021362969878 
97.99993896292122 62.00021362969878 
97.99993896292122 62.00021362969878 
97.99993896292122 62.00021362969878 
97.99993896292122 62.00021362969878 
97.99993896292122 62.00021362969878 
97.99993896292122 62.00021362969878 
97.99993896292122 62.00021362969878 
97.99993896292122 61.00042725926298 
97.99993896292122 69.0006408888464 
98.99999999993958 71.000213629718 
98.99999999993958 77.00085451842982 
98.99999999993958 77.00085451842982 
98.99999999993958 79.00042725930143 
98.99999999993958 79.00042725930143 
98.99999999993958 79.00042725930143 
98.99999999993958 79.00042725930143 
98.99999999993958 79.00042725930143 
98.99999999993958 79.00042725930143 
98.99999999993958 79.00042725930143 
98.99999999993958 80.00021362973723 
98.99999999993958 79.00042725930143 
98.99999999993958 74.00053407407391 
98.99999999993958 73.00074770363811 
98.99999999993958 71.000213629718 
97.99993896292122 69.0006408888464 
97.99993896292122 68.00085451841059 
97.99993896292122 67.0001068149263 
97.99993896292122 66.0003204444905 
97.99993896292122 66.0003204444905 
97.99993896292122 66.0003204444905 
97.99993896292122 66.0003204444905 
97.99993896292122 66.0003204444905 
97.99993896292122 66.0003204444905 
97.99993896292122 67.0001068149263 
97.99993896292122 70.0004272592822 
96.99987792590288 70.0004272592822 
96.99987792590288 73.00074770363811 
96.99987792590288 74.00053407407391 
96.99987792590288 75.00032044450971 
96.99987792590288 74.00053407407391 
97.99993896292122 74.00053407407391 
97.99993896292122 76.00010681494553 
97.99993896292122 76.00010681494553 
97.99993896292122 77.00085451842982 
96.99987792590288 77.00085451842982 
96.99987792590288 76.00010681494553 
95.99995422217718 74.00053407407391 
95.99995422217718 73.00074770363811 
95.99995422217718 72.0000000001538 
95.99995422217718 72.0000000001538 
95.99995422217718 72.0000000001538 
95.99995422217718 73.00074770363811 
95.99995422217718 73.00074770363811 
95.99995422217718 74.00053407407391 
95.99995422217718 75.00032044450971 
95.99995422217718 76.00010681494553 
96.99987792590288 76.00010681494553 
96.99987792590288 79.00042725930143 
96.99987792590288 79.00042725930143 
96.99987792590288 80.00021362973723 
96.99987792590288 78.00064088886562 
96.99987792590288 76.00010681494553 
96.99987792590288 74.00053407407391 
97.99993896292122 74.00053407407391 
97.99993896292122 78.00064088886562 
97.99993896292122 78.00064088886562 
97.99993896292122 79.00042725930143 
97.99993896292122 81.00000000017303 
97.99993896292122 81.00000000017303 
97.99993896292122 80.00021362973723 
97.99993896292122 80.00021362973723 
97.99993896292122 80.00021362973723 
97.99993896292122 80.00021362973723 
97.99993896292122 80.00021362973723 
96.99987792590288 79.00042725930143 
96.99987792590288 79.00042725930143 
96.99987792590288 80.00021362973723 
96.99987792590288 80.00021362973723 
96.99987792590288 81.00000000017303 
96.99987792590288 81.00000000017303 
96.99987792590288 81.00000000017303 
96.99987792590288 80.00021362973723 
96.99987792590288 77.00085451842982 
96.99987792590288 75.00032044450971 
96.99987792590288 73.00074770363811 
96.99987792590288 72.0000000001538 
96.99987792590288 73.00074770363811 
96.99987792590288 76.00010681494553 
96.99987792590288 78.00064088886562 
97.99993896292122 79.00042725930143 
97.99993896292122 82.00074770365734 
96.99987792590288 83.00053407409314 
96.99987792590288 85.00010681496475 
96.99987792590288 85.00010681496475 
96.99987792590288 86.99967955583635 
96.99987792590288 86.00085451844905 
96.99987792590288 85.00010681496475 
96.99987792590288 85.00010681496475 
96.99987792590288 85.00010681496475 
96.99987792590288 86.99967955583635 
96.99987792590288 86.99967955583635 
96.99987792590288 87.99946592627217 
96.99987792590288 86.00085451844905 
96.99987792590288 85.00010681496475 
96.99987792590288 84.00032044452894 
96.99987792590288 84.00032044452894 
96.99987792590288 84.00032044452894 
96.99987792590288 84.00032044452894 
96.99987792590288 84.00032044452894 
96.99987792590288 83.00053407409314 
96.99987792590288 82.00074770365734 
96.99987792590288 81.00000000017303 
96.99987792590288 81.00000000017303 
96.99987792590288 81.00000000017303 
96.99987792590288 81.00000000017303 
96.99987792590288 81.00000000017303 
96.99987792590288 81.00000000017303 
96.99987792590288 81.00000000017303 
97.99993896292122 79.00042725930143 
97.99993896292122 78.00064088886562 
97.99993896292122 76.00010681494553 
97.99993896292122 73.00074770363811 
97.99993896292122 71.000213629718 
96.99987792590288 70.0004272592822 
96.99987792590288 70.0004272592822 
96.99987792590288 69.0006408888464 
96.99987792590288 70.0004272592822 
97.99993896292122 70.0004272592822 
97.99993896292122 73.00074770363811 
97.99993896292122 74.00053407407391 
97.99993896292122 76.00010681494553 
96.99987792590288 76.00010681494553 
96.99987792590288 77.00085451842982 
96.99987792590288 77.00085451842982 
96.99987792590288 76.00010681494553 
96.99987792590288 75.00032044450971 
96.99987792590288 75.00032044450971 
96.99987792590288 74.00053407407391 
96.99987792590288 74.00053407407391 
96.99987792590288 74.00053407407391 
96.99987792590288 75.00032044450971 
96.99987792590288 77.00085451842982 
96.99987792590288 77.00085451842982 
97.99993896292122 79.00042725930143 
97.99993896292122 79.00042725930143 
97.99993896292122 79.00042725930143 
96.99987792590288 79.00042725930143 
96.99987792590288 78.00064088886562 
96.99987792590288 77.00085451842982 
96.99987792590288 77.00085451842982 
96.99987792590288 78.00064088886562 
96.99987792590288 78.00064088886562 
96.99987792590288 79.00042725930143 
96.99987792590288 79.00042725930143 
97.99993896292122 78.00064088886562 
97.99993896292122 76.00010681494553 
97.99993896292122 74.00053407407391 
97.99993896292122 74.00053407407391 
97.99993896292122 74.00053407407391 
97.99993896292122 74.00053407407391 
97.99993896292122 74.00053407407391 
97.99993896292122 74.00053407407391 
97.99993896292122 74.00053407407391 
97.99993896292122 73.00074770363811 
97.99993896292122 72.0000000001538 
97.99993896292122 72.0000000001538 
97.99993896292122 73.00074770363811 
97.99993896292122 73.00074770363811 
97.99993896292122 73.00074770363811 
97.99993896292122 73.00074770363811 
97.99993896292122 73.00074770363811 
97.99993896292122 73.00074770363811 
97.99993896292122 73.00074770363811 
97.99993896292122 72.0000000001538 
97.99993896292122 72.0000000001538 
97.99993896292122 72.0000000001538 
97.99993896292122 72.0000000001538 
97.99993896292122 72.0000000001538 
97.99993896292122 72.0000000001538 
97.99993896292122 72.0000000001538 
97.99993896292122 72.0000000001538 
97.99993896292122 73.00074770363811 
97.99993896292122 73.00074770363811 
97.99993896292122 73.00074770363811 
97.99993896292122 74.00053407407391 
97.99993896292122 74.00053407407391 
97.99993896292122 73.00074770363811 
97.99993896292122 74.00053407407391 
97.99993896292122 74.00053407407391 
97.99993896292122 74.00053407407391 
97.99993896292122 75.00032044450971 
97.99993896292122 76.00010681494553 
97.99993896292122 76.00010681494553 
97.99993896292122 76.00010681494553 
97.99993896292122 76.00010681494553 
97.99993896292122 75.00032044450971 
97.99993896292122 74.00053407407391 
97.99993896292122 74.00053407407391 
97.99993896292122 74.00053407407391 
97.99993896292122 76.00010681494553 
97.99993896292122 77.00085451842982 
97.99993896292122 79.00042725930143 
97.99993896292122 79.00042725930143 
97.99993896292122 80.00021362973723 
97.99993896292122 79.00042725930143 
97.99993896292122 78.00064088886562 
97.99993896292122 78.00064088886562 
97.99993896292122 77.00085451842982 
97.99993896292122 77.00085451842982 
97.99993896292122 75.00032044450971 
97.99993896292122 75.00032044450971 
97.99993896292122 74.00053407407391 
97.99993896292122 74.00053407407391 
96.99987792590288 73.00074770363811 
96.99987792590288 72.0000000001538 
96.99987792590288 72.0000000001538 
96.99987792590288 72.0000000001538 
97.99993896292122 72.0000000001538 
97.99993896292122 73.00074770363811 
97.99993896292122 73.00074770363811 
97.99993896292122 75.00032044450971 
97.99993896292122 75.00032044450971 
97.99993896292122 75.00032044450971 
97.99993896292122 75.00032044450971 
97.99993896292122 75.00032044450971 
97.99993896292122 74.00053407407391 
97.99993896292122 73.00074770363811 
97.99993896292122 72.0000000001538 
97.99993896292122 72.0000000001538 
97.99993896292122 72.0000000001538 
97.99993896292122 72.0000000001538 
97.99993896292122 72.0000000001538 
97.99993896292122 71.000213629718 
97.99993896292122 71.000213629718 
97.99993896292122 71.000213629718 
97.99993896292122 70.0004272592822 
97.99993896292122 71.000213629718 
97.99993896292122 72.0000000001538 
97.99993896292122 71.000213629718 
97.99993896292122 72.0000000001538 
97.99993896292122 75.00032044450971 
97.99993896292122 76.00010681494553 
97.99993896292122 80.00021362973723 
97.99993896292122 80.00021362973723 
98.99999999993958 82.00074770365734 
97.99993896292122 80.00021362973723 
97.99993896292122 77.00085451842982 
97.99993896292122 75.00032044450971 
97.99993896292122 73.00074770363811 
97.99993896292122 70.0004272592822 
97.99993896292122 69.0006408888464 
97.99993896292122 67.0001068149263 
97.99993896292122 67.0001068149263 
97.99993896292122 67.0001068149263 
97.99993896292122 67.0001068149263 
97.99993896292122 68.00085451841059 
97.99993896292122 68.00085451841059 
97.99993896292122 69.0006408888464 
97.99993896292122 67.0001068149263 
97.99993896292122 67.0001068149263 
97.99993896292122 65.00053407405468 
97.99993896292122 65.00053407405468 
97.99993896292122 66.0003204444905 
97.99993896292122 66.0003204444905 
97.99993896292122 66.0003204444905 
97.99993896292122 66.0003204444905 
97.99993896292122 66.0003204444905 
97.99993896292122 66.0003204444905 
97.99993896292122 66.0003204444905 
97.99993896292122 66.0003204444905 
98.99999999993958 66.0003204444905 
98.99999999993958 66.0003204444905 
98.99999999993958 66.0003204444905 
97.99993896292122 66.0003204444905 
97.99993896292122 66.0003204444905 
97.99993896292122 67.0001068149263 
97.99993896292122 67.0001068149263 
97.99993896292122 68.00085451841059 
97.99993896292122 69.0006408888464 
97.99993896292122 71.000213629718 
97.99993896292122 71.000213629718 
97.99993896292122 71.000213629718 
97.99993896292122 70.0004272592822 
97.99993896292122 70.0004272592822 
97.99993896292122 69.0006408888464 
97.99993896292122 69.0006408888464 
97.99993896292122 69.0006408888464 
97.99993896292122 69.0006408888464 
97.99993896292122 69.0006408888464 
97.99993896292122 70.0004272592822 
97.99993896292122 69.0006408888464 
97.99993896292122 69.0006408888464 
97.99993896292122 69.0006408888464 
97.99993896292122 68.00085451841059 
97.99993896292122 68.00085451841059 
97.99993896292122 68.00085451841059 
97.99993896292122 68.00085451841059 
97.99993896292122 68.00085451841059 
97.99993896292122 70.0004272592822 
97.99993896292122 70.0004272592822 
97.99993896292122 70.0004272592822 
97.99993896292122 70.0004272592822 
97.99993896292122 70.0004272592822 
97.99993896292122 70.0004272592822 
97.99993896292122 70.0004272592822 
97.99993896292122 70.0004272592822 
97.99993896292122 70.0004272592822 
97.99993896292122 71.000213629718 
97.99993896292122 71.000213629718 
97.99993896292122 71.000213629718 
97.99993896292122 71.000213629718 
97.99993896292122 71.000213629718 
97.99993896292122 72.0000000001538 
97.99993896292122 74.00053407407391 
97.99993896292122 75.00032044450971 
97.99993896292122 75.00032044450971 
97.99993896292122 75.00032044450971 
97.99993896292122 75.00032044450971 
97.99993896292122 75.00032044450971 
97.99993896292122 75.00032044450971 
97.99993896292122 74.00053407407391 
97.99993896292122 74.00053407407391 
97.99993896292122 74.00053407407391 
97.99993896292122 75.00032044450971 
96.99987792590288 75.00032044450971 
96.99987792590288 75.00032044450971 
96.99987792590288 75.00032044450971 
97.99993896292122 72.0000000001538 
97.99993896292122 72.0000000001538 
97.99993896292122 71.000213629718 
97.99993896292122 72.0000000001538 
97.99993896292122 72.0000000001538 
97.99993896292122 72.0000000001538 
97.99993896292122 73.00074770363811 
97.99993896292122 74.00053407407391 
97.99993896292122 76.00010681494553 
97.99993896292122 76.00010681494553 
97.99993896292122 76.00010681494553 
97.99993896292122 78.00064088886562 
97.99993896292122 78.00064088886562 
97.99993896292122 78.00064088886562 
97.99993896292122 78.00064088886562 
97.99993896292122 77.00085451842982 
97.99993896292122 76.00010681494553 
97.99993896292122 76.00010681494553 
97.99993896292122 76.00010681494553 
97.99993896292122 76.00010681494553 
97.99993896292122 76.00010681494553 
97.99993896292122 78.00064088886562 
96.99987792590288 77.00085451842982 
96.99987792590288 77.00085451842982 
96.99987792590288 77.00085451842982 
96.99987792590288 76.00010681494553 
96.99987792590288 76.00010681494553 
96.99987792590288 76.00010681494553 
96.99987792590288 76.00010681494553 
97.99993896292122 76.00010681494553 
97.99993896292122 76.00010681494553 
97.99993896292122 76.00010681494553 
97.99993896292122 77.00085451842982 
97.99993896292122 78.00064088886562 
97.99993896292122 77.00085451842982 
97.99993896292122 77.00085451842982 
97.99993896292122 76.00010681494553 
97.99993896292122 75.00032044450971 
97.99993896292122 75.00032044450971 
97.99993896292122 75.00032044450971 
97.99993896292122 75.00032044450971 
97.99993896292122 75.00032044450971 
97.99993896292122 75.00032044450971 
97.99993896292122 75.00032044450971 
97.99993896292122 75.00032044450971 
97.99993896292122 75.00032044450971 
97.99993896292122 76.00010681494553 
97.99993896292122 76.00010681494553 
97.99993896292122 78.00064088886562 
97.99993896292122 77.00085451842982 
97.99993896292122 77.00085451842982 
97.99993896292122 76.00010681494553 
97.99993896292122 75.00032044450971 
97.99993896292122 75.00032044450971 
97.99993896292122 79.00042725930143 
97.99993896292122 79.00042725930143 
97.99993896292122 81.00000000017303 
97.99993896292122 82.00074770365734 
97.99993896292122 82.00074770365734 
97.99993896292122 81.00000000017303 
97.99993896292122 80.00021362973723 
97.99993896292122 80.00021362973723 
97.99993896292122 80.00021362973723 
97.99993896292122 79.00042725930143 
97.99993896292122 79.00042725930143 
97.99993896292122 78.00064088886562 
97.99993896292122 78.00064088886562 
97.99993896292122 78.00064088886562 
97.99993896292122 82.00074770365734 
97.99993896292122 82.00074770365734 
97.99993896292122 82.00074770365734 
97.99993896292122 84.00032044452894 
97.99993896292122 81.00000000017303 
97.99993896292122 80.00021362973723 
97.99993896292122 80.00021362973723 
97.99993896292122 79.00042725930143 
97.99993896292122 79.00042725930143 
97.99993896292122 83.00053407409314 
97.99993896292122 83.00053407409314 
97.99993896292122 84.00032044452894 
97.99993896292122 84.00032044452894 
97.99993896292122 84.00032044452894 
97.99993896292122 84.00032044452894 
97.99993896292122 82.00074770365734 
97.99993896292122 82.00074770365734 
97.99993896292122 82.00074770365734 
97.99993896292122 82.00074770365734 
97.99993896292122 82.00074770365734 
97.99993896292122 80.00021362973723 
97.99993896292122 79.00042725930143 
97.99993896292122 78.00064088886562 
97.99993896292122 78.00064088886562 
97.99993896292122 77.00085451842982 
97.99993896292122 76.00010681494553 
97.99993896292122 72.0000000001538 
97.99993896292122 71.000213629718 
97.99993896292122 70.0004272592822 
97.99993896292122 70.0004272592822 
97.99993896292122 69.0006408888464 
97.99993896292122 69.0006408888464 
97.99993896292122 68.00085451841059 
97.99993896292122 68.00085451841059 
97.99993896292122 66.0003204444905 
97.99993896292122 66.0003204444905 
97.99993896292122 66.0003204444905 
97.99993896292122 66.0003204444905 
97.99993896292122 66.0003204444905 
97.99993896292122 66.0003204444905 
97.99993896292122 66.0003204444905 
97.99993896292122 66.0003204444905 
97.99993896292122 65.00053407405468 
97.99993896292122 65.00053407405468 
97.99993896292122 65.00053407405468 
97.99993896292122 65.00053407405468 
97.99993896292122 65.00053407405468 
97.99993896292122 66.0003204444905 
97.99993896292122 66.0003204444905 
97.99993896292122 67.0001068149263 
97.99993896292122 67.0001068149263 
97.99993896292122 67.0001068149263 
97.99993896292122 67.0001068149263 
97.99993896292122 67.0001068149263 
97.99993896292122 66.0003204444905 
97.99993896292122 66.0003204444905 
97.99993896292122 68.00085451841059 
97.99993896292122 68.00085451841059 
97.99993896292122 68.00085451841059 
97.99993896292122 68.00085451841059 
97.99993896292122 67.0001068149263 
97.99993896292122 67.0001068149263 
97.99993896292122 66.0003204444905 
97.99993896292122 68.00085451841059 
97.99993896292122 67.0001068149263 
97.99993896292122 67.0001068149263 
97.99993896292122 67.0001068149263 
97.99993896292122 66.0003204444905 
97.99993896292122 66.0003204444905 
97.99993896292122 65.00053407405468 
97.99993896292122 67.0001068149263 
97.99993896292122 69.0006408888464 
97.99993896292122 69.0006408888464 
97.99993896292122 71.000213629718 
97.99993896292122 71.000213629718 
97.99993896292122 72.0000000001538 
97.99993896292122 71.000213629718 
97.99993896292122 69.0006408888464 
97.99993896292122 69.0006408888464 
97.99993896292122 69.0006408888464 
97.99993896292122 68.00085451841059 
97.99993896292122 68.00085451841059 
97.99993896292122 68.00085451841059 
97.99993896292122 68.00085451841059 
97.99993896292122 68.00085451841059 
97.99993896292122 68.00085451841059 
97.99993896292122 70.0004272592822 
97.99993896292122 70.0004272592822 
97.99993896292122 69.0006408888464 
97.99993896292122 68.00085451841059 
97.99993896292122 67.0001068149263 
97.99993896292122 67.0001068149263 
97.99993896292122 67.0001068149263 
97.99993896292122 66.0003204444905 
97.99993896292122 66.0003204444905 
97.99993896292122 67.0001068149263 
97.99993896292122 67.0001068149263 
97.99993896292122 67.0001068149263 
97.99993896292122 67.0001068149263 
97.99993896292122 67.0001068149263 
97.99993896292122 66.0003204444905 
97.99993896292122 66.0003204444905 
97.99993896292122 65.00053407405468 
97.99993896292122 65.00053407405468 
97.99993896292122 65.00053407405468 
97.99993896292122 65.00053407405468 
97.99993896292122 65.00053407405468 
97.99993896292122 64.00074770361888 
97.99993896292122 64.00074770361888 
97.99993896292122 64.00074770361888 
97.99993896292122 64.00074770361888 
97.99993896292122 63.000000000134584 
97.99993896292122 63.000000000134584 
97.99993896292122 63.000000000134584 
97.99993896292122 63.000000000134584 
97.99993896292122 63.000000000134584 
97.99993896292122 63.000000000134584 
97.99993896292122 63.000000000134584 
97.99993896292122 63.000000000134584 
97.99993896292122 63.000000000134584 
97.99993896292122 62.00021362969878 
97.99993896292122 62.00021362969878 
97.99993896292122 61.00042725926298 
97.99993896292122 61.00042725926298 
97.99993896292122 60.00064088882717 
97.99993896292122 60.00064088882717 
97.99993896292122 60.00064088882717 
97.99993896292122 60.00064088882717 
97.99993896292122 61.00042725926298 
98.99999999993958 61.00042725926298 
98.99999999993958 62.00021362969878 
98.99999999993958 61.00042725926298 
98.99999999993958 62.00021362969878 
98.99999999993958 62.00021362969878 
98.99999999993958 61.00042725926298 
98.99999999993958 61.00042725926298 
98.99999999993958 61.00042725926298 
98.99999999993958 61.00042725926298 
98.99999999993958 61.00042725926298 
98.99999999993958 61.00042725926298 
98.99999999993958 61.00042725926298 
98.99999999993958 61.00042725926298 
98.99999999993958 61.00042725926298 
98.99999999993958 61.00042725926298 
98.99999999993958 62.00021362969878 
97.99993896292122 63.000000000134584 
97.99993896292122 64.00074770361888 
97.99993896292122 64.00074770361888 
97.99993896292122 64.00074770361888 
97.99993896292122 64.00074770361888 
97.99993896292122 64.00074770361888 
97.99993896292122 65.00053407405468 
97.99993896292122 65.00053407405468 
97.99993896292122 65.00053407405468 
97.99993896292122 65.00053407405468 
97.99993896292122 65.00053407405468 
97.99993896292122 65.00053407405468 
97.99993896292122 64.00074770361888 
97.99993896292122 64.00074770361888 
97.99993896292122 64.00074770361888 
97.99993896292122 65.00053407405468 
97.99993896292122 67.0001068149263 
97.99993896292122 68.00085451841059 
97.99993896292122 68.00085451841059 
97.99993896292122 68.00085451841059 
97.99993896292122 68.00085451841059 
97.99993896292122 66.0003204444905 
97.99993896292122 66.0003204444905 
97.99993896292122 65.00053407405468 
97.99993896292122 64.00074770361888 
97.99993896292122 64.00074770361888 
97.99993896292122 64.00074770361888 
97.99993896292122 63.000000000134584 
97.99993896292122 63.000000000134584 
97.99993896292122 63.000000000134584 
97.99993896292122 62.00021362969878 
97.99993896292122 62.00021362969878 
97.99993896292122 62.00021362969878 
97.99993896292122 62.00021362969878 
97.99993896292122 62.00021362969878 
97.99993896292122 62.00021362969878 
97.99993896292122 61.00042725926298 
97.99993896292122 61.00042725926298 
97.99993896292122 64.00074770361888 
97.99993896292122 68.00085451841059 
97.99993896292122 68.00085451841059 
97.99993896292122 69.0006408888464 
97.99993896292122 68.00085451841059 
97.99993896292122 66.0003204444905 
97.99993896292122 65.00053407405468 
97.99993896292122 65.00053407405468 
97.99993896292122 65.00053407405468 
97.99993896292122 65.00053407405468 
97.99993896292122 65.00053407405468 
97.99993896292122 65.00053407405468 
97.99993896292122 65.00053407405468 
97.99993896292122 65.00053407405468 
97.99993896292122 65.00053407405468 
97.99993896292122 64.00074770361888 
97.99993896292122 64.00074770361888 
97.99993896292122 63.000000000134584 
97.99993896292122 63.000000000134584 
97.99993896292122 62.00021362969878 
97.99993896292122 62.00021362969878 
97.99993896292122 63.000000000134584 
97.99993896292122 63.000000000134584 
97.99993896292122 63.000000000134584 
97.99993896292122 63.000000000134584 
97.99993896292122 63.000000000134584 
98.99999999993958 63.000000000134584 
98.99999999993958 63.000000000134584 
98.99999999993958 63.000000000134584 
98.99999999993958 63.000000000134584 
98.99999999993958 63.000000000134584 
98.99999999993958 63.000000000134584 
98.99999999993958 63.000000000134584 
98.99999999993958 63.000000000134584 
98.99999999993958 63.000000000134584 
98.99999999993958 64.00074770361888 
97.99993896292122 64.00074770361888 
97.99993896292122 64.00074770361888 
97.99993896292122 64.00074770361888 
98.99999999993958 64.00074770361888 
98.99999999993958 64.00074770361888 
98.99999999993958 64.00074770361888 
98.99999999993958 65.00053407405468 
98.99999999993958 66.0003204444905 
98.99999999993958 68.00085451841059 
98.99999999993958 69.0006408888464 
98.99999999993958 70.0004272592822 
98.99999999993958 70.0004272592822 
98.99999999993958 70.0004272592822 
98.99999999993958 71.000213629718 
98.99999999993958 70.0004272592822 
98.99999999993958 70.0004272592822 
98.99999999993958 68.00085451841059 
98.99999999993958 67.0001068149263 
98.99999999993958 66.0003204444905 
98.99999999993958 66.0003204444905 
98.99999999993958 67.0001068149263 
98.99999999993958 67.0001068149263 
98.99999999993958 67.0001068149263 
98.99999999993958 66.0003204444905 
98.99999999993958 66.0003204444905 
98.99999999993958 65.00053407405468 
98.99999999993958 66.0003204444905 
98.99999999993958 66.0003204444905 
98.99999999993958 66.0003204444905 
98.99999999993958 65.00053407405468 
98.99999999993958 65.00053407405468 
98.99999999993958 65.00053407405468 
98.99999999993958 65.00053407405468 
98.99999999993958 66.0003204444905 
98.99999999993958 66.0003204444905 
98.99999999993958 66.0003204444905 
97.99993896292122 66.0003204444905 
97.99993896292122 65.00053407405468 
97.99993896292122 65.00053407405468 
97.99993896292122 65.00053407405468 
97.99993896292122 65.00053407405468 
98.99999999993958 66.0003204444905 
98.99999999993958 66.0003204444905 
98.99999999993958 65.00053407405468 
97.99993896292122 64.00074770361888 
98.99999999993958 63.000000000134584 
98.99999999993958 63.000000000134584 
98.99999999993958 63.000000000134584 
98.99999999993958 63.000000000134584 
98.99999999993958 64.00074770361888 
98.99999999993958 64.00074770361888 
98.99999999993958 64.00074770361888 
98.99999999993958 64.00074770361888 
98.99999999993958 64.00074770361888 
98.99999999993958 64.00074770361888 
98.99999999993958 64.00074770361888 
98.99999999993958 65.00053407405468 
98.99999999993958 65.00053407405468 
98.99999999993958 65.00053407405468 
98.99999999993958 65.00053407405468 
98.99999999993958 66.0003204444905 
98.99999999993958 66.0003204444905 
98.99999999993958 66.0003204444905 
98.99999999993958 66.0003204444905 
98.99999999993958 65.00053407405468 
98.99999999993958 65.00053407405468 
98.99999999993958 64.00074770361888 
98.99999999993958 64.00074770361888 
98.99999999993958 65.00053407405468 
98.99999999993958 65.00053407405468 
98.99999999993958 66.0003204444905 
98.99999999993958 65.00053407405468 
98.99999999993958 65.00053407405468 
98.99999999993958 64.00074770361888 
98.99999999993958 64.00074770361888 
98.99999999993958 64.00074770361888 
98.99999999993958 64.00074770361888 
98.99999999993958 64.00074770361888 
98.99999999993958 64.00074770361888 
98.99999999993958 64.00074770361888 
98.99999999993958 63.000000000134584 
98.99999999993958 63.000000000134584 
98.99999999993958 63.000000000134584 
97.99993896292122 64.00074770361888 
97.99993896292122 64.00074770361888 
97.99993896292122 64.00074770361888 
97.99993896292122 63.000000000134584 
97.99993896292122 63.000000000134584 
98.99999999993958 63.000000000134584 
98.99999999993958 63.000000000134584 
98.99999999993958 63.000000000134584 
98.99999999993958 75.00032044450971 
98.99999999993958 75.00032044450971 
98.99999999993958 75.00032044450971 
98.99999999993958 75.00032044450971 
98.99999999993958 75.00032044450971 
98.99999999993958 75.00032044450971 
98.99999999993958 75.00032044450971 
98.99999999993958 75.00032044450971 
98.99999999993958 75.00032044450971 
98.99999999993958 75.00032044450971 
98.99999999993958 75.00032044450971 
97.99993896292122 79.00042725930143 
97.99993896292122 79.00042725930143 
97.99993896292122 79.00042725930143 
97.99993896292122 79.00042725930143 
97.99993896292122 80.00021362973723 
97.99993896292122 80.00021362973723 
97.99993896292122 80.00021362973723 
97.99993896292122 80.00021362973723 
97.99993896292122 80.00021362973723 
97.99993896292122 80.00021362973723 
97.99993896292122 80.00021362973723 
97.99993896292122 80.00021362973723 
97.99993896292122 80.00021362973723 
97.99993896292122 80.00021362973723 
97.99993896292122 80.00021362973723 
97.99993896292122 80.00021362973723 
97.99993896292122 80.00021362973723 
97.99993896292122 80.00021362973723 
97.99993896292122 80.00021362973723 
97.99993896292122 80.00021362973723 
97.99993896292122 80.00021362973723 
97.99993896292122 80.00021362973723 
97.99993896292122 80.00021362973723 
97.99993896292122 80.00021362973723 
97.99993896292122 80.00021362973723 
97.99993896292122 80.00021362973723 
97.99993896292122 81.00000000017303 
97.99993896292122 81.00000000017303 
97.99993896292122 78.00064088886562 
97.99993896292122 76.00010681494553 
97.99993896292122 74.00053407407391 
97.99993896292122 74.00053407407391 
97.99993896292122 73.00074770363811 
97.99993896292122 73.00074770363811 
97.99993896292122 73.00074770363811 
97.99993896292122 73.00074770363811 
97.99993896292122 73.00074770363811 
97.99993896292122 73.00074770363811 
97.99993896292122 74.00053407407391 
96.99987792590288 73.00074770363811 
96.99987792590288 72.0000000001538 
96.99987792590288 71.000213629718 
96.99987792590288 70.0004272592822 
96.99987792590288 67.0001068149263 
96.99987792590288 67.0001068149263 
96.99987792590288 66.0003204444905 
96.99987792590288 66.0003204444905 
97.99993896292122 66.0003204444905 
97.99993896292122 66.0003204444905 
97.99993896292122 66.0003204444905 
97.99993896292122 67.0001068149263 
97.99993896292122 66.0003204444905 
97.99993896292122 65.00053407405468 
97.99993896292122 64.00074770361888 
97.99993896292122 64.00074770361888 
97.99993896292122 63.000000000134584 
97.99993896292122 63.000000000134584 
97.99993896292122 63.000000000134584 
97.99993896292122 63.000000000134584 
97.99993896292122 63.000000000134584 
97.99993896292122 63.000000000134584 
97.99993896292122 64.00074770361888 
97.99993896292122 64.00074770361888 
97.99993896292122 64.00074770361888 
97.99993896292122 64.00074770361888 
97.99993896292122 65.00053407405468 
97.99993896292122 65.00053407405468 
97.99993896292122 65.00053407405468 
97.99993896292122 65.00053407405468 
97.99993896292122 65.00053407405468 
97.99993896292122 65.00053407405468 
97.99993896292122 65.00053407405468 
97.99993896292122 65.00053407405468 
97.99993896292122 68.00085451841059 
97.99993896292122 68.00085451841059 
97.99993896292122 70.0004272592822 
97.99993896292122 69.0006408888464 
97.99993896292122 69.0006408888464 
97.99993896292122 67.0001068149263 
96.99987792590288 65.00053407405468 
96.99987792590288 65.00053407405468 
96.99987792590288 65.00053407405468 
96.99987792590288 64.00074770361888 
96.99987792590288 64.00074770361888 
96.99987792590288 63.000000000134584 
96.99987792590288 63.000000000134584 
96.99987792590288 62.00021362969878 
96.99987792590288 62.00021362969878 
96.99987792590288 61.00042725926298 
96.99987792590288 60.00064088882717 
96.99987792590288 60.00064088882717 
96.99987792590288 59.00085451839137 
96.99987792590288 58.00010681490707 
96.99987792590288 58.00010681490707 
96.99987792590288 58.00010681490707 
96.99987792590288 58.00010681490707 
96.99987792590288 59.00085451839137 
96.99987792590288 59.00085451839137 
96.99987792590288 59.00085451839137 
96.99987792590288 60.00064088882717 
96.99987792590288 60.00064088882717 
96.99987792590288 60.00064088882717 
96.99987792590288 59.00085451839137 
96.99987792590288 59.00085451839137 
96.99987792590288 60.00064088882717 
96.99987792590288 60.00064088882717 
96.99987792590288 60.00064088882717 
96.99987792590288 61.00042725926298 
96.99987792590288 61.00042725926298 
97.99993896292122 61.00042725926298 
97.99993896292122 62.00021362969878 
97.99993896292122 61.00042725926298 
97.99993896292122 62.00021362969878 
97.99993896292122 64.00074770361888 
97.99993896292122 63.000000000134584 
97.99993896292122 63.000000000134584 
97.99993896292122 62.00021362969878 
97.99993896292122 62.00021362969878 
97.99993896292122 62.00021362969878 
97.99993896292122 61.00042725926298 
97.99993896292122 61.00042725926298 
97.99993896292122 62.00021362969878 
97.99993896292122 62.00021362969878 
97.99993896292122 61.00042725926298 
97.99993896292122 61.00042725926298 
97.99993896292122 62.00021362969878 
97.99993896292122 61.00042725926298 
98.99999999993958 61.00042725926298 
98.99999999993958 60.00064088882717 
98.99999999993958 59.00085451839137 
98.99999999993958 59.00085451839137 
97.99993896292122 58.00010681490707 
97.99993896292122 58.00010681490707 
97.99993896292122 58.00010681490707 
97.99993896292122 57.000320444471264 
97.99993896292122 57.000320444471264 
97.99993896292122 57.000320444471264 
97.99993896292122 57.000320444471264 
97.99993896292122 58.00010681490707 
97.99993896292122 58.00010681490707 
97.99993896292122 58.00010681490707 
97.99993896292122 60.00064088882717 
97.99993896292122 60.00064088882717 
97.99993896292122 60.00064088882717 
97.99993896292122 60.00064088882717 
97.99993896292122 60.00064088882717 
97.99993896292122 60.00064088882717 
97.99993896292122 60.00064088882717 
97.99993896292122 60.00064088882717 
97.99993896292122 60.00064088882717 
97.99993896292122 60.00064088882717 
97.99993896292122 60.00064088882717 
97.99993896292122 60.00064088882717 
97.99993896292122 60.00064088882717 
97.99993896292122 60.00064088882717 
97.99993896292122 60.00064088882717 
97.99993896292122 60.00064088882717 
97.99993896292122 60.00064088882717 
97.99993896292122 60.00064088882717 
97.99993896292122 60.00064088882717 
97.99993896292122 60.00064088882717 
97.99993896292122 60.00064088882717 
97.99993896292122 61.00042725926298 
97.99993896292122 61.00042725926298 
97.99993896292122 61.00042725926298 
97.99993896292122 61.00042725926298 
97.99993896292122 62.00021362969878 
97.99993896292122 61.00042725926298 
97.99993896292122 61.00042725926298 
97.99993896292122 61.00042725926298 
97.99993896292122 61.00042725926298 
97.99993896292122 61.00042725926298 
97.99993896292122 61.00042725926298 
97.99993896292122 61.00042725926298 
97.99993896292122 61.00042725926298 
97.99993896292122 61.00042725926298 
97.99993896292122 60.00064088882717 
97.99993896292122 60.00064088882717 
97.99993896292122 60.00064088882717 
97.99993896292122 60.00064088882717 
97.99993896292122 60.00064088882717 
98.99999999993958 60.00064088882717 
98.99999999993958 59.00085451839137 
98.99999999993958 59.00085451839137 
98.99999999993958 59.00085451839137 
98.99999999993958 59.00085451839137 
98.99999999993958 59.00085451839137 
98.99999999993958 59.00085451839137 
98.99999999993958 59.00085451839137 
98.99999999993958 59.00085451839137 
98.99999999993958 60.00064088882717 
97.99993896292122 60.00064088882717 
98.99999999993958 61.00042725926298 
97.99993896292122 62.00021362969878 
97.99993896292122 62.00021362969878 
97.99993896292122 62.00021362969878 
97.99993896292122 63.000000000134584 
97.99993896292122 63.000000000134584 
97.99993896292122 62.00021362969878 
97.99993896292122 62.00021362969878 
97.99993896292122 62.00021362969878 
97.99993896292122 62.00021362969878 
97.99993896292122 63.000000000134584 
97.99993896292122 63.000000000134584 
97.99993896292122 63.000000000134584 
97.99993896292122 64.00074770361888 
97.99993896292122 63.000000000134584 
97.99993896292122 63.000000000134584 
97.99993896292122 64.00074770361888 
97.99993896292122 64.00074770361888 
97.99993896292122 64.00074770361888 
97.99993896292122 64.00074770361888 
97.99993896292122 64.00074770361888 
97.99993896292122 63.000000000134584 
97.99993896292122 63.000000000134584 
97.99993896292122 63.000000000134584 
97.99993896292122 62.00021362969878 
97.99993896292122 63.000000000134584 
97.99993896292122 62.00021362969878 
97.99993896292122 61.00042725926298 
97.99993896292122 61.00042725926298 
97.99993896292122 61.00042725926298 
97.99993896292122 61.00042725926298 
97.99993896292122 60.00064088882717 
97.99993896292122 60.00064088882717 
97.99993896292122 60.00064088882717 
97.99993896292122 60.00064088882717 
97.99993896292122 60.00064088882717 
97.99993896292122 60.00064088882717 
98.99999999993958 61.00042725926298 
98.99999999993958 61.00042725926298 
98.99999999993958 61.00042725926298 
98.99999999993958 61.00042725926298 
98.99999999993958 60.00064088882717 
98.99999999993958 60.00064088882717 
98.99999999993958 59.00085451839137 
98.99999999993958 59.00085451839137 
98.99999999993958 59.00085451839137 
98.99999999993958 59.00085451839137 
98.99999999993958 59.00085451839137 
98.99999999993958 59.00085451839137 
98.99999999993958 59.00085451839137 
98.99999999993958 59.00085451839137 
98.99999999993958 59.00085451839137 
98.99999999993958 60.00064088882717 
98.99999999993958 60.00064088882717 
98.99999999993958 60.00064088882717 
98.99999999993958 60.00064088882717 
98.99999999993958 60.00064088882717 
97.99993896292122 59.00085451839137 
97.99993896292122 59.00085451839137 
97.99993896292122 61.00042725926298 
97.99993896292122 61.00042725926298 
98.99999999993958 65.00053407405468 
98.99999999993958 66.0003204444905 
98.99999999993958 67.0001068149263 
98.99999999993958 67.0001068149263 
98.99999999993958 68.00085451841059 
98.99999999993958 66.0003204444905 
98.99999999993958 65.00053407405468 
98.99999999993958 65.00053407405468 
97.99993896292122 64.00074770361888 
97.99993896292122 63.000000000134584 
97.99993896292122 63.000000000134584 
97.99993896292122 61.00042725926298 
97.99993896292122 61.00042725926298 
97.99993896292122 61.00042725926298 
97.99993896292122 60.00064088882717 
97.99993896292122 60.00064088882717 
97.99993896292122 59.00085451839137 
97.99993896292122 59.00085451839137 
97.99993896292122 61.00042725926298 
97.99993896292122 61.00042725926298 
97.99993896292122 62.00021362969878 
97.99993896292122 63.000000000134584 
97.99993896292122 62.00021362969878 
97.99993896292122 62.00021362969878 
97.99993896292122 62.00021362969878 
97.99993896292122 62.00021362969878 
97.99993896292122 61.00042725926298 
97.99993896292122 61.00042725926298 
97.99993896292122 62.00021362969878 
97.99993896292122 61.00042725926298 
97.99993896292122 62.00021362969878 
97.99993896292122 61.00042725926298 
97.99993896292122 60.00064088882717 
97.99993896292122 60.00064088882717 
97.99993896292122 59.00085451839137 
97.99993896292122 60.00064088882717 
97.99993896292122 60.00064088882717 
97.99993896292122 61.00042725926298 
97.99993896292122 61.00042725926298 
97.99993896292122 61.00042725926298 
97.99993896292122 61.00042725926298 
97.99993896292122 61.00042725926298 
97.99993896292122 61.00042725926298 
97.99993896292122 61.00042725926298 
97.99993896292122 62.00021362969878 
97.99993896292122 62.00021362969878 
97.99993896292122 62.00021362969878 
97.99993896292122 62.00021362969878 
97.99993896292122 63.000000000134584 
97.99993896292122 62.00021362969878 
97.99993896292122 62.00021362969878 
97.99993896292122 63.000000000134584 
97.99993896292122 63.000000000134584 
97.99993896292122 63.000000000134584 
97.99993896292122 63.000000000134584 
97.99993896292122 63.000000000134584 
97.99993896292122 63.000000000134584 
97.99993896292122 64.00074770361888 
97.99993896292122 64.00074770361888 
97.99993896292122 64.00074770361888 
97.99993896292122 65.00053407405468 
97.99993896292122 65.00053407405468 
97.99993896292122 65.00053407405468 
97.99993896292122 66.0003204444905 
97.99993896292122 67.0001068149263 
97.99993896292122 67.0001068149263 
97.99993896292122 69.0006408888464 
98.99999999993958 69.0006408888464 
97.99993896292122 70.0004272592822 
97.99993896292122 70.0004272592822 
97.99993896292122 69.0006408888464 
97.99993896292122 67.0001068149263 
97.99993896292122 66.0003204444905 
97.99993896292122 66.0003204444905 
97.99993896292122 65.00053407405468 
97.99993896292122 65.00053407405468 
97.99993896292122 65.00053407405468 
97.99993896292122 64.00074770361888 
97.99993896292122 65.00053407405468 
97.99993896292122 65.00053407405468 
97.99993896292122 65.00053407405468 
97.99993896292122 64.00074770361888 
97.99993896292122 64.00074770361888 
97.99993896292122 64.00074770361888 
97.99993896292122 64.00074770361888 
97.99993896292122 64.00074770361888 
97.99993896292122 66.0003204444905 
97.99993896292122 66.0003204444905 
97.99993896292122 67.0001068149263 
97.99993896292122 66.0003204444905 
97.99993896292122 66.0003204444905 
97.99993896292122 65.00053407405468 
98.99999999993958 83.00053407409314 
98.99999999993958 83.00053407409314 
98.99999999993958 83.00053407409314 
98.99999999993958 83.00053407409314 
98.99999999993958 83.00053407409314 
98.99999999993958 83.00053407409314 
98.99999999993958 83.00053407409314 
98.99999999993958 85.00010681496475 
98.99999999993958 85.00010681496475 
98.99999999993958 85.00010681496475 
98.99999999993958 85.00010681496475 
98.99999999993958 84.00032044452894 
97.99993896292122 84.00032044452894 
97.99993896292122 83.00053407409314 
97.99993896292122 78.00064088886562 
98.99999999993958 74.00053407407391 
98.99999999993958 74.00053407407391 
98.99999999993958 74.00053407407391 
98.99999999993958 71.000213629718 
98.99999999993958 68.00085451841059 
98.99999999993958 66.0003204444905 
98.99999999993958 63.000000000134584 
98.99999999993958 60.00064088882717 
98.99999999993958 59.00085451839137 
98.99999999993958 58.00010681490707 
97.99993896292122 58.00010681490707 
97.99993896292122 58.00010681490707 
97.99993896292122 57.000320444471264 
97.99993896292122 57.000320444471264 
97.99993896292122 58.00010681490707 
97.99993896292122 58.00010681490707 
98.99999999993958 59.00085451839137 
98.99999999993958 59.00085451839137 
98.99999999993958 59.00085451839137 
98.99999999993958 59.00085451839137 
98.99999999993958 60.00064088882717 
98.99999999993958 60.00064088882717 
98.99999999993958 60.00064088882717 
98.99999999993958 60.00064088882717 
98.99999999993958 61.00042725926298 
98.99999999993958 62.00021362969878 
98.99999999993958 63.000000000134584 
98.99999999993958 63.000000000134584 
98.99999999993958 62.00021362969878 
98.99999999993958 62.00021362969878 
98.99999999993958 61.00042725926298 
98.99999999993958 61.00042725926298 
98.99999999993958 61.00042725926298 
98.99999999993958 61.00042725926298 
98.99999999993958 62.00021362969878 
98.99999999993958 62.00021362969878 
98.99999999993958 62.00021362969878 
98.99999999993958 63.000000000134584 
98.99999999993958 63.000000000134584 
98.99999999993958 65.00053407405468 
98.99999999993958 65.00053407405468 
98.99999999993958 65.00053407405468 
98.99999999993958 64.00074770361888 
98.99999999993958 63.000000000134584 
98.99999999993958 63.000000000134584 
98.99999999993958 64.00074770361888 
98.99999999993958 64.00074770361888 
98.99999999993958 65.00053407405468 
98.99999999993958 64.00074770361888 
98.99999999993958 63.000000000134584 
98.99999999993958 62.00021362969878 
98.99999999993958 61.00042725926298 
98.99999999993958 61.00042725926298 
98.99999999993958 62.00021362969878 
98.99999999993958 63.000000000134584 
98.99999999993958 63.000000000134584 
98.99999999993958 62.00021362969878 
98.99999999993958 61.00042725926298 
98.99999999993958 60.00064088882717 
98.99999999993958 59.00085451839137 
98.99999999993958 59.00085451839137 
98.99999999993958 59.00085451839137 
98.99999999993958 59.00085451839137 
98.99999999993958 59.00085451839137 
98.99999999993958 59.00085451839137 
98.99999999993958 58.00010681490707 
98.99999999993958 58.00010681490707 
98.99999999993958 58.00010681490707 
98.99999999993958 58.00010681490707 
98.99999999993958 58.00010681490707 
98.99999999993958 59.00085451839137 
98.99999999993958 58.00010681490707 
98.99999999993958 58.00010681490707 
98.99999999993958 58.00010681490707 
98.99999999993958 58.00010681490707 
98.99999999993958 58.00010681490707 
98.99999999993958 58.00010681490707 
98.99999999993958 59.00085451839137 
98.99999999993958 59.00085451839137 
98.99999999993958 59.00085451839137 
98.99999999993958 59.00085451839137 
98.99999999993958 59.00085451839137 
98.99999999993958 59.00085451839137 
98.99999999993958 58.00010681490707 
98.99999999993958 58.00010681490707 
98.99999999993958 58.00010681490707 
98.99999999993958 58.00010681490707 
98.99999999993958 57.000320444471264 
98.99999999993958 57.000320444471264 
98.99999999993958 57.000320444471264 
98.99999999993958 57.000320444471264 
98.99999999993958 57.000320444471264 
98.99999999993958 57.000320444471264 
98.99999999993958 56.000534074035464 
98.99999999993958 56.000534074035464 
98.99999999993958 56.000534074035464 
98.99999999993958 55.00074770359966 
98.99999999993958 55.00074770359966 
98.99999999993958 55.00074770359966 
98.99999999993958 55.00074770359966 
98.99999999993958 55.00074770359966 
98.99999999993958 55.00074770359966 
98.99999999993958 55.00074770359966 
98.99999999993958 56.000534074035464 
98.99999999993958 56.000534074035464 
98.99999999993958 56.000534074035464 
98.99999999993958 57.000320444471264 
98.99999999993958 57.000320444471264 
98.99999999993958 57.000320444471264 
98.99999999993958 57.000320444471264 
98.99999999993958 57.000320444471264 
98.99999999993958 56.000534074035464 
98.99999999993958 56.000534074035464 
98.99999999993958 56.000534074035464 
98.99999999993958 56.000534074035464 
98.99999999993958 56.000534074035464 
98.99999999993958 56.000534074035464 
98.99999999993958 57.000320444471264 
98.99999999993958 57.000320444471264 
98.99999999993958 57.000320444471264 
98.99999999993958 57.000320444471264 
98.99999999993958 57.000320444471264 
98.99999999993958 56.000534074035464 
98.99999999993958 56.000534074035464 
98.99999999993958 56.000534074035464 
98.99999999993958 56.000534074035464 
98.99999999993958 55.00074770359966 
98.99999999993958 56.000534074035464 
98.99999999993958 56.000534074035464 
98.99999999993958 56.000534074035464 
98.99999999993958 56.000534074035464 
98.99999999993958 56.000534074035464 
98.99999999993958 56.000534074035464 
98.99999999993958 56.000534074035464 
98.99999999993958 56.000534074035464 
98.99999999993958 56.000534074035464 
98.99999999993958 56.000534074035464 
98.99999999993958 56.000534074035464 
98.99999999993958 57.000320444471264 
98.99999999993958 57.000320444471264 
98.99999999993958 57.000320444471264 
98.99999999993958 58.00010681490707 
98.99999999993958 59.00085451839137 
98.99999999993958 60.00064088882717 
98.99999999993958 60.00064088882717 
98.99999999993958 61.00042725926298 
98.99999999993958 61.00042725926298 
98.99999999993958 62.00021362969878 
98.99999999993958 67.0001068149263 
98.99999999993958 67.0001068149263 
98.99999999993958 69.0006408888464 
98.99999999993958 69.0006408888464 
98.99999999993958 67.0001068149263 
98.99999999993958 66.0003204444905 
98.99999999993958 65.00053407405468 
98.99999999993958 65.00053407405468 
98.99999999993958 64.00074770361888 
98.99999999993958 64.00074770361888 
98.99999999993958 64.00074770361888 
98.99999999993958 64.00074770361888 
98.99999999993958 64.00074770361888 
98.99999999993958 64.00074770361888 
98.99999999993958 63.000000000134584 
98.99999999993958 63.000000000134584 
98.99999999993958 63.000000000134584 
98.99999999993958 63.000000000134584 
98.99999999993958 63.000000000134584 
98.99999999993958 63.000000000134584 
98.99999999993958 62.00021362969878 
98.99999999993958 61.00042725926298 
98.99999999993958 60.00064088882717 
98.99999999993958 60.00064088882717 
98.99999999993958 60.00064088882717 
98.99999999993958 60.00064088882717 
98.99999999993958 60.00064088882717 
98.99999999993958 60.00064088882717 
98.99999999993958 61.00042725926298 
98.99999999993958 61.00042725926298 
98.99999999993958 61.00042725926298 
98.99999999993958 61.00042725926298 
98.99999999993958 61.00042725926298 
98.99999999993958 61.00042725926298 
98.99999999993958 61.00042725926298 
98.99999999993958 61.00042725926298 
98.99999999993958 60.00064088882717 
98.99999999993958 60.00064088882717 
98.99999999993958 59.00085451839137 
98.99999999993958 59.00085451839137 
98.99999999993958 60.00064088882717 
98.99999999993958 60.00064088882717 
98.99999999993958 60.00064088882717 
98.99999999993958 60.00064088882717 
98.99999999993958 60.00064088882717 
98.99999999993958 59.00085451839137 
98.99999999993958 59.00085451839137 
98.99999999993958 60.00064088882717 
98.99999999993958 60.00064088882717 
98.99999999993958 60.00064088882717 
98.99999999993958 60.00064088882717 
98.99999999993958 60.00064088882717 
98.99999999993958 60.00064088882717 
98.99999999993958 60.00064088882717 
98.99999999993958 60.00064088882717 
98.99999999993958 62.00021362969878 
98.99999999993958 62.00021362969878 
98.99999999993958 63.000000000134584 
98.99999999993958 63.000000000134584 
98.99999999993958 62.00021362969878 
98.99999999993958 62.00021362969878 
98.99999999993958 62.00021362969878 
98.99999999993958 62.00021362969878 
98.99999999993958 63.000000000134584 
98.99999999993958 63.000000000134584 
98.99999999993958 63.000000000134584 
98.99999999993958 62.00021362969878 
97.99993896292122 62.00021362969878 
97.99993896292122 61.00042725926298 
97.99993896292122 61.00042725926298 
97.99993896292122 61.00042725926298 
98.99999999993958 61.00042725926298 
98.99999999993958 61.00042725926298 
98.99999999993958 61.00042725926298 
98.99999999993958 61.00042725926298 
98.99999999993958 61.00042725926298 
98.99999999993958 62.00021362969878 
98.99999999993958 61.00042725926298 
97.99993896292122 61.00042725926298 
97.99993896292122 61.00042725926298 
97.99993896292122 60.00064088882717 
98.99999999993958 62.00021362969878 
98.99999999993958 62.00021362969878 
98.99999999993958 64.00074770361888 
98.99999999993958 67.0001068149263 
98.99999999993958 68.00085451841059 
98.99999999993958 67.0001068149263 
97.99993896292122 65.00053407405468 
97.99993896292122 64.00074770361888 
97.99993896292122 63.000000000134584 
97.99993896292122 62.00021362969878 
97.99993896292122 62.00021362969878 
97.99993896292122 61.00042725926298 
97.99993896292122 61.00042725926298 
97.99993896292122 61.00042725926298 
98.99999999993958 62.00021362969878 
97.99993896292122 61.00042725926298 
98.99999999993958 62.00021362969878 
97.99993896292122 61.00042725926298 
97.99993896292122 60.00064088882717 
98.99999999993958 59.00085451839137 
98.99999999993958 59.00085451839137 
98.99999999993958 59.00085451839137 
98.99999999993958 58.00010681490707 
98.99999999993958 58.00010681490707 
98.99999999993958 58.00010681490707 
98.99999999993958 58.00010681490707 
98.99999999993958 58.00010681490707 
98.99999999993958 58.00010681490707 
98.99999999993958 58.00010681490707 
98.99999999993958 58.00010681490707 
98.99999999993958 59.00085451839137 
97.99993896292122 59.00085451839137 
97.99993896292122 60.00064088882717 
97.99993896292122 60.00064088882717 
97.99993896292122 60.00064088882717 
97.99993896292122 60.00064088882717 
97.99993896292122 60.00064088882717 
97.99993896292122 61.00042725926298 
97.99993896292122 61.00042725926298 
97.99993896292122 61.00042725926298 
97.99993896292122 62.00021362969878 
97.99993896292122 62.00021362969878 
97.99993896292122 62.00021362969878 
97.99993896292122 62.00021362969878 
97.99993896292122 62.00021362969878 
97.99993896292122 64.00074770361888 
97.99993896292122 66.0003204444905 
97.99993896292122 68.00085451841059 
97.99993896292122 69.0006408888464 
97.99993896292122 68.00085451841059 
97.99993896292122 66.0003204444905 
97.99993896292122 64.00074770361888 
97.99993896292122 63.000000000134584 
97.99993896292122 62.00021362969878 
97.99993896292122 61.00042725926298 
97.99993896292122 61.00042725926298 
