96.99990844447157 73.00027466654073 
96.99990844447157 73.00027466654073 
96.99990844447157 73.00027466654073 
96.99990844447157 73.00027466654073 
96.99990844447157 73.00027466654073 
96.99990844447157 74.00006103697379 
96.99990844447157 74.00006103697379 
96.99990844447157 74.00006103697379 
96.99990844447157 74.00006103697379 
96.99990844447157 74.00006103697379 
96.99990844447157 74.00006103697379 
96.99990844447157 74.00006103697379 
96.99990844447157 74.00006103697379 
96.99990844447157 74.00006103697379 
96.99990844447157 74.00006103697379 
96.99990844447157 74.00006103697379 
96.99990844447157 74.00006103697379 
96.99990844447157 74.00006103697379 
96.99990844447157 74.00006103697379 
93.00003051850948 74.00006103697379 
93.00003051850948 74.00006103697379 
93.00003051850948 74.00006103697379 
93.00003051850948 74.00006103697379 
93.00003051850948 74.00006103697379 
93.00003051850948 74.00006103697379 
93.00003051850948 74.00006103697379 
93.00003051850948 74.00006103697379 
93.00003051850948 74.00006103697379 
91.00009155552843 74.00006103697379 
91.00009155552843 74.00006103697379 
91.00009155552843 74.00006103697379 
91.00009155552843 74.00006103697379 
91.00009155552843 74.00006103697379 
91.00009155552843 74.00006103697379 
91.00009155552843 74.00006103697379 
91.00009155552843 74.00006103697379 
91.00009155552843 74.00006103697379 
91.00009155552843 74.00006103697379 
91.00009155552843 74.00006103697379 
90.00006103701895 75.00064088865322 
91.00009155552843 75.00064088865322 
93.00003051850948 77.00021362951934 
93.00003051850948 77.00021362951934 
94.99996948149052 77.9999999999524 
94.99996948149052 77.9999999999524 
94.99996948149052 79.00057985163183 
96.0 79.00057985163183 
96.0 79.00057985163183 
96.0 79.00057985163183 
96.99990844447157 80.00036622206488 
96.99990844447157 80.00036622206488 
96.99990844447157 80.00036622206488 
96.99990844447157 80.00036622206488 
96.99990844447157 80.00036622206488 
96.99990844447157 80.00036622206488 
96.99990844447157 80.00036622206488 
96.99990844447157 80.00036622206488 
96.99990844447157 79.00057985163183 
96.99990844447157 79.00057985163183 
96.99990844447157 79.00057985163183 
96.99990844447157 79.00057985163183 
96.99990844447157 77.9999999999524 
96.0 77.00021362951934 
96.0 77.00021362951934 
96.0 77.00021362951934 
96.0 77.00021362951934 
96.0 76.00042725908628 
96.0 76.00042725908628 
94.99996948149052 74.00006103697379 
94.99996948149052 74.00006103697379 
94.99996948149052 74.00006103697379 
94.99996948149052 75.00064088865322 
94.99996948149052 74.00006103697379 
94.99996948149052 75.00064088865322 
94.99996948149052 73.00027466654073 
94.99996948149052 73.00027466654073 
94.99996948149052 72.00048829610768 
94.99996948149052 70.00012207399519 
96.0 68.00054933312907 
96.0 68.00054933312907 
96.0 67.00076296269602 
96.0 65.00039674058351 
96.0 65.00039674058351 
96.0 65.00039674058351 
96.0 65.00039674058351 
96.0 64.00061037015045 
96.0 64.00061037015045 
96.0 64.00061037015045 
96.0 63.00003051847103 
96.0 63.00003051847103 
96.0 63.00003051847103 
96.0 63.00003051847103 
96.0 63.00003051847103 
96.0 63.00003051847103 
96.0 62.00024414803797 
96.0 62.00024414803797 
96.0 62.00024414803797 
96.0 62.00024414803797 
96.0 62.00024414803797 
96.0 62.00024414803797 
96.0 62.00024414803797 
96.0 62.00024414803797 
96.0 63.00003051847103 
96.0 63.00003051847103 
96.99990844447157 62.00024414803797 
96.99990844447157 62.00024414803797 
96.0 63.00003051847103 
96.0 63.00003051847103 
96.0 62.00024414803797 
96.0 62.00024414803797 
96.0 63.00003051847103 
96.0 63.00003051847103 
96.0 63.00003051847103 
96.0 63.00003051847103 
96.0 64.00061037015045 
96.0 65.00039674058351 
96.0 66.00018311101658 
96.0 66.00018311101658 
96.0 66.00018311101658 
96.0 67.00076296269602 
96.0 65.00039674058351 
96.0 65.00039674058351 
96.0 65.00039674058351 
96.0 65.00039674058351 
96.0 65.00039674058351 
96.0 65.00039674058351 
96.0 65.00039674058351 
96.0 65.00039674058351 
96.0 65.00039674058351 
96.0 65.00039674058351 
96.0 65.00039674058351 
94.99996948149052 65.00039674058351 
94.99996948149052 66.00018311101658 
94.99996948149052 66.00018311101658 
96.0 66.00018311101658 
96.0 66.00018311101658 
96.0 65.00039674058351 
96.0 65.00039674058351 
96.0 66.00018311101658 
96.0 65.00039674058351 
96.0 65.00039674058351 
96.0 64.00061037015045 
96.0 64.00061037015045 
96.0 65.00039674058351 
96.0 64.00061037015045 
96.0 64.00061037015045 
96.0 65.00039674058351 
96.0 65.00039674058351 
96.0 65.00039674058351 
96.0 66.00018311101658 
96.0 66.00018311101658 
96.0 67.00076296269602 
96.0 67.00076296269602 
96.0 68.00054933312907 
96.0 68.00054933312907 
96.0 68.00054933312907 
96.0 68.00054933312907 
96.0 68.00054933312907 
96.0 67.00076296269602 
96.0 67.00076296269602 
96.0 66.00018311101658 
96.0 66.00018311101658 
96.0 66.00018311101658 
96.0 66.00018311101658 
96.0 65.00039674058351 
96.0 66.00018311101658 
96.0 66.00018311101658 
96.0 66.00018311101658 
96.0 67.00076296269602 
96.0 67.00076296269602 
96.0 67.00076296269602 
96.0 67.00076296269602 
96.0 67.00076296269602 
96.0 67.00076296269602 
96.0 67.00076296269602 
96.0 67.00076296269602 
96.0 66.00018311101658 
96.0 66.00018311101658 
96.0 66.00018311101658 
96.0 67.00076296269602 
96.0 67.00076296269602 
96.0 67.00076296269602 
96.0 67.00076296269602 
96.0 66.00018311101658 
96.0 66.00018311101658 
96.0 65.00039674058351 
96.99990844447157 65.00039674058351 
96.99990844447157 67.00076296269602 
96.99990844447157 67.00076296269602 
96.99990844447157 67.00076296269602 
96.99990844447157 68.00054933312907 
96.99990844447157 69.00033570356213 
96.99990844447157 69.00033570356213 
96.0 68.00054933312907 
96.0 68.00054933312907 
96.0 67.00076296269602 
96.0 67.00076296269602 
96.0 67.00076296269602 
96.0 67.00076296269602 
96.0 67.00076296269602 
96.0 67.00076296269602 
96.0 67.00076296269602 
96.0 67.00076296269602 
96.0 67.00076296269602 
96.0 66.00018311101658 
96.0 65.00039674058351 
96.0 64.00061037015045 
96.0 63.00003051847103 
96.0 63.00003051847103 
96.0 63.00003051847103 
96.0 63.00003051847103 
96.0 63.00003051847103 
96.0 63.00003051847103 
96.0 63.00003051847103 
96.0 63.00003051847103 
96.0 63.00003051847103 
96.0 63.00003051847103 
96.0 63.00003051847103 
96.0 63.00003051847103 
96.0 63.00003051847103 
96.0 62.00024414803797 
96.0 63.00003051847103 
96.0 63.00003051847103 
96.0 63.00003051847103 
96.0 63.00003051847103 
96.0 63.00003051847103 
96.0 63.00003051847103 
96.0 63.00003051847103 
96.0 63.00003051847103 
96.0 62.00024414803797 
96.0 61.00045777760491 
96.0 61.00045777760491 
96.0 60.00067140717185 
94.99996948149052 60.00067140717185 
94.99996948149052 61.00045777760491 
94.99996948149052 61.00045777760491 
94.99996948149052 61.00045777760491 
94.99996948149052 61.00045777760491 
94.99996948149052 62.00024414803797 
94.99996948149052 62.00024414803797 
94.99996948149052 63.00003051847103 
94.99996948149052 63.00003051847103 
94.99996948149052 63.00003051847103 
94.99996948149052 64.00061037015045 
94.99996948149052 64.00061037015045 
94.99996948149052 64.00061037015045 
96.0 65.00039674058351 
96.0 65.00039674058351 
96.0 65.00039674058351 
96.0 66.00018311101658 
96.0 66.00018311101658 
96.0 67.00076296269602 
96.0 68.00054933312907 
96.0 68.00054933312907 
96.0 68.00054933312907 
96.0 69.00033570356213 
96.0 69.00033570356213 
96.0 69.00033570356213 
96.0 69.00033570356213 
96.0 69.00033570356213 
96.0 69.00033570356213 
96.0 69.00033570356213 
96.0 69.00033570356213 
96.0 70.00012207399519 
96.0 70.00012207399519 
96.0 70.00012207399519 
96.0 71.00070192567462 
96.0 72.00048829610768 
96.0 72.00048829610768 
96.0 72.00048829610768 
96.0 73.00027466654073 
96.0 73.00027466654073 
96.0 72.00048829610768 
96.0 71.00070192567462 
96.0 71.00070192567462 
96.0 70.00012207399519 
96.0 69.00033570356213 
96.0 69.00033570356213 
96.0 68.00054933312907 
96.0 67.00076296269602 
96.0 67.00076296269602 
96.0 67.00076296269602 
96.0 67.00076296269602 
96.0 67.00076296269602 
96.0 68.00054933312907 
96.0 68.00054933312907 
96.0 68.00054933312907 
96.0 68.00054933312907 
96.0 68.00054933312907 
96.0 69.00033570356213 
96.0 69.00033570356213 
96.0 69.00033570356213 
96.0 69.00033570356213 
96.0 69.00033570356213 
96.0 68.00054933312907 
96.0 68.00054933312907 
96.0 67.00076296269602 
94.99996948149052 67.00076296269602 
94.99996948149052 66.00018311101658 
94.99996948149052 66.00018311101658 
94.99996948149052 66.00018311101658 
96.0 67.00076296269602 
96.0 66.00018311101658 
96.0 65.00039674058351 
96.0 64.00061037015045 
96.0 63.00003051847103 
96.0 62.00024414803797 
96.0 62.00024414803797 
96.0 62.00024414803797 
96.0 62.00024414803797 
96.0 62.00024414803797 
96.0 62.00024414803797 
96.0 62.00024414803797 
96.0 62.00024414803797 
96.0 62.00024414803797 
96.0 62.00024414803797 
96.0 62.00024414803797 
96.0 62.00024414803797 
96.0 62.00024414803797 
94.99996948149052 62.00024414803797 
94.99996948149052 63.00003051847103 
94.99996948149052 63.00003051847103 
94.99996948149052 65.00039674058351 
94.99996948149052 65.00039674058351 
94.99996948149052 66.00018311101658 
94.99996948149052 66.00018311101658 
94.99996948149052 66.00018311101658 
94.99996948149052 66.00018311101658 
94.99996948149052 66.00018311101658 
94.99996948149052 66.00018311101658 
94.99996948149052 66.00018311101658 
94.99996948149052 66.00018311101658 
94.99996948149052 66.00018311101658 
94.99996948149052 67.00076296269602 
94.99996948149052 67.00076296269602 
94.99996948149052 66.00018311101658 
94.99996948149052 66.00018311101658 
94.99996948149052 66.00018311101658 
96.0 66.00018311101658 
96.0 66.00018311101658 
96.0 67.00076296269602 
96.0 67.00076296269602 
96.0 68.00054933312907 
96.0 71.00070192567462 
96.0 72.00048829610768 
96.0 72.00048829610768 
96.0 73.00027466654073 
96.0 73.00027466654073 
96.0 73.00027466654073 
96.0 73.00027466654073 
96.0 73.00027466654073 
96.0 73.00027466654073 
96.0 74.00006103697379 
96.0 74.00006103697379 
96.0 74.00006103697379 
96.0 74.00006103697379 
94.99996948149052 73.00027466654073 
96.0 77.00021362951934 
96.0 77.00021362951934 
96.0 77.00021362951934 
94.99996948149052 82.00073244417737 
94.99996948149052 87.99945066677573 
94.99996948149052 92.99996948143377 
94.99996948149052 96.99990844441237 
94.99996948149052 100.99984740739097 
94.99996948149052 100.99984740739097 
96.0 104.99978637036959 
96.0 107.99993896291514 
96.0 108.9997253333482 
96.0 108.9997253333482 
96.0 103.99999999993653 
96.0 97.99969481484543 
96.0 92.99996948143377 
96.0 88.99923703720879 
96.0 82.99972533336405 
96.0 80.00036622206488 
96.0 77.9999999999524 
96.0 77.9999999999524 
96.0 77.00021362951934 
96.0 75.00064088865322 
96.0 75.00064088865322 
96.0 76.00042725908628 
96.0 76.00042725908628 
96.0 77.00021362951934 
96.0 77.00021362951934 
96.0 77.00021362951934 
96.0 76.00042725908628 
96.0 76.00042725908628 
96.0 76.00042725908628 
96.0 75.00064088865322 
96.0 75.00064088865322 
96.0 75.00064088865322 
96.0 75.00064088865322 
96.0 76.00042725908628 
96.0 76.00042725908628 
96.0 75.00064088865322 
96.0 75.00064088865322 
96.0 75.00064088865322 
96.0 75.00064088865322 
96.0 75.00064088865322 
96.0 75.00064088865322 
96.0 76.00042725908628 
96.0 76.00042725908628 
96.0 75.00064088865322 
96.0 75.00064088865322 
94.99996948149052 75.00064088865322 
94.99996948149052 74.00006103697379 
94.99996948149052 74.00006103697379 
94.99996948149052 74.00006103697379 
94.99996948149052 75.00064088865322 
94.99996948149052 75.00064088865322 
94.99996948149052 75.00064088865322 
94.99996948149052 75.00064088865322 
94.99996948149052 75.00064088865322 
94.99996948149052 75.00064088865322 
94.99996948149052 76.00042725908628 
94.99996948149052 76.00042725908628 
94.99996948149052 75.00064088865322 
94.99996948149052 75.00064088865322 
94.99996948149052 75.00064088865322 
94.99996948149052 75.00064088865322 
94.99996948149052 75.00064088865322 
94.99996948149052 75.00064088865322 
94.99996948149052 75.00064088865322 
94.99996948149052 75.00064088865322 
94.99996948149052 75.00064088865322 
94.99996948149052 75.00064088865322 
94.99996948149052 75.00064088865322 
94.99996948149052 75.00064088865322 
94.99996948149052 75.00064088865322 
94.99996948149052 75.00064088865322 
94.99996948149052 75.00064088865322 
94.99996948149052 76.00042725908628 
96.0 76.00042725908628 
96.0 77.00021362951934 
96.0 77.00021362951934 
96.0 77.9999999999524 
96.0 77.00021362951934 
96.0 77.00021362951934 
96.0 77.00021362951934 
96.0 77.00021362951934 
96.0 77.00021362951934 
96.0 77.00021362951934 
96.0 77.00021362951934 
96.0 77.00021362951934 
94.99996948149052 76.00042725908628 
94.99996948149052 76.00042725908628 
93.99993896298105 73.00027466654073 
93.99993896298105 73.00027466654073 
93.99993896298105 73.00027466654073 
93.99993896298105 73.00027466654073 
93.99993896298105 73.00027466654073 
93.99993896298105 73.00027466654073 
93.99993896298105 70.00012207399519 
93.99993896298105 70.00012207399519 
93.99993896298105 70.00012207399519 
93.99993896298105 70.00012207399519 
93.99993896298105 69.00033570356213 
93.99993896298105 68.00054933312907 
93.99993896298105 68.00054933312907 
93.99993896298105 66.00018311101658 
93.99993896298105 63.00003051847103 
93.99993896298105 64.00061037015045 
93.99993896298105 64.00061037015045 
93.99993896298105 64.00061037015045 
93.99993896298105 64.00061037015045 
93.99993896298105 64.00061037015045 
93.99993896298105 64.00061037015045 
93.99993896298105 66.00018311101658 
93.99993896298105 66.00018311101658 
93.99993896298105 66.00018311101658 
93.99993896298105 66.00018311101658 
93.99993896298105 66.00018311101658 
93.99993896298105 71.00070192567462 
93.99993896298105 71.00070192567462 
93.99993896298105 71.00070192567462 
93.99993896298105 77.00021362951934 
93.99993896298105 80.00036622206488 
93.99993896298105 80.00036622206488 
93.99993896298105 80.00036622206488 
93.99993896298105 80.00036622206488 
93.99993896298105 82.00073244417737 
93.99993896298105 82.00073244417737 
93.99993896298105 82.00073244417737 
93.99993896298105 82.00073244417737 
93.99993896298105 82.00073244417737 
93.99993896298105 82.00073244417737 
93.99993896298105 82.00073244417737 
93.99993896298105 82.00073244417737 
93.99993896298105 82.00073244417737 
93.99993896298105 82.00073244417737 
93.99993896298105 82.00073244417737 
93.99993896298105 82.00073244417737 
93.00003051850948 81.00015259249794 
93.00003051850948 81.00015259249794 
93.00003051850948 82.00073244417737 
93.00003051850948 82.00073244417737 
93.99993896298105 83.99951170379713 
93.99993896298105 84.99929807423018 
93.99993896298105 89.99981688888822 
93.99993896298105 91.99938962975433 
93.99993896298105 91.99938962975433 
93.99993896298105 92.99996948143377 
94.99996948149052 92.99996948143377 
94.99996948149052 93.99975585186682 
94.99996948149052 93.99975585186682 
94.99996948149052 93.99975585186682 
94.99996948149052 93.99975585186682 
94.99996948149052 93.99975585186682 
93.99993896298105 93.99975585186682 
93.99993896298105 93.99975585186682 
93.99993896298105 93.99975585186682 
93.99993896298105 93.99975585186682 
93.99993896298105 93.99975585186682 
93.99993896298105 93.99975585186682 
93.99993896298105 93.99975585186682 
93.99993896298105 93.99975585186682 
93.99993896298105 94.99954222229988 
93.99993896298105 95.99932859273294 
93.99993896298105 97.99969481484543 
93.99993896298105 98.99948118527848 
93.99993896298105 98.99948118527848 
93.99993896298105 98.99948118527848 
93.99993896298105 98.99948118527848 
93.99993896298105 98.99948118527848 
93.99993896298105 98.99948118527848 
93.99993896298105 98.99948118527848 
93.99993896298105 97.99969481484543 
93.99993896298105 97.99969481484543 
93.99993896298105 97.99969481484543 
93.99993896298105 97.99969481484543 
93.99993896298105 98.99948118527848 
93.99993896298105 103.99999999993653 
93.99993896298105 103.99999999993653 
93.99993896298105 104.99978637036959 
93.99993896298105 104.99978637036959 
93.99993896298105 104.99978637036959 
93.99993896298105 104.99978637036959 
93.99993896298105 103.99999999993653 
93.99993896298105 101.99963377782403 
93.99993896298105 101.99963377782403 
93.99993896298105 93.99975585186682 
93.99993896298105 82.99972533336405 
93.99993896298105 83.99951170379713 
93.99993896298105 83.99951170379713 
93.99993896298105 83.99951170379713 
93.99993896298105 83.99951170379713 
93.99993896298105 83.99951170379713 
93.99993896298105 83.99951170379713 
93.99993896298105 83.99951170379713 
93.99993896298105 83.99951170379713 
93.99993896298105 83.99951170379713 
93.99993896298105 84.99929807423018 
93.99993896298105 84.99929807423018 
93.99993896298105 83.99951170379713 
93.99993896298105 83.99951170379713 
93.99993896298105 83.99951170379713 
93.99993896298105 83.99951170379713 
93.99993896298105 82.99972533336405 
93.99993896298105 81.00015259249794 
93.99993896298105 81.00015259249794 
93.99993896298105 81.00015259249794 
93.99993896298105 81.00015259249794 
93.99993896298105 79.00057985163183 
93.00003051850948 77.00021362951934 
93.00003051850948 75.00064088865322 
93.00003051850948 71.00070192567462 
93.00003051850948 71.00070192567462 
93.00003051850948 71.00070192567462 
93.00003051850948 71.00070192567462 
93.00003051850948 71.00070192567462 
93.00003051850948 71.00070192567462 
93.00003051850948 70.00012207399519 
93.00003051850948 69.00033570356213 
93.00003051850948 67.00076296269602 
93.00003051850948 67.00076296269602 
93.00003051850948 67.00076296269602 
93.00003051850948 68.00054933312907 
93.00003051850948 67.00076296269602 
93.00003051850948 67.00076296269602 
93.00003051850948 67.00076296269602 
93.00003051850948 67.00076296269602 
93.00003051850948 66.00018311101658 
93.00003051850948 65.00039674058351 
93.00003051850948 63.00003051847103 
93.00003051850948 63.00003051847103 
93.00003051850948 63.00003051847103 
93.00003051850948 63.00003051847103 
93.00003051850948 63.00003051847103 
93.00003051850948 63.00003051847103 
93.00003051850948 62.00024414803797 
93.00003051850948 62.00024414803797 
93.00003051850948 62.00024414803797 
93.00003051850948 62.00024414803797 
93.00003051850948 62.00024414803797 
93.00003051850948 62.00024414803797 
93.00003051850948 63.00003051847103 
93.00003051850948 63.00003051847103 
93.00003051850948 64.00061037015045 
93.00003051850948 64.00061037015045 
94.99996948149052 64.00061037015045 
93.99993896298105 72.00048829610768 
93.99993896298105 74.00006103697379 
93.99993896298105 74.00006103697379 
93.99993896298105 82.99972533336405 
93.99993896298105 82.99972533336405 
93.99993896298105 86.99966429634267 
94.99996948149052 86.99966429634267 
94.99996948149052 88.99923703720879 
94.99996948149052 94.99954222229988 
93.99993896298105 94.99954222229988 
93.99993896298105 94.99954222229988 
93.99993896298105 94.99954222229988 
93.99993896298105 94.99954222229988 
93.99993896298105 94.99954222229988 
93.99993896298105 94.99954222229988 
93.99993896298105 94.99954222229988 
93.99993896298105 95.99932859273294 
93.99993896298105 95.99932859273294 
93.99993896298105 95.99932859273294 
93.99993896298105 97.99969481484543 
93.99993896298105 97.99969481484543 
93.99993896298105 97.99969481484543 
93.99993896298105 97.99969481484543 
93.99993896298105 99.99926755571154 
93.99993896298105 100.99984740739097 
94.99996948149052 94.99954222229988 
94.99996948149052 94.99954222229988 
94.99996948149052 94.99954222229988 
94.99996948149052 94.99954222229988 
94.99996948149052 94.99954222229988 
94.99996948149052 97.99969481484543 
94.99996948149052 97.99969481484543 
94.99996948149052 98.99948118527848 
94.99996948149052 99.99926755571154 
94.99996948149052 97.99969481484543 
94.99996948149052 96.99990844441237 
94.99996948149052 90.99960325932128 
93.99993896298105 83.99951170379713 
93.99993896298105 77.9999999999524 
93.99993896298105 66.00018311101658 
94.99996948149052 66.00018311101658 
94.99996948149052 68.00054933312907 
96.0 74.00006103697379 
96.0 74.00006103697379 
96.0 86.99966429634267 
96.0 91.99938962975433 
94.99996948149052 91.99938962975433 
94.99996948149052 93.99975585186682 
94.99996948149052 93.99975585186682 
94.99996948149052 93.99975585186682 
94.99996948149052 93.99975585186682 
94.99996948149052 93.99975585186682 
94.99996948149052 93.99975585186682 
94.99996948149052 96.99990844441237 
94.99996948149052 96.99990844441237 
94.99996948149052 96.99990844441237 
94.99996948149052 96.99990844441237 
94.99996948149052 97.99969481484543 
94.99996948149052 97.99969481484543 
94.99996948149052 97.99969481484543 
94.99996948149052 98.99948118527848 
94.99996948149052 98.99948118527848 
94.99996948149052 99.99926755571154 
94.99996948149052 99.99926755571154 
94.99996948149052 99.99926755571154 
94.99996948149052 99.99926755571154 
94.99996948149052 99.99926755571154 
94.99996948149052 99.99926755571154 
94.99996948149052 99.99926755571154 
94.99996948149052 99.99926755571154 
94.99996948149052 99.99926755571154 
94.99996948149052 99.99926755571154 
94.99996948149052 97.99969481484543 
94.99996948149052 94.99954222229988 
94.99996948149052 93.99975585186682 
96.0 90.99960325932128 
94.99996948149052 89.99981688888822 
94.99996948149052 89.99981688888822 
96.0 87.99945066677573 
96.0 85.99987792590962 
96.0 82.99972533336405 
96.0 81.00015259249794 
96.0 77.9999999999524 
96.0 77.00021362951934 
96.0 77.00021362951934 
96.0 80.00036622206488 
96.0 81.00015259249794 
96.0 82.99972533336405 
96.0 82.99972533336405 
96.0 82.00073244417737 
94.99996948149052 81.00015259249794 
94.99996948149052 80.00036622206488 
94.99996948149052 79.00057985163183 
94.99996948149052 79.00057985163183 
94.99996948149052 77.9999999999524 
96.0 76.00042725908628 
96.0 76.00042725908628 
96.0 76.00042725908628 
96.0 75.00064088865322 
96.0 73.00027466654073 
96.0 72.00048829610768 
96.0 71.00070192567462 
96.0 70.00012207399519 
96.0 68.00054933312907 
96.99990844447157 68.00054933312907 
96.99990844447157 67.00076296269602 
96.99990844447157 67.00076296269602 
96.99990844447157 66.00018311101658 
96.99990844447157 66.00018311101658 
96.99990844447157 65.00039674058351 
96.99990844447157 65.00039674058351 
96.99990844447157 64.00061037015045 
96.99990844447157 63.00003051847103 
96.0 63.00003051847103 
96.0 63.00003051847103 
96.0 63.00003051847103 
96.0 63.00003051847103 
96.0 63.00003051847103 
96.0 63.00003051847103 
96.0 63.00003051847103 
96.0 63.00003051847103 
96.0 62.00024414803797 
96.0 62.00024414803797 
96.0 62.00024414803797 
96.0 62.00024414803797 
96.0 62.00024414803797 
96.0 63.00003051847103 
96.0 63.00003051847103 
96.0 63.00003051847103 
96.0 63.00003051847103 
96.0 63.00003051847103 
96.0 63.00003051847103 
96.0 63.00003051847103 
96.0 63.00003051847103 
96.0 63.00003051847103 
96.0 63.00003051847103 
96.0 63.00003051847103 
96.0 63.00003051847103 
96.0 64.00061037015045 
96.0 64.00061037015045 
96.0 63.00003051847103 
96.0 62.00024414803797 
96.0 61.00045777760491 
96.0 61.00045777760491 
96.0 61.00045777760491 
96.0 61.00045777760491 
96.0 61.00045777760491 
96.0 61.00045777760491 
96.0 62.00024414803797 
96.0 62.00024414803797 
96.0 62.00024414803797 
96.0 62.00024414803797 
96.0 62.00024414803797 
96.0 61.00045777760491 
96.0 61.00045777760491 
96.0 61.00045777760491 
96.0 61.00045777760491 
96.0 61.00045777760491 
96.0 61.00045777760491 
96.0 60.00067140717185 
96.0 60.00067140717185 
96.0 60.00067140717185 
96.0 60.00067140717185 
96.0 61.00045777760491 
96.0 60.00067140717185 
96.0 60.00067140717185 
96.0 60.00067140717185 
96.0 60.00067140717185 
96.0 60.00067140717185 
96.0 60.00067140717185 
96.0 60.00067140717185 
96.0 60.00067140717185 
96.0 60.00067140717185 
96.0 60.00067140717185 
96.0 60.00067140717185 
96.0 60.00067140717185 
96.0 60.00067140717185 
96.0 60.00067140717185 
96.0 60.00067140717185 
96.0 60.00067140717185 
96.0 60.00067140717185 
96.0 60.00067140717185 
96.0 60.00067140717185 
96.0 61.00045777760491 
96.0 61.00045777760491 
96.0 61.00045777760491 
96.0 62.00024414803797 
96.0 62.00024414803797 
96.0 62.00024414803797 
96.0 62.00024414803797 
96.0 62.00024414803797 
96.0 62.00024414803797 
96.0 62.00024414803797 
96.0 63.00003051847103 
96.0 63.00003051847103 
96.0 63.00003051847103 
96.0 63.00003051847103 
96.0 63.00003051847103 
96.0 63.00003051847103 
96.0 63.00003051847103 
96.0 63.00003051847103 
96.0 63.00003051847103 
96.0 63.00003051847103 
96.0 63.00003051847103 
96.0 63.00003051847103 
96.0 63.00003051847103 
96.0 63.00003051847103 
96.0 63.00003051847103 
96.0 63.00003051847103 
96.0 63.00003051847103 
94.99996948149052 63.00003051847103 
94.99996948149052 63.00003051847103 
94.99996948149052 63.00003051847103 
94.99996948149052 63.00003051847103 
94.99996948149052 63.00003051847103 
94.99996948149052 63.00003051847103 
94.99996948149052 63.00003051847103 
94.99996948149052 63.00003051847103 
94.99996948149052 63.00003051847103 
94.99996948149052 63.00003051847103 
94.99996948149052 63.00003051847103 
94.99996948149052 63.00003051847103 
94.99996948149052 63.00003051847103 
94.99996948149052 63.00003051847103 
94.99996948149052 63.00003051847103 
94.99996948149052 62.00024414803797 
94.99996948149052 62.00024414803797 
94.99996948149052 62.00024414803797 
94.99996948149052 61.00045777760491 
94.99996948149052 61.00045777760491 
94.99996948149052 61.00045777760491 
94.99996948149052 61.00045777760491 
94.99996948149052 61.00045777760491 
94.99996948149052 61.00045777760491 
94.99996948149052 62.00024414803797 
94.99996948149052 62.00024414803797 
94.99996948149052 62.00024414803797 
94.99996948149052 62.00024414803797 
94.99996948149052 62.00024414803797 
94.99996948149052 63.00003051847103 
94.99996948149052 63.00003051847103 
94.99996948149052 63.00003051847103 
94.99996948149052 63.00003051847103 
94.99996948149052 63.00003051847103 
94.99996948149052 63.00003051847103 
94.99996948149052 63.00003051847103 
94.99996948149052 63.00003051847103 
94.99996948149052 63.00003051847103 
94.99996948149052 64.00061037015045 
94.99996948149052 65.00039674058351 
96.0 65.00039674058351 
96.0 65.00039674058351 
96.0 65.00039674058351 
96.0 64.00061037015045 
94.99996948149052 64.00061037015045 
94.99996948149052 64.00061037015045 
94.99996948149052 64.00061037015045 
94.99996948149052 64.00061037015045 
94.99996948149052 64.00061037015045 
94.99996948149052 64.00061037015045 
94.99996948149052 64.00061037015045 
94.99996948149052 64.00061037015045 
94.99996948149052 65.00039674058351 
96.0 65.00039674058351 
96.0 64.00061037015045 
96.0 64.00061037015045 
94.99996948149052 64.00061037015045 
94.99996948149052 63.00003051847103 
94.99996948149052 63.00003051847103 
94.99996948149052 63.00003051847103 
94.99996948149052 63.00003051847103 
94.99996948149052 63.00003051847103 
94.99996948149052 63.00003051847103 
94.99996948149052 63.00003051847103 
94.99996948149052 63.00003051847103 
94.99996948149052 62.00024414803797 
94.99996948149052 62.00024414803797 
94.99996948149052 62.00024414803797 
94.99996948149052 62.00024414803797 
94.99996948149052 62.00024414803797 
94.99996948149052 63.00003051847103 
94.99996948149052 64.00061037015045 
94.99996948149052 64.00061037015045 
94.99996948149052 64.00061037015045 
94.99996948149052 64.00061037015045 
94.99996948149052 63.00003051847103 
94.99996948149052 63.00003051847103 
94.99996948149052 63.00003051847103 
94.99996948149052 63.00003051847103 
94.99996948149052 63.00003051847103 
94.99996948149052 63.00003051847103 
94.99996948149052 63.00003051847103 
94.99996948149052 63.00003051847103 
94.99996948149052 63.00003051847103 
94.99996948149052 62.00024414803797 
94.99996948149052 62.00024414803797 
94.99996948149052 62.00024414803797 
94.99996948149052 62.00024414803797 
94.99996948149052 62.00024414803797 
94.99996948149052 62.00024414803797 
94.99996948149052 62.00024414803797 
94.99996948149052 62.00024414803797 
94.99996948149052 62.00024414803797 
94.99996948149052 62.00024414803797 
94.99996948149052 62.00024414803797 
94.99996948149052 62.00024414803797 
94.99996948149052 62.00024414803797 
94.99996948149052 62.00024414803797 
94.99996948149052 62.00024414803797 
94.99996948149052 62.00024414803797 
94.99996948149052 62.00024414803797 
94.99996948149052 63.00003051847103 
94.99996948149052 63.00003051847103 
94.99996948149052 63.00003051847103 
94.99996948149052 63.00003051847103 
94.99996948149052 63.00003051847103 
94.99996948149052 63.00003051847103 
94.99996948149052 63.00003051847103 
94.99996948149052 64.00061037015045 
94.99996948149052 64.00061037015045 
94.99996948149052 64.00061037015045 
94.99996948149052 66.00018311101658 
94.99996948149052 66.00018311101658 
94.99996948149052 66.00018311101658 
94.99996948149052 67.00076296269602 
94.99996948149052 67.00076296269602 
96.99990844447157 83.99951170379713 
96.99990844447157 83.99951170379713 
96.99990844447157 84.99929807423018 
96.99990844447157 85.99987792590962 
96.0 83.99951170379713 
96.0 82.99972533336405 
96.0 82.00073244417737 
96.0 81.00015259249794 
96.0 81.00015259249794 
96.0 81.00015259249794 
96.0 82.99972533336405 
96.0 84.99929807423018 
96.0 85.99987792590962 
96.0 86.99966429634267 
96.0 87.99945066677573 
96.0 85.99987792590962 
96.0 85.99987792590962 
96.0 85.99987792590962 
96.0 85.99987792590962 
96.0 86.99966429634267 
96.0 87.99945066677573 
96.0 88.99923703720879 
96.0 86.99966429634267 
96.99990844447157 86.99966429634267 
96.99990844447157 85.99987792590962 
96.99990844447157 85.99987792590962 
96.99990844447157 86.99966429634267 
96.99990844447157 87.99945066677573 
96.0 85.99987792590962 
96.0 85.99987792590962 
96.0 84.99929807423018 
96.0 83.99951170379713 
96.0 83.99951170379713 
96.0 83.99951170379713 
96.0 83.99951170379713 
96.0 83.99951170379713 
96.0 83.99951170379713 
96.0 83.99951170379713 
96.0 82.99972533336405 
96.0 83.99951170379713 
96.0 83.99951170379713 
96.0 65.00039674058351 
96.0 65.00039674058351 
96.0 65.00039674058351 
96.0 69.00033570356213 
94.99996948149052 74.00006103697379 
94.99996948149052 74.00006103697379 
94.99996948149052 80.00036622206488 
94.99996948149052 80.00036622206488 
96.0 83.99951170379713 
96.0 85.99987792590962 
96.0 85.99987792590962 
96.0 87.99945066677573 
96.0 92.99996948143377 
96.0 92.99996948143377 
96.0 92.99996948143377 
96.0 93.99975585186682 
96.0 94.99954222229988 
96.0 94.99954222229988 
96.0 94.99954222229988 
96.0 94.99954222229988 
96.0 94.99954222229988 
96.0 95.99932859273294 
96.0 97.99969481484543 
96.0 101.99963377782403 
96.0 101.99963377782403 
96.0 101.99963377782403 
96.0 102.9994201482571 
96.0 98.99948118527848 
94.99996948149052 93.99975585186682 
94.99996948149052 90.99960325932128 
94.99996948149052 87.99945066677573 
94.99996948149052 84.99929807423018 
94.99996948149052 82.99972533336405 
94.99996948149052 82.00073244417737 
94.99996948149052 82.00073244417737 
94.99996948149052 82.00073244417737 
94.99996948149052 82.00073244417737 
94.99996948149052 82.00073244417737 
94.99996948149052 81.00015259249794 
94.99996948149052 80.00036622206488 
94.99996948149052 80.00036622206488 
94.99996948149052 80.00036622206488 
94.99996948149052 80.00036622206488 
94.99996948149052 81.00015259249794 
94.99996948149052 81.00015259249794 
94.99996948149052 81.00015259249794 
94.99996948149052 80.00036622206488 
94.99996948149052 80.00036622206488 
94.99996948149052 80.00036622206488 
94.99996948149052 80.00036622206488 
94.99996948149052 80.00036622206488 
94.99996948149052 79.00057985163183 
94.99996948149052 79.00057985163183 
94.99996948149052 77.9999999999524 
94.99996948149052 77.00021362951934 
94.99996948149052 77.00021362951934 
94.99996948149052 77.00021362951934 
94.99996948149052 77.00021362951934 
96.0 77.9999999999524 
96.0 77.9999999999524 
96.0 79.00057985163183 
96.0 82.00073244417737 
96.0 82.00073244417737 
96.0 82.00073244417737 
96.0 82.00073244417737 
96.0 80.00036622206488 
96.0 79.00057985163183 
96.0 77.9999999999524 
96.0 77.00021362951934 
96.0 77.9999999999524 
96.0 77.00021362951934 
96.0 77.00021362951934 
96.0 77.00021362951934 
96.0 76.00042725908628 
96.99990844447157 76.00042725908628 
96.99990844447157 76.00042725908628 
96.99990844447157 76.00042725908628 
96.99990844447157 76.00042725908628 
96.99990844447157 77.00021362951934 
96.99990844447157 77.00021362951934 
96.99990844447157 76.00042725908628 
96.99990844447157 75.00064088865322 
96.99990844447157 75.00064088865322 
96.99990844447157 76.00042725908628 
96.99990844447157 76.00042725908628 
96.99990844447157 76.00042725908628 
96.99990844447157 75.00064088865322 
96.99990844447157 75.00064088865322 
96.99990844447157 74.00006103697379 
96.99990844447157 74.00006103697379 
96.99990844447157 74.00006103697379 
96.99990844447157 75.00064088865322 
96.99990844447157 76.00042725908628 
96.99990844447157 76.00042725908628 
96.99990844447157 76.00042725908628 
96.99990844447157 76.00042725908628 
96.99990844447157 75.00064088865322 
96.99990844447157 74.00006103697379 
96.99990844447157 73.00027466654073 
96.99990844447157 74.00006103697379 
96.99990844447157 74.00006103697379 
96.99990844447157 75.00064088865322 
96.99990844447157 76.00042725908628 
96.99990844447157 76.00042725908628 
96.99990844447157 76.00042725908628 
96.99990844447157 76.00042725908628 
96.99990844447157 76.00042725908628 
96.99990844447157 76.00042725908628 
96.99990844447157 75.00064088865322 
96.99990844447157 74.00006103697379 
96.99990844447157 74.00006103697379 
96.99990844447157 75.00064088865322 
96.99990844447157 77.00021362951934 
96.99990844447157 77.00021362951934 
96.99990844447157 77.00021362951934 
96.99990844447157 76.00042725908628 
96.99990844447157 75.00064088865322 
96.99990844447157 75.00064088865322 
96.99990844447157 75.00064088865322 
96.99990844447157 76.00042725908628 
96.99990844447157 75.00064088865322 
96.99990844447157 76.00042725908628 
96.99990844447157 77.00021362951934 
96.99990844447157 76.00042725908628 
96.99990844447157 76.00042725908628 
96.99990844447157 76.00042725908628 
96.99990844447157 76.00042725908628 
96.99990844447157 76.00042725908628 
96.99990844447157 76.00042725908628 
96.99990844447157 76.00042725908628 
96.99990844447157 76.00042725908628 
96.99990844447157 77.00021362951934 
96.99990844447157 77.00021362951934 
97.99993896298105 77.9999999999524 
97.99993896298105 79.00057985163183 
96.99990844447157 79.00057985163183 
96.99990844447157 77.9999999999524 
96.99990844447157 77.9999999999524 
96.99990844447157 76.00042725908628 
96.99990844447157 76.00042725908628 
96.99990844447157 76.00042725908628 
96.99990844447157 75.00064088865322 
96.99990844447157 75.00064088865322 
96.99990844447157 75.00064088865322 
96.99990844447157 75.00064088865322 
96.99990844447157 76.00042725908628 
96.99990844447157 76.00042725908628 
96.99990844447157 77.00021362951934 
96.99990844447157 77.00021362951934 
96.99990844447157 77.00021362951934 
96.99990844447157 77.00021362951934 
97.99993896298105 77.00021362951934 
97.99993896298105 76.00042725908628 
97.99993896298105 75.00064088865322 
97.99993896298105 75.00064088865322 
97.99993896298105 76.00042725908628 
97.99993896298105 77.00021362951934 
97.99993896298105 77.00021362951934 
97.99993896298105 76.00042725908628 
96.99990844447157 77.00021362951934 
96.99990844447157 76.00042725908628 
96.99990844447157 76.00042725908628 
96.99990844447157 77.00021362951934 
96.99990844447157 77.00021362951934 
96.99990844447157 76.00042725908628 
96.99990844447157 76.00042725908628 
96.99990844447157 76.00042725908628 
96.99990844447157 76.00042725908628 
97.99993896298105 76.00042725908628 
97.99993896298105 75.00064088865322 
97.99993896298105 76.00042725908628 
96.99990844447157 76.00042725908628 
96.99990844447157 77.00021362951934 
96.99990844447157 77.9999999999524 
96.99990844447157 79.00057985163183 
97.99993896298105 79.00057985163183 
97.99993896298105 77.9999999999524 
97.99993896298105 77.00021362951934 
96.99990844447157 76.00042725908628 
96.99990844447157 76.00042725908628 
97.99993896298105 77.00021362951934 
97.99993896298105 76.00042725908628 
97.99993896298105 77.00021362951934 
97.99993896298105 76.00042725908628 
96.99990844447157 75.00064088865322 
96.99990844447157 74.00006103697379 
96.99990844447157 74.00006103697379 
96.99990844447157 75.00064088865322 
97.99993896298105 76.00042725908628 
97.99993896298105 77.00021362951934 
97.99993896298105 76.00042725908628 
97.99993896298105 74.00006103697379 
97.99993896298105 73.00027466654073 
97.99993896298105 72.00048829610768 
96.99990844447157 73.00027466654073 
96.99990844447157 74.00006103697379 
96.99990844447157 74.00006103697379 
96.99990844447157 75.00064088865322 
96.99990844447157 76.00042725908628 
96.99990844447157 76.00042725908628 
96.99990844447157 76.00042725908628 
96.99990844447157 76.00042725908628 
96.99990844447157 76.00042725908628 
96.99990844447157 75.00064088865322 
96.99990844447157 75.00064088865322 
96.99990844447157 75.00064088865322 
96.99990844447157 74.00006103697379 
96.99990844447157 74.00006103697379 
96.99990844447157 73.00027466654073 
96.99990844447157 73.00027466654073 
96.99990844447157 73.00027466654073 
96.99990844447157 73.00027466654073 
96.99990844447157 73.00027466654073 
96.99990844447157 73.00027466654073 
96.99990844447157 73.00027466654073 
96.99990844447157 74.00006103697379 
96.99990844447157 74.00006103697379 
96.99990844447157 75.00064088865322 
96.99990844447157 75.00064088865322 
96.99990844447157 75.00064088865322 
96.99990844447157 75.00064088865322 
96.99990844447157 75.00064088865322 
96.99990844447157 75.00064088865322 
96.99990844447157 75.00064088865322 
96.99990844447157 75.00064088865322 
96.99990844447157 75.00064088865322 
96.99990844447157 75.00064088865322 
96.99990844447157 75.00064088865322 
96.99990844447157 74.00006103697379 
96.99990844447157 74.00006103697379 
96.99990844447157 74.00006103697379 
96.99990844447157 75.00064088865322 
96.99990844447157 75.00064088865322 
97.99993896298105 75.00064088865322 
97.99993896298105 74.00006103697379 
96.99990844447157 73.00027466654073 
96.99990844447157 73.00027466654073 
96.99990844447157 73.00027466654073 
96.99990844447157 72.00048829610768 
96.99990844447157 72.00048829610768 
96.99990844447157 72.00048829610768 
96.99990844447157 72.00048829610768 
96.99990844447157 72.00048829610768 
96.99990844447157 73.00027466654073 
96.99990844447157 74.00006103697379 
96.99990844447157 77.00021362951934 
96.99990844447157 77.00021362951934 
96.99990844447157 80.00036622206488 
96.99990844447157 81.00015259249794 
96.99990844447157 81.00015259249794 
96.99990844447157 81.00015259249794 
96.99990844447157 80.00036622206488 
96.99990844447157 77.00021362951934 
96.99990844447157 77.00021362951934 
96.99990844447157 76.00042725908628 
96.99990844447157 76.00042725908628 
96.99990844447157 75.00064088865322 
96.99990844447157 75.00064088865322 
96.99990844447157 75.00064088865322 
96.99990844447157 75.00064088865322 
96.99990844447157 74.00006103697379 
96.99990844447157 72.00048829610768 
96.99990844447157 71.00070192567462 
96.99990844447157 71.00070192567462 
96.99990844447157 71.00070192567462 
96.0 73.00027466654073 
96.0 73.00027466654073 
96.0 74.00006103697379 
96.0 74.00006103697379 
96.0 74.00006103697379 
96.0 74.00006103697379 
96.0 73.00027466654073 
96.0 73.00027466654073 
96.0 72.00048829610768 
96.0 72.00048829610768 
96.0 72.00048829610768 
96.99990844447157 72.00048829610768 
96.99990844447157 73.00027466654073 
96.99990844447157 73.00027466654073 
96.99990844447157 73.00027466654073 
96.99990844447157 75.00064088865322 
96.99990844447157 77.00021362951934 
96.99990844447157 79.00057985163183 
96.99990844447157 79.00057985163183 
96.99990844447157 81.00015259249794 
96.99990844447157 81.00015259249794 
96.99990844447157 82.00073244417737 
97.99993896298105 82.00073244417737 
97.99993896298105 81.00015259249794 
97.99993896298105 80.00036622206488 
96.99990844447157 80.00036622206488 
96.99990844447157 79.00057985163183 
96.99990844447157 77.9999999999524 
96.99990844447157 77.00021362951934 
96.99990844447157 77.00021362951934 
96.99990844447157 77.00021362951934 
96.99990844447157 77.00021362951934 
96.99990844447157 77.00021362951934 
96.99990844447157 77.9999999999524 
96.99990844447157 77.00021362951934 
96.99990844447157 77.00021362951934 
96.99990844447157 77.00021362951934 
96.99990844447157 77.9999999999524 
96.99990844447157 77.9999999999524 
96.99990844447157 77.9999999999524 
96.99990844447157 77.9999999999524 
96.99990844447157 77.00021362951934 
96.99990844447157 75.00064088865322 
96.99990844447157 75.00064088865322 
96.99990844447157 75.00064088865322 
96.99990844447157 73.00027466654073 
96.99990844447157 73.00027466654073 
96.99990844447157 72.00048829610768 
96.99990844447157 71.00070192567462 
96.99990844447157 71.00070192567462 
96.99990844447157 71.00070192567462 
96.99990844447157 71.00070192567462 
96.99990844447157 71.00070192567462 
96.99990844447157 70.00012207399519 
96.99990844447157 70.00012207399519 
96.99990844447157 69.00033570356213 
96.99990844447157 69.00033570356213 
96.99990844447157 69.00033570356213 
96.99990844447157 70.00012207399519 
96.99990844447157 70.00012207399519 
96.99990844447157 71.00070192567462 
96.99990844447157 71.00070192567462 
96.99990844447157 70.00012207399519 
96.99990844447157 70.00012207399519 
96.0 70.00012207399519 
96.0 70.00012207399519 
96.0 70.00012207399519 
96.99990844447157 71.00070192567462 
96.99990844447157 71.00070192567462 
96.99990844447157 71.00070192567462 
96.99990844447157 71.00070192567462 
96.99990844447157 71.00070192567462 
96.99990844447157 71.00070192567462 
96.99990844447157 70.00012207399519 
96.99990844447157 70.00012207399519 
96.99990844447157 70.00012207399519 
96.99990844447157 70.00012207399519 
96.99990844447157 71.00070192567462 
96.99990844447157 72.00048829610768 
96.99990844447157 72.00048829610768 
96.99990844447157 72.00048829610768 
96.99990844447157 72.00048829610768 
96.99990844447157 72.00048829610768 
96.99990844447157 72.00048829610768 
96.99990844447157 72.00048829610768 
96.99990844447157 72.00048829610768 
96.99990844447157 73.00027466654073 
96.99990844447157 72.00048829610768 
96.99990844447157 72.00048829610768 
96.99990844447157 72.00048829610768 
96.0 70.00012207399519 
96.0 74.00006103697379 
96.0 75.00064088865322 
96.0 76.00042725908628 
96.0 75.00064088865322 
96.0 75.00064088865322 
96.0 74.00006103697379 
96.0 74.00006103697379 
96.0 73.00027466654073 
96.0 73.00027466654073 
96.0 73.00027466654073 
96.0 73.00027466654073 
96.0 73.00027466654073 
96.0 72.00048829610768 
96.0 72.00048829610768 
96.0 72.00048829610768 
96.0 72.00048829610768 
96.0 73.00027466654073 
96.0 72.00048829610768 
96.0 73.00027466654073 
96.0 73.00027466654073 
96.0 72.00048829610768 
96.0 72.00048829610768 
96.0 72.00048829610768 
96.0 73.00027466654073 
96.0 73.00027466654073 
96.0 73.00027466654073 
96.0 75.00064088865322 
96.0 77.00021362951934 
96.0 77.00021362951934 
96.0 79.00057985163183 
96.99990844447157 80.00036622206488 
96.99990844447157 80.00036622206488 
96.99990844447157 79.00057985163183 
96.99990844447157 79.00057985163183 
96.99990844447157 79.00057985163183 
96.99990844447157 79.00057985163183 
96.99990844447157 79.00057985163183 
96.99990844447157 80.00036622206488 
96.99990844447157 80.00036622206488 
96.99990844447157 80.00036622206488 
96.99990844447157 80.00036622206488 
96.99990844447157 80.00036622206488 
96.99990844447157 80.00036622206488 
96.99990844447157 80.00036622206488 
96.99990844447157 81.00015259249794 
96.0 81.00015259249794 
96.0 81.00015259249794 
96.0 81.00015259249794 
96.0 81.00015259249794 
96.0 81.00015259249794 
96.0 81.00015259249794 
96.0 81.00015259249794 
96.0 81.00015259249794 
96.0 81.00015259249794 
96.0 81.00015259249794 
96.0 81.00015259249794 
96.0 81.00015259249794 
96.0 81.00015259249794 
96.0 81.00015259249794 
96.0 81.00015259249794 
96.0 81.00015259249794 
96.0 82.00073244417737 
96.0 82.00073244417737 
94.99996948149052 82.99972533336405 
94.99996948149052 82.99972533336405 
94.99996948149052 85.99987792590962 
96.0 85.99987792590962 
96.0 91.99938962975433 
96.0 91.99938962975433 
96.0 88.99923703720879 
96.0 88.99923703720879 
96.0 88.99923703720879 
96.0 87.99945066677573 
96.0 86.99966429634267 
96.0 86.99966429634267 
96.0 84.99929807423018 
96.0 82.00073244417737 
96.0 80.00036622206488 
96.0 77.9999999999524 
96.0 76.00042725908628 
96.0 75.00064088865322 
96.0 75.00064088865322 
96.0 74.00006103697379 
96.0 73.00027466654073 
96.0 73.00027466654073 
96.0 72.00048829610768 
96.0 71.00070192567462 
96.0 71.00070192567462 
96.0 72.00048829610768 
96.0 71.00070192567462 
96.0 70.00012207399519 
96.0 70.00012207399519 
96.0 70.00012207399519 
96.99990844447157 70.00012207399519 
96.0 70.00012207399519 
96.0 70.00012207399519 
96.0 70.00012207399519 
96.0 69.00033570356213 
96.0 69.00033570356213 
96.0 69.00033570356213 
96.99990844447157 69.00033570356213 
96.0 68.00054933312907 
96.0 68.00054933312907 
96.0 70.00012207399519 
96.0 70.00012207399519 
96.0 70.00012207399519 
96.0 71.00070192567462 
96.0 70.00012207399519 
96.0 69.00033570356213 
96.0 68.00054933312907 
96.0 66.00018311101658 
96.0 65.00039674058351 
96.0 65.00039674058351 
96.0 64.00061037015045 
96.0 64.00061037015045 
96.0 63.00003051847103 
96.0 63.00003051847103 
96.0 63.00003051847103 
94.99996948149052 62.00024414803797 
94.99996948149052 62.00024414803797 
94.99996948149052 62.00024414803797 
94.99996948149052 62.00024414803797 
94.99996948149052 62.00024414803797 
94.99996948149052 62.00024414803797 
94.99996948149052 63.00003051847103 
94.99996948149052 63.00003051847103 
94.99996948149052 63.00003051847103 
94.99996948149052 63.00003051847103 
94.99996948149052 62.00024414803797 
94.99996948149052 62.00024414803797 
94.99996948149052 63.00003051847103 
94.99996948149052 63.00003051847103 
94.99996948149052 64.00061037015045 
94.99996948149052 64.00061037015045 
96.0 64.00061037015045 
96.0 64.00061037015045 
96.0 64.00061037015045 
96.0 64.00061037015045 
96.0 64.00061037015045 
96.0 64.00061037015045 
96.0 64.00061037015045 
96.0 64.00061037015045 
96.0 64.00061037015045 
96.0 64.00061037015045 
96.0 64.00061037015045 
96.0 63.00003051847103 
96.0 62.00024414803797 
96.0 62.00024414803797 
96.0 61.00045777760491 
96.0 60.00067140717185 
96.0 60.00067140717185 
96.0 60.00067140717185 
96.0 59.00009155549242 
96.0 59.00009155549242 
96.0 59.00009155549242 
96.0 59.00009155549242 
96.0 59.00009155549242 
96.0 59.00009155549242 
94.99996948149052 59.00009155549242 
94.99996948149052 59.00009155549242 
94.99996948149052 58.00030518505936 
94.99996948149052 58.00030518505936 
94.99996948149052 58.00030518505936 
94.99996948149052 58.00030518505936 
94.99996948149052 58.00030518505936 
94.99996948149052 58.00030518505936 
94.99996948149052 57.000518814626304 
94.99996948149052 58.00030518505936 
94.99996948149052 58.00030518505936 
94.99996948149052 58.00030518505936 
94.99996948149052 58.00030518505936 
94.99996948149052 59.00009155549242 
94.99996948149052 59.00009155549242 
94.99996948149052 59.00009155549242 
94.99996948149052 59.00009155549242 
94.99996948149052 59.00009155549242 
94.99996948149052 59.00009155549242 
94.99996948149052 59.00009155549242 
94.99996948149052 61.00045777760491 
94.99996948149052 61.00045777760491 
94.99996948149052 61.00045777760491 
94.99996948149052 62.00024414803797 
94.99996948149052 62.00024414803797 
94.99996948149052 63.00003051847103 
94.99996948149052 63.00003051847103 
94.99996948149052 64.00061037015045 
94.99996948149052 64.00061037015045 
94.99996948149052 64.00061037015045 
94.99996948149052 65.00039674058351 
94.99996948149052 65.00039674058351 
94.99996948149052 64.00061037015045 
94.99996948149052 64.00061037015045 
94.99996948149052 64.00061037015045 
94.99996948149052 64.00061037015045 
94.99996948149052 64.00061037015045 
94.99996948149052 65.00039674058351 
94.99996948149052 64.00061037015045 
94.99996948149052 64.00061037015045 
94.99996948149052 64.00061037015045 
94.99996948149052 64.00061037015045 
94.99996948149052 64.00061037015045 
94.99996948149052 63.00003051847103 
94.99996948149052 63.00003051847103 
94.99996948149052 63.00003051847103 
94.99996948149052 63.00003051847103 
94.99996948149052 62.00024414803797 
94.99996948149052 62.00024414803797 
94.99996948149052 62.00024414803797 
94.99996948149052 62.00024414803797 
94.99996948149052 61.00045777760491 
94.99996948149052 61.00045777760491 
94.99996948149052 61.00045777760491 
94.99996948149052 61.00045777760491 
94.99996948149052 61.00045777760491 
94.99996948149052 61.00045777760491 
94.99996948149052 62.00024414803797 
94.99996948149052 61.00045777760491 
94.99996948149052 61.00045777760491 
94.99996948149052 61.00045777760491 
94.99996948149052 61.00045777760491 
94.99996948149052 61.00045777760491 
94.99996948149052 61.00045777760491 
94.99996948149052 61.00045777760491 
94.99996948149052 62.00024414803797 
94.99996948149052 62.00024414803797 
94.99996948149052 62.00024414803797 
94.99996948149052 61.00045777760491 
94.99996948149052 61.00045777760491 
94.99996948149052 61.00045777760491 
94.99996948149052 61.00045777760491 
94.99996948149052 60.00067140717185 
94.99996948149052 60.00067140717185 
94.99996948149052 60.00067140717185 
94.99996948149052 60.00067140717185 
94.99996948149052 61.00045777760491 
94.99996948149052 61.00045777760491 
94.99996948149052 61.00045777760491 
94.99996948149052 61.00045777760491 
94.99996948149052 60.00067140717185 
94.99996948149052 60.00067140717185 
94.99996948149052 60.00067140717185 
94.99996948149052 60.00067140717185 
94.99996948149052 60.00067140717185 
94.99996948149052 60.00067140717185 
94.99996948149052 61.00045777760491 
94.99996948149052 61.00045777760491 
94.99996948149052 62.00024414803797 
94.99996948149052 63.00003051847103 
94.99996948149052 63.00003051847103 
96.0 63.00003051847103 
96.0 63.00003051847103 
96.0 63.00003051847103 
96.0 63.00003051847103 
96.0 63.00003051847103 
96.0 63.00003051847103 
96.0 63.00003051847103 
96.0 64.00061037015045 
96.0 67.00076296269602 
96.0 68.00054933312907 
96.0 69.00033570356213 
96.0 67.00076296269602 
96.0 66.00018311101658 
96.0 66.00018311101658 
96.0 65.00039674058351 
96.0 65.00039674058351 
96.0 64.00061037015045 
96.0 64.00061037015045 
96.0 64.00061037015045 
96.0 64.00061037015045 
96.0 64.00061037015045 
96.0 64.00061037015045 
96.0 64.00061037015045 
96.0 64.00061037015045 
96.0 64.00061037015045 
96.0 64.00061037015045 
96.0 64.00061037015045 
96.0 63.00003051847103 
96.0 63.00003051847103 
96.0 63.00003051847103 
96.0 62.00024414803797 
96.0 62.00024414803797 
96.0 62.00024414803797 
96.0 62.00024414803797 
96.0 62.00024414803797 
96.0 61.00045777760491 
96.0 61.00045777760491 
96.0 61.00045777760491 
96.0 61.00045777760491 
96.0 61.00045777760491 
96.0 62.00024414803797 
96.0 62.00024414803797 
96.0 62.00024414803797 
94.99996948149052 62.00024414803797 
94.99996948149052 62.00024414803797 
94.99996948149052 62.00024414803797 
94.99996948149052 62.00024414803797 
94.99996948149052 62.00024414803797 
96.0 62.00024414803797 
96.0 62.00024414803797 
96.0 61.00045777760491 
96.0 61.00045777760491 
96.0 61.00045777760491 
96.0 62.00024414803797 
96.0 63.00003051847103 
96.0 63.00003051847103 
96.0 63.00003051847103 
96.0 64.00061037015045 
96.0 63.00003051847103 
94.99996948149052 63.00003051847103 
94.99996948149052 63.00003051847103 
94.99996948149052 63.00003051847103 
94.99996948149052 63.00003051847103 
94.99996948149052 64.00061037015045 
94.99996948149052 64.00061037015045 
94.99996948149052 63.00003051847103 
94.99996948149052 64.00061037015045 
94.99996948149052 63.00003051847103 
94.99996948149052 63.00003051847103 
94.99996948149052 64.00061037015045 
94.99996948149052 64.00061037015045 
94.99996948149052 64.00061037015045 
94.99996948149052 64.00061037015045 
94.99996948149052 64.00061037015045 
94.99996948149052 64.00061037015045 
94.99996948149052 63.00003051847103 
94.99996948149052 62.00024414803797 
94.99996948149052 62.00024414803797 
94.99996948149052 62.00024414803797 
94.99996948149052 62.00024414803797 
94.99996948149052 62.00024414803797 
94.99996948149052 61.00045777760491 
94.99996948149052 61.00045777760491 
94.99996948149052 60.00067140717185 
94.99996948149052 60.00067140717185 
94.99996948149052 60.00067140717185 
94.99996948149052 60.00067140717185 
94.99996948149052 60.00067140717185 
94.99996948149052 60.00067140717185 
94.99996948149052 60.00067140717185 
94.99996948149052 61.00045777760491 
94.99996948149052 61.00045777760491 
94.99996948149052 61.00045777760491 
94.99996948149052 61.00045777760491 
94.99996948149052 61.00045777760491 
94.99996948149052 62.00024414803797 
94.99996948149052 63.00003051847103 
94.99996948149052 63.00003051847103 
94.99996948149052 64.00061037015045 
94.99996948149052 65.00039674058351 
94.99996948149052 67.00076296269602 
94.99996948149052 67.00076296269602 
94.99996948149052 69.00033570356213 
94.99996948149052 69.00033570356213 
94.99996948149052 69.00033570356213 
96.0 71.00070192567462 
96.0 73.00027466654073 
96.0 73.00027466654073 
96.0 74.00006103697379 
96.0 74.00006103697379 
96.0 74.00006103697379 
96.0 75.00064088865322 
96.0 76.00042725908628 
96.0 76.00042725908628 
96.0 76.00042725908628 
96.0 76.00042725908628 
96.0 76.00042725908628 
96.0 76.00042725908628 
96.0 79.00057985163183 
96.99990844447157 85.99987792590962 
96.99990844447157 93.99975585186682 
96.99990844447157 93.99975585186682 
96.99990844447157 99.99926755571154 
96.99990844447157 99.99926755571154 
96.99990844447157 99.99926755571154 
96.99990844447157 99.99926755571154 
96.99990844447157 99.99926755571154 
96.0 99.99926755571154 
96.0 99.99926755571154 
96.0 99.99926755571154 
96.0 99.99926755571154 
96.0 97.99969481484543 
96.0 94.99954222229988 
96.99990844447157 89.99981688888822 
96.99990844447157 84.99929807423018 
96.99990844447157 82.00073244417737 
96.99990844447157 77.9999999999524 
96.99990844447157 77.9999999999524 
96.99990844447157 77.9999999999524 
96.99990844447157 77.9999999999524 
96.99990844447157 79.00057985163183 
96.99990844447157 79.00057985163183 
96.99990844447157 82.00073244417737 
96.99990844447157 82.00073244417737 
96.99990844447157 82.00073244417737 
96.99990844447157 82.00073244417737 
96.99990844447157 82.00073244417737 
96.99990844447157 82.99972533336405 
96.99990844447157 83.99951170379713 
96.99990844447157 83.99951170379713 
96.99990844447157 83.99951170379713 
96.99990844447157 83.99951170379713 
96.99990844447157 83.99951170379713 
96.99990844447157 84.99929807423018 
96.99990844447157 84.99929807423018 
96.99990844447157 84.99929807423018 
96.99990844447157 84.99929807423018 
96.0 84.99929807423018 
96.0 83.99951170379713 
96.0 83.99951170379713 
96.0 82.99972533336405 
96.0 82.99972533336405 
96.0 82.99972533336405 
96.0 82.00073244417737 
96.0 80.00036622206488 
96.0 79.00057985163183 
96.0 77.00021362951934 
96.0 76.00042725908628 
94.99996948149052 76.00042725908628 
94.99996948149052 76.00042725908628 
94.99996948149052 76.00042725908628 
94.99996948149052 76.00042725908628 
94.99996948149052 76.00042725908628 
94.99996948149052 75.00064088865322 
94.99996948149052 75.00064088865322 
94.99996948149052 76.00042725908628 
94.99996948149052 76.00042725908628 
96.0 76.00042725908628 
96.0 77.00021362951934 
96.0 76.00042725908628 
96.0 75.00064088865322 
96.0 74.00006103697379 
96.0 74.00006103697379 
96.0 74.00006103697379 
96.0 74.00006103697379 
96.0 74.00006103697379 
96.0 74.00006103697379 
96.0 74.00006103697379 
96.0 74.00006103697379 
96.0 73.00027466654073 
96.0 73.00027466654073 
96.0 73.00027466654073 
96.0 73.00027466654073 
96.0 73.00027466654073 
96.0 73.00027466654073 
96.0 73.00027466654073 
96.0 73.00027466654073 
96.0 72.00048829610768 
96.0 72.00048829610768 
96.0 71.00070192567462 
96.0 71.00070192567462 
96.0 71.00070192567462 
96.0 71.00070192567462 
96.0 70.00012207399519 
96.0 70.00012207399519 
96.0 70.00012207399519 
96.0 69.00033570356213 
96.0 69.00033570356213 
96.0 69.00033570356213 
96.0 69.00033570356213 
96.0 69.00033570356213 
96.0 69.00033570356213 
96.0 69.00033570356213 
96.0 69.00033570356213 
96.0 70.00012207399519 
96.0 70.00012207399519 
96.0 69.00033570356213 
96.0 70.00012207399519 
96.0 70.00012207399519 
96.0 70.00012207399519 
96.0 70.00012207399519 
96.0 70.00012207399519 
96.0 70.00012207399519 
96.0 70.00012207399519 
96.0 70.00012207399519 
96.0 70.00012207399519 
96.0 70.00012207399519 
96.0 70.00012207399519 
96.0 70.00012207399519 
96.0 71.00070192567462 
96.0 70.00012207399519 
96.0 69.00033570356213 
96.0 68.00054933312907 
96.0 68.00054933312907 
96.0 68.00054933312907 
96.0 67.00076296269602 
96.0 67.00076296269602 
96.0 67.00076296269602 
96.0 67.00076296269602 
96.0 66.00018311101658 
96.0 66.00018311101658 
96.0 66.00018311101658 
96.0 66.00018311101658 
96.0 66.00018311101658 
96.0 66.00018311101658 
96.0 66.00018311101658 
96.0 67.00076296269602 
96.0 67.00076296269602 
96.0 67.00076296269602 
96.0 67.00076296269602 
96.0 68.00054933312907 
96.0 68.00054933312907 
96.0 68.00054933312907 
96.0 68.00054933312907 
96.0 67.00076296269602 
96.0 67.00076296269602 
96.0 68.00054933312907 
96.0 68.00054933312907 
96.0 69.00033570356213 
96.0 69.00033570356213 
96.0 69.00033570356213 
96.0 70.00012207399519 
96.0 70.00012207399519 
96.0 71.00070192567462 
96.0 71.00070192567462 
96.0 71.00070192567462 
96.0 70.00012207399519 
96.0 70.00012207399519 
96.0 69.00033570356213 
96.0 69.00033570356213 
96.0 69.00033570356213 
96.0 69.00033570356213 
96.0 69.00033570356213 
96.0 69.00033570356213 
96.0 69.00033570356213 
96.0 69.00033570356213 
96.0 70.00012207399519 
96.0 70.00012207399519 
96.0 70.00012207399519 
96.0 71.00070192567462 
96.0 71.00070192567462 
96.0 71.00070192567462 
96.0 70.00012207399519 
96.0 70.00012207399519 
96.0 70.00012207399519 
96.0 70.00012207399519 
96.0 70.00012207399519 
96.0 71.00070192567462 
96.0 71.00070192567462 
96.0 71.00070192567462 
96.0 71.00070192567462 
96.0 71.00070192567462 
96.0 71.00070192567462 
96.0 71.00070192567462 
96.0 70.00012207399519 
96.0 70.00012207399519 
96.0 70.00012207399519 
96.0 69.00033570356213 
96.0 69.00033570356213 
96.0 69.00033570356213 
96.0 69.00033570356213 
96.0 69.00033570356213 
96.0 69.00033570356213 
96.0 69.00033570356213 
96.0 68.00054933312907 
96.0 68.00054933312907 
96.0 67.00076296269602 
96.0 67.00076296269602 
96.0 67.00076296269602 
96.0 67.00076296269602 
96.0 67.00076296269602 
96.0 67.00076296269602 
96.0 67.00076296269602 
96.0 68.00054933312907 
96.0 68.00054933312907 
96.0 68.00054933312907 
96.0 69.00033570356213 
96.0 68.00054933312907 
96.0 69.00033570356213 
96.0 68.00054933312907 
96.0 68.00054933312907 
96.0 68.00054933312907 
96.0 68.00054933312907 
96.0 68.00054933312907 
96.0 69.00033570356213 
96.0 69.00033570356213 
96.0 69.00033570356213 
96.0 69.00033570356213 
96.0 69.00033570356213 
96.0 70.00012207399519 
96.0 70.00012207399519 
96.0 70.00012207399519 
96.0 70.00012207399519 
96.0 70.00012207399519 
96.0 70.00012207399519 
96.0 70.00012207399519 
96.0 70.00012207399519 
96.0 70.00012207399519 
96.0 70.00012207399519 
96.0 70.00012207399519 
96.0 70.00012207399519 
96.0 70.00012207399519 
96.0 70.00012207399519 
96.0 70.00012207399519 
96.0 70.00012207399519 
96.0 70.00012207399519 
96.0 69.00033570356213 
96.0 69.00033570356213 
96.0 69.00033570356213 
96.0 69.00033570356213 
96.0 70.00012207399519 
96.0 70.00012207399519 
96.0 70.00012207399519 
96.0 70.00012207399519 
96.0 69.00033570356213 
96.0 69.00033570356213 
96.0 69.00033570356213 
96.0 69.00033570356213 
96.0 69.00033570356213 
96.0 68.00054933312907 
96.0 68.00054933312907 
96.0 68.00054933312907 
96.0 68.00054933312907 
96.0 68.00054933312907 
96.0 68.00054933312907 
96.0 68.00054933312907 
96.0 68.00054933312907 
96.0 68.00054933312907 
96.0 68.00054933312907 
96.0 67.00076296269602 
96.0 67.00076296269602 
96.0 66.00018311101658 
96.0 66.00018311101658 
96.0 66.00018311101658 
96.0 66.00018311101658 
96.0 67.00076296269602 
96.0 67.00076296269602 
96.0 68.00054933312907 
96.0 67.00076296269602 
96.0 67.00076296269602 
96.0 66.00018311101658 
96.0 66.00018311101658 
96.0 65.00039674058351 
96.0 65.00039674058351 
96.0 65.00039674058351 
96.0 65.00039674058351 
96.0 65.00039674058351 
96.0 65.00039674058351 
96.0 65.00039674058351 
96.0 66.00018311101658 
96.0 66.00018311101658 
96.0 66.00018311101658 
96.0 67.00076296269602 
96.0 67.00076296269602 
96.0 68.00054933312907 
96.0 68.00054933312907 
96.0 68.00054933312907 
96.0 68.00054933312907 
96.0 68.00054933312907 
96.0 69.00033570356213 
94.99996948149052 69.00033570356213 
94.99996948149052 70.00012207399519 
94.99996948149052 70.00012207399519 
94.99996948149052 72.00048829610768 
94.99996948149052 72.00048829610768 
94.99996948149052 75.00064088865322 
94.99996948149052 75.00064088865322 
96.0 75.00064088865322 
96.0 75.00064088865322 
96.0 73.00027466654073 
96.0 73.00027466654073 
96.0 73.00027466654073 
96.0 73.00027466654073 
96.0 74.00006103697379 
96.0 73.00027466654073 
96.0 73.00027466654073 
96.0 73.00027466654073 
96.0 73.00027466654073 
96.0 73.00027466654073 
96.0 74.00006103697379 
96.0 77.00021362951934 
96.0 77.00021362951934 
96.0 81.00015259249794 
96.0 82.00073244417737 
96.0 82.00073244417737 
96.0 82.99972533336405 
96.0 82.99972533336405 
96.0 83.99951170379713 
96.0 83.99951170379713 
96.0 84.99929807423018 
96.0 85.99987792590962 
96.99990844447157 83.99951170379713 
96.99990844447157 82.99972533336405 
96.99990844447157 81.00015259249794 
96.99990844447157 79.00057985163183 
97.99993896298105 79.00057985163183 
97.99993896298105 82.99972533336405 
97.99993896298105 82.99972533336405 
97.99993896298105 83.99951170379713 
97.99993896298105 83.99951170379713 
96.99990844447157 82.99972533336405 
96.99990844447157 82.00073244417737 
96.99990844447157 79.00057985163183 
96.99990844447157 77.9999999999524 
97.99993896298105 79.00057985163183 
97.99993896298105 77.9999999999524 
97.99993896298105 79.00057985163183 
97.99993896298105 77.9999999999524 
96.99990844447157 77.9999999999524 
96.99990844447157 77.9999999999524 
96.99990844447157 77.9999999999524 
96.99990844447157 77.9999999999524 
96.0 77.9999999999524 
96.0 77.00021362951934 
96.0 77.00021362951934 
96.0 77.00021362951934 
96.0 77.00021362951934 
96.0 77.00021362951934 
96.99990844447157 77.00021362951934 
96.99990844447157 77.00021362951934 
96.99990844447157 77.00021362951934 
96.99990844447157 77.00021362951934 
96.99990844447157 77.00021362951934 
96.99990844447157 77.00021362951934 
96.99990844447157 77.00021362951934 
96.99990844447157 77.00021362951934 
96.99990844447157 77.00021362951934 
96.99990844447157 77.00021362951934 
96.99990844447157 77.00021362951934 
96.99990844447157 77.00021362951934 
96.99990844447157 77.00021362951934 
96.99990844447157 77.00021362951934 
96.99990844447157 77.00021362951934 
96.99990844447157 80.00036622206488 
96.99990844447157 86.99966429634267 
96.99990844447157 86.99966429634267 
96.99990844447157 94.99954222229988 
96.99990844447157 95.99932859273294 
96.99990844447157 92.99996948143377 
96.99990844447157 89.99981688888822 
96.99990844447157 85.99987792590962 
96.99990844447157 82.00073244417737 
96.0 80.00036622206488 
96.0 77.00021362951934 
96.0 76.00042725908628 
96.0 75.00064088865322 
96.0 75.00064088865322 
96.0 75.00064088865322 
96.0 74.00006103697379 
96.0 73.00027466654073 
96.0 73.00027466654073 
96.0 73.00027466654073 
96.0 73.00027466654073 
96.0 73.00027466654073 
96.0 73.00027466654073 
96.0 73.00027466654073 
96.0 73.00027466654073 
96.0 71.00070192567462 
96.0 71.00070192567462 
96.0 70.00012207399519 
96.0 69.00033570356213 
96.0 69.00033570356213 
96.0 70.00012207399519 
96.0 69.00033570356213 
96.0 68.00054933312907 
96.0 67.00076296269602 
96.0 67.00076296269602 
96.0 66.00018311101658 
96.0 65.00039674058351 
96.0 64.00061037015045 
96.0 64.00061037015045 
96.0 63.00003051847103 
96.0 63.00003051847103 
96.0 63.00003051847103 
96.0 63.00003051847103 
96.0 63.00003051847103 
96.0 63.00003051847103 
94.99996948149052 64.00061037015045 
94.99996948149052 63.00003051847103 
94.99996948149052 63.00003051847103 
94.99996948149052 63.00003051847103 
96.0 62.00024414803797 
96.0 62.00024414803797 
96.0 62.00024414803797 
96.0 62.00024414803797 
96.0 62.00024414803797 
94.99996948149052 63.00003051847103 
94.99996948149052 63.00003051847103 
94.99996948149052 63.00003051847103 
94.99996948149052 63.00003051847103 
94.99996948149052 63.00003051847103 
94.99996948149052 62.00024414803797 
94.99996948149052 62.00024414803797 
94.99996948149052 62.00024414803797 
94.99996948149052 61.00045777760491 
94.99996948149052 61.00045777760491 
94.99996948149052 62.00024414803797 
94.99996948149052 62.00024414803797 
94.99996948149052 62.00024414803797 
94.99996948149052 62.00024414803797 
94.99996948149052 62.00024414803797 
94.99996948149052 63.00003051847103 
94.99996948149052 63.00003051847103 
94.99996948149052 63.00003051847103 
94.99996948149052 63.00003051847103 
94.99996948149052 62.00024414803797 
94.99996948149052 62.00024414803797 
94.99996948149052 61.00045777760491 
94.99996948149052 61.00045777760491 
94.99996948149052 61.00045777760491 
96.0 61.00045777760491 
96.0 61.00045777760491 
96.0 60.00067140717185 
96.0 60.00067140717185 
96.0 60.00067140717185 
96.0 60.00067140717185 
96.0 60.00067140717185 
96.0 60.00067140717185 
96.0 61.00045777760491 
96.0 61.00045777760491 
96.0 61.00045777760491 
96.0 61.00045777760491 
96.0 61.00045777760491 
96.0 61.00045777760491 
96.0 62.00024414803797 
96.0 62.00024414803797 
96.0 62.00024414803797 
96.0 61.00045777760491 
94.99996948149052 61.00045777760491 
94.99996948149052 61.00045777760491 
94.99996948149052 61.00045777760491 
94.99996948149052 61.00045777760491 
94.99996948149052 61.00045777760491 
94.99996948149052 61.00045777760491 
94.99996948149052 61.00045777760491 
94.99996948149052 62.00024414803797 
94.99996948149052 62.00024414803797 
94.99996948149052 62.00024414803797 
94.99996948149052 62.00024414803797 
94.99996948149052 62.00024414803797 
94.99996948149052 62.00024414803797 
94.99996948149052 62.00024414803797 
94.99996948149052 62.00024414803797 
94.99996948149052 62.00024414803797 
94.99996948149052 63.00003051847103 
94.99996948149052 63.00003051847103 
94.99996948149052 64.00061037015045 
94.99996948149052 65.00039674058351 
96.0 65.00039674058351 
96.0 66.00018311101658 
96.0 67.00076296269602 
96.0 67.00076296269602 
96.0 68.00054933312907 
96.0 68.00054933312907 
96.0 67.00076296269602 
96.0 67.00076296269602 
94.99996948149052 68.00054933312907 
94.99996948149052 68.00054933312907 
94.99996948149052 67.00076296269602 
94.99996948149052 67.00076296269602 
94.99996948149052 67.00076296269602 
94.99996948149052 68.00054933312907 
94.99996948149052 67.00076296269602 
94.99996948149052 67.00076296269602 
94.99996948149052 67.00076296269602 
94.99996948149052 67.00076296269602 
94.99996948149052 66.00018311101658 
94.99996948149052 66.00018311101658 
94.99996948149052 65.00039674058351 
94.99996948149052 65.00039674058351 
94.99996948149052 65.00039674058351 
94.99996948149052 66.00018311101658 
94.99996948149052 66.00018311101658 
94.99996948149052 66.00018311101658 
94.99996948149052 66.00018311101658 
94.99996948149052 65.00039674058351 
94.99996948149052 65.00039674058351 
94.99996948149052 63.00003051847103 
94.99996948149052 63.00003051847103 
94.99996948149052 63.00003051847103 
94.99996948149052 63.00003051847103 
94.99996948149052 63.00003051847103 
94.99996948149052 63.00003051847103 
94.99996948149052 62.00024414803797 
94.99996948149052 62.00024414803797 
94.99996948149052 62.00024414803797 
94.99996948149052 62.00024414803797 
94.99996948149052 61.00045777760491 
94.99996948149052 61.00045777760491 
94.99996948149052 61.00045777760491 
94.99996948149052 61.00045777760491 
94.99996948149052 62.00024414803797 
94.99996948149052 62.00024414803797 
94.99996948149052 62.00024414803797 
94.99996948149052 62.00024414803797 
94.99996948149052 63.00003051847103 
94.99996948149052 63.00003051847103 
94.99996948149052 64.00061037015045 
94.99996948149052 64.00061037015045 
94.99996948149052 64.00061037015045 
94.99996948149052 63.00003051847103 
94.99996948149052 63.00003051847103 
94.99996948149052 63.00003051847103 
94.99996948149052 63.00003051847103 
94.99996948149052 63.00003051847103 
94.99996948149052 63.00003051847103 
94.99996948149052 62.00024414803797 
94.99996948149052 62.00024414803797 
94.99996948149052 62.00024414803797 
94.99996948149052 62.00024414803797 
94.99996948149052 62.00024414803797 
94.99996948149052 62.00024414803797 
94.99996948149052 62.00024414803797 
94.99996948149052 63.00003051847103 
94.99996948149052 63.00003051847103 
94.99996948149052 64.00061037015045 
94.99996948149052 64.00061037015045 
94.99996948149052 64.00061037015045 
94.99996948149052 64.00061037015045 
94.99996948149052 64.00061037015045 
94.99996948149052 64.00061037015045 
94.99996948149052 64.00061037015045 
94.99996948149052 63.00003051847103 
94.99996948149052 63.00003051847103 
94.99996948149052 63.00003051847103 
94.99996948149052 63.00003051847103 
94.99996948149052 63.00003051847103 
94.99996948149052 63.00003051847103 
94.99996948149052 63.00003051847103 
94.99996948149052 63.00003051847103 
94.99996948149052 63.00003051847103 
94.99996948149052 64.00061037015045 
94.99996948149052 64.00061037015045 
94.99996948149052 64.00061037015045 
96.0 65.00039674058351 
94.99996948149052 64.00061037015045 
94.99996948149052 63.00003051847103 
94.99996948149052 62.00024414803797 
94.99996948149052 62.00024414803797 
94.99996948149052 62.00024414803797 
94.99996948149052 62.00024414803797 
94.99996948149052 62.00024414803797 
94.99996948149052 62.00024414803797 
94.99996948149052 62.00024414803797 
94.99996948149052 62.00024414803797 
94.99996948149052 62.00024414803797 
94.99996948149052 62.00024414803797 
94.99996948149052 62.00024414803797 
94.99996948149052 62.00024414803797 
94.99996948149052 62.00024414803797 
94.99996948149052 62.00024414803797 
96.0 62.00024414803797 
96.0 62.00024414803797 
96.0 63.00003051847103 
96.0 63.00003051847103 
96.0 63.00003051847103 
96.0 64.00061037015045 
96.0 63.00003051847103 
96.0 63.00003051847103 
96.99990844447157 63.00003051847103 
96.0 64.00061037015045 
96.0 64.00061037015045 
96.0 65.00039674058351 
94.99996948149052 65.00039674058351 
94.99996948149052 65.00039674058351 
94.99996948149052 64.00061037015045 
94.99996948149052 63.00003051847103 
94.99996948149052 62.00024414803797 
94.99996948149052 62.00024414803797 
94.99996948149052 62.00024414803797 
94.99996948149052 63.00003051847103 
94.99996948149052 63.00003051847103 
94.99996948149052 64.00061037015045 
96.0 66.00018311101658 
96.0 66.00018311101658 
