97.99996948149052 97.99957274086734 
97.99996948149052 97.99957274086734 
97.99996948149052 96.99978637043367 
96.9998779259621 96.0 
95.99993896298105 94.00042725913266 
96.9998779259621 94.00042725913266 
96.9998779259621 94.00042725913266 
96.9998779259621 94.00042725913266 
95.99993896298105 95.00021362956633 
95.99993896298105 95.00021362956633 
95.99993896298105 95.00021362956633 
95.0 93.000640888699 
95.0 93.000640888699 
95.0 91.00021362956633 
95.0 91.00021362956633 
95.99993896298105 90.00042725913266 
95.99993896298105 90.00042725913266 
95.99993896298105 90.00042725913266 
95.99993896298105 90.00042725913266 
95.99993896298105 90.00042725913266 
95.0 91.00021362956633 
95.0 91.00021362956633 
93.99990844447157 92.0 
93.0001220740379 91.00021362956633 
93.0001220740379 90.00042725913266 
93.0001220740379 90.00042725913266 
93.0001220740379 90.00042725913266 
93.99990844447157 90.00042725913266 
93.99990844447157 90.00042725913266 
95.0 89.000640888699 
95.0 88.0 
95.0 87.00021362956633 
95.0 87.00021362956633 
93.99990844447157 85.000640888699 
93.99990844447157 84.0 
93.99990844447157 84.0 
93.99990844447157 82.00042725913266 
93.99990844447157 82.00042725913266 
93.99990844447157 83.00021362956633 
93.99990844447157 82.00042725913266 
93.99990844447157 82.00042725913266 
93.99990844447157 81.000640888699 
93.99990844447157 81.000640888699 
93.99990844447157 80.0 
93.99990844447157 80.0 
93.99990844447157 81.000640888699 
93.99990844447157 81.000640888699 
93.99990844447157 81.000640888699 
93.99990844447157 82.00042725913266 
93.99990844447157 82.00042725913266 
93.99990844447157 83.00021362956633 
93.99990844447157 83.00021362956633 
93.99990844447157 83.00021362956633 
93.99990844447157 83.00021362956633 
95.0 83.00021362956633 
95.0 82.00042725913266 
95.0 82.00042725913266 
95.0 82.00042725913266 
95.0 81.000640888699 
95.0 80.0 
95.0 80.0 
95.0 79.00021362956633 
95.0 80.0 
95.0 80.0 
95.0 82.00042725913266 
95.0 81.000640888699 
95.0 81.000640888699 
93.99990844447157 82.00042725913266 
93.99990844447157 81.000640888699 
93.99990844447157 81.000640888699 
93.99990844447157 81.000640888699 
93.99990844447157 81.000640888699 
93.99990844447157 81.000640888699 
93.99990844447157 81.000640888699 
93.99990844447157 81.000640888699 
93.99990844447157 80.0 
93.99990844447157 80.0 
93.99990844447157 81.000640888699 
93.99990844447157 81.000640888699 
93.99990844447157 81.000640888699 
93.99990844447157 82.00042725913266 
93.99990844447157 82.00042725913266 
93.99990844447157 82.00042725913266 
93.99990844447157 82.00042725913266 
93.99990844447157 83.00021362956633 
93.99990844447157 84.0 
93.99990844447157 84.0 
93.99990844447157 85.000640888699 
93.99990844447157 85.000640888699 
93.99990844447157 86.00042725913266 
93.99990844447157 86.00042725913266 
93.99990844447157 87.00021362956633 
93.99990844447157 87.00021362956633 
95.0 87.00021362956633 
95.0 88.0 
95.0 88.0 
95.0 88.0 
95.0 87.00021362956633 
95.0 87.00021362956633 
95.0 86.00042725913266 
93.99990844447157 86.00042725913266 
93.99990844447157 86.00042725913266 
93.99990844447157 86.00042725913266 
93.99990844447157 85.000640888699 
93.99990844447157 84.0 
93.99990844447157 84.0 
93.99990844447157 83.00021362956633 
93.99990844447157 82.00042725913266 
93.99990844447157 82.00042725913266 
93.99990844447157 81.000640888699 
93.99990844447157 81.000640888699 
93.99990844447157 81.000640888699 
93.99990844447157 81.000640888699 
95.0 80.0 
93.99990844447157 80.0 
95.0 81.000640888699 
95.0 80.0 
95.0 80.0 
93.99990844447157 80.0 
93.99990844447157 80.0 
93.99990844447157 80.0 
93.99990844447157 80.0 
93.99990844447157 79.00021362956633 
93.99990844447157 80.0 
93.99990844447157 81.000640888699 
93.99990844447157 81.000640888699 
93.99990844447157 81.000640888699 
93.99990844447157 82.00042725913266 
93.99990844447157 81.000640888699 
93.99990844447157 81.000640888699 
95.0 81.000640888699 
95.0 80.0 
95.0 80.0 
95.0 80.0 
95.0 81.000640888699 
95.0 80.0 
95.0 80.0 
95.0 80.0 
95.0 79.00021362956633 
95.0 79.00021362956633 
95.0 78.00042725913266 
95.0 78.00042725913266 
95.0 78.00042725913266 
95.0 78.00042725913266 
95.0 78.00042725913266 
95.0 78.00042725913266 
95.0 78.00042725913266 
95.0 79.00021362956633 
95.0 80.0 
93.99990844447157 80.0 
93.99990844447157 80.0 
93.99990844447157 81.000640888699 
93.99990844447157 81.000640888699 
93.99990844447157 81.000640888699 
93.99990844447157 82.00042725913266 
93.99990844447157 82.00042725913266 
93.99990844447157 83.00021362956633 
93.99990844447157 84.0 
93.99990844447157 84.0 
93.99990844447157 84.0 
93.99990844447157 84.0 
93.99990844447157 81.000640888699 
93.99990844447157 78.00042725913266 
93.99990844447157 72.0 
93.99990844447157 72.0 
95.0 72.0 
95.0 73.000640888699 
95.0 75.00021362956633 
95.0 76.0 
95.0 80.0 
95.0 80.0 
95.0 84.0 
95.0 84.0 
95.0 88.0 
95.0 89.000640888699 
95.0 90.00042725913266 
95.0 90.00042725913266 
95.0 90.00042725913266 
95.0 90.00042725913266 
95.0 88.0 
93.99990844447157 87.00021362956633 
93.99990844447157 87.00021362956633 
93.99990844447157 86.00042725913266 
93.99990844447157 86.00042725913266 
93.99990844447157 85.000640888699 
93.99990844447157 85.000640888699 
93.99990844447157 85.000640888699 
93.99990844447157 85.000640888699 
93.99990844447157 85.000640888699 
93.99990844447157 84.0 
93.99990844447157 84.0 
93.99990844447157 84.0 
93.99990844447157 84.0 
93.99990844447157 83.00021362956633 
95.0 83.00021362956633 
95.0 82.00042725913266 
95.0 81.000640888699 
95.0 81.000640888699 
95.0 81.000640888699 
95.0 81.000640888699 
95.0 80.0 
95.0 80.0 
95.0 81.000640888699 
95.0 80.0 
95.0 80.0 
95.0 80.0 
95.0 79.00021362956633 
95.0 79.00021362956633 
95.0 79.00021362956633 
95.0 79.00021362956633 
95.0 79.00021362956633 
95.0 79.00021362956633 
95.0 79.00021362956633 
95.0 79.00021362956633 
95.0 80.0 
95.0 80.0 
95.0 80.0 
95.0 80.0 
95.0 80.0 
95.0 80.0 
95.0 80.0 
95.0 80.0 
95.0 80.0 
95.0 80.0 
95.0 79.00021362956633 
95.0 79.00021362956633 
95.0 79.00021362956633 
95.0 79.00021362956633 
95.0 79.00021362956633 
95.0 79.00021362956633 
95.0 79.00021362956633 
95.0 79.00021362956633 
95.0 79.00021362956633 
95.0 78.00042725913266 
95.0 78.00042725913266 
95.0 78.00042725913266 
95.0 78.00042725913266 
95.0 78.00042725913266 
95.0 78.00042725913266 
95.0 79.00021362956633 
95.0 78.00042725913266 
95.0 78.00042725913266 
95.0 78.00042725913266 
95.0 78.00042725913266 
95.0 78.00042725913266 
95.0 78.00042725913266 
95.0 78.00042725913266 
95.0 78.00042725913266 
95.0 78.00042725913266 
95.0 78.00042725913266 
95.0 78.00042725913266 
95.0 78.00042725913266 
95.0 77.000640888699 
95.0 77.000640888699 
95.0 78.00042725913266 
95.0 78.00042725913266 
93.99990844447157 78.00042725913266 
93.99990844447157 79.00021362956633 
93.99990844447157 79.00021362956633 
93.99990844447157 79.00021362956633 
93.99990844447157 79.00021362956633 
93.99990844447157 80.0 
93.99990844447157 80.0 
93.99990844447157 80.0 
93.99990844447157 80.0 
93.99990844447157 80.0 
93.99990844447157 80.0 
93.99990844447157 80.0 
93.99990844447157 79.00021362956633 
93.99990844447157 80.0 
93.99990844447157 80.0 
93.99990844447157 80.0 
93.99990844447157 80.0 
95.0 79.00021362956633 
95.0 79.00021362956633 
95.0 79.00021362956633 
95.0 79.00021362956633 
95.0 80.0 
95.0 80.0 
95.0 79.00021362956633 
95.0 80.0 
95.0 79.00021362956633 
95.0 79.00021362956633 
95.0 78.00042725913266 
95.0 78.00042725913266 
95.0 79.00021362956633 
95.0 80.0 
93.99990844447157 80.0 
93.99990844447157 81.000640888699 
93.99990844447157 81.000640888699 
93.99990844447157 80.0 
93.99990844447157 80.0 
93.99990844447157 80.0 
93.99990844447157 80.0 
93.99990844447157 80.0 
93.99990844447157 81.000640888699 
93.99990844447157 82.00042725913266 
93.99990844447157 82.00042725913266 
93.99990844447157 83.00021362956633 
93.99990844447157 84.0 
93.99990844447157 83.00021362956633 
95.99993896298105 90.00042725913266 
95.99993896298105 91.00021362956633 
95.99993896298105 91.00021362956633 
95.0 92.0 
95.0 92.0 
95.0 94.00042725913266 
95.0 94.00042725913266 
95.0 95.00021362956633 
95.0 95.00021362956633 
95.0 96.99978637043367 
95.0 96.99978637043367 
95.0 96.99978637043367 
95.0 97.99957274086734 
95.0 97.99957274086734 
95.0 98.999359111301 
95.0 98.999359111301 
95.0 98.999359111301 
95.0 98.999359111301 
95.99993896298105 98.999359111301 
95.99993896298105 98.999359111301 
95.99993896298105 98.999359111301 
96.9998779259621 97.99957274086734 
96.9998779259621 98.999359111301 
96.9998779259621 98.999359111301 
96.9998779259621 98.999359111301 
96.9998779259621 98.999359111301 
96.9998779259621 98.999359111301 
96.9998779259621 97.99957274086734 
96.9998779259621 97.99957274086734 
96.9998779259621 97.99957274086734 
96.9998779259621 97.99957274086734 
96.9998779259621 97.99957274086734 
96.9998779259621 96.99978637043367 
96.9998779259621 96.99978637043367 
96.9998779259621 96.99978637043367 
96.9998779259621 96.99978637043367 
96.9998779259621 96.99978637043367 
96.9998779259621 96.99978637043367 
96.9998779259621 96.99978637043367 
95.99993896298105 98.999359111301 
95.99993896298105 98.999359111301 
95.99993896298105 98.999359111301 
95.99993896298105 98.999359111301 
95.99993896298105 98.999359111301 
95.99993896298105 100.0 
95.99993896298105 100.99978637043367 
95.99993896298105 100.99978637043367 
95.99993896298105 100.99978637043367 
95.99993896298105 100.99978637043367 
95.99993896298105 100.99978637043367 
95.99993896298105 100.99978637043367 
95.99993896298105 100.99978637043367 
95.99993896298105 100.99978637043367 
95.99993896298105 100.99978637043367 
95.99993896298105 100.99978637043367 
95.99993896298105 98.999359111301 
95.99993896298105 96.99978637043367 
95.99993896298105 96.99978637043367 
95.99993896298105 96.99978637043367 
95.99993896298105 95.00021362956633 
95.99993896298105 94.00042725913266 
95.0 94.00042725913266 
95.0 94.00042725913266 
95.0 94.00042725913266 
95.99993896298105 95.00021362956633 
95.99993896298105 95.00021362956633 
95.99993896298105 95.00021362956633 
95.99993896298105 95.00021362956633 
95.99993896298105 95.00021362956633 
95.99993896298105 95.00021362956633 
95.99993896298105 95.00021362956633 
95.99993896298105 95.00021362956633 
95.99993896298105 95.00021362956633 
95.99993896298105 95.00021362956633 
95.99993896298105 95.00021362956633 
95.99993896298105 95.00021362956633 
95.99993896298105 95.00021362956633 
95.99993896298105 95.00021362956633 
95.99993896298105 95.00021362956633 
95.99993896298105 95.00021362956633 
95.99993896298105 95.00021362956633 
95.99993896298105 95.00021362956633 
95.99993896298105 95.00021362956633 
95.99993896298105 95.00021362956633 
95.99993896298105 95.00021362956633 
95.99993896298105 95.00021362956633 
95.99993896298105 95.00021362956633 
95.99993896298105 95.00021362956633 
95.99993896298105 96.0 
95.99993896298105 96.0 
95.99993896298105 96.0 
95.99993896298105 95.00021362956633 
95.99993896298105 95.00021362956633 
95.99993896298105 95.00021362956633 
95.99993896298105 95.00021362956633 
95.99993896298105 94.00042725913266 
95.99993896298105 94.00042725913266 
95.99993896298105 94.00042725913266 
95.99993896298105 92.0 
95.99993896298105 90.00042725913266 
95.99993896298105 88.0 
95.99993896298105 88.0 
95.99993896298105 88.0 
95.99993896298105 88.0 
95.99993896298105 88.0 
95.99993896298105 88.0 
95.99993896298105 88.0 
95.99993896298105 88.0 
95.99993896298105 88.0 
95.0 88.0 
95.0 88.0 
95.0 88.0 
95.0 88.0 
95.0 88.0 
95.0 88.0 
95.0 88.0 
95.0 88.0 
95.0 88.0 
95.0 88.0 
95.0 88.0 
95.0 88.0 
95.0 88.0 
95.0 88.0 
95.0 88.0 
95.0 88.0 
95.0 88.0 
95.0 88.0 
95.0 88.0 
95.0 88.0 
95.0 88.0 
93.99990844447157 87.00021362956633 
93.99990844447157 87.00021362956633 
93.99990844447157 87.00021362956633 
93.99990844447157 87.00021362956633 
93.99990844447157 87.00021362956633 
93.99990844447157 87.00021362956633 
92.00003051850948 87.00021362956633 
92.00003051850948 87.00021362956633 
92.00003051850948 87.00021362956633 
92.00003051850948 87.00021362956633 
92.00003051850948 87.00021362956633 
92.00003051850948 87.00021362956633 
92.00003051850948 87.00021362956633 
92.00003051850948 87.00021362956633 
92.00003051850948 87.00021362956633 
92.00003051850948 87.00021362956633 
92.00003051850948 87.00021362956633 
92.00003051850948 87.00021362956633 
92.00003051850948 87.00021362956633 
92.00003051850948 87.00021362956633 
92.00003051850948 87.00021362956633 
92.00003051850948 87.00021362956633 
92.00003051850948 87.00021362956633 
92.00003051850948 87.00021362956633 
92.00003051850948 87.00021362956633 
92.00003051850948 87.00021362956633 
92.00003051850948 87.00021362956633 
92.00003051850948 87.00021362956633 
92.00003051850948 87.00021362956633 
92.00003051850948 87.00021362956633 
92.00003051850948 87.00021362956633 
92.00003051850948 87.00021362956633 
92.00003051850948 87.00021362956633 
92.00003051850948 87.00021362956633 
92.00003051850948 87.00021362956633 
92.00003051850948 87.00021362956633 
92.00003051850948 87.00021362956633 
92.00003051850948 87.00021362956633 
92.00003051850948 87.00021362956633 
92.00003051850948 87.00021362956633 
92.00003051850948 87.00021362956633 
92.00003051850948 87.00021362956633 
92.00003051850948 87.00021362956633 
92.00003051850948 87.00021362956633 
92.00003051850948 90.00042725913266 
91.00009155552843 90.00042725913266 
91.00009155552843 90.00042725913266 
91.00009155552843 90.00042725913266 
91.00009155552843 90.00042725913266 
91.00009155552843 90.00042725913266 
91.00009155552843 90.00042725913266 
91.00009155552843 90.00042725913266 
91.00009155552843 90.00042725913266 
91.00009155552843 90.00042725913266 
91.00009155552843 90.00042725913266 
91.00009155552843 90.00042725913266 
91.00009155552843 90.00042725913266 
91.00009155552843 90.00042725913266 
91.00009155552843 90.00042725913266 
91.00009155552843 90.00042725913266 
91.00009155552843 90.00042725913266 
91.00009155552843 90.00042725913266 
91.00009155552843 90.00042725913266 
91.00009155552843 90.00042725913266 
91.00009155552843 90.00042725913266 
90.0 90.00042725913266 
90.0 90.00042725913266 
90.0 90.00042725913266 
90.0 90.00042725913266 
90.0 91.00021362956633 
90.0 91.00021362956633 
90.0 91.00021362956633 
90.0 91.00021362956633 
93.0001220740379 92.0 
93.99990844447157 95.00021362956633 
93.99990844447157 95.00021362956633 
93.99990844447157 95.00021362956633 
95.99993896298105 96.99978637043367 
97.99996948149052 97.99957274086734 
97.99996948149052 96.99978637043367 
97.99996948149052 96.99978637043367 
97.99996948149052 96.99978637043367 
96.9998779259621 96.99978637043367 
96.9998779259621 96.99978637043367 
96.9998779259621 96.99978637043367 
96.9998779259621 96.99978637043367 
96.9998779259621 98.999359111301 
96.9998779259621 98.999359111301 
96.9998779259621 98.999359111301 
96.9998779259621 98.999359111301 
96.9998779259621 98.999359111301 
96.9998779259621 98.999359111301 
96.9998779259621 98.999359111301 
96.9998779259621 98.999359111301 
96.9998779259621 98.999359111301 
96.9998779259621 98.999359111301 
96.9998779259621 98.999359111301 
96.9998779259621 98.999359111301 
95.99993896298105 98.999359111301 
95.99993896298105 98.999359111301 
95.99993896298105 98.999359111301 
95.99993896298105 100.0 
95.99993896298105 100.0 
95.99993896298105 100.0 
95.99993896298105 100.0 
95.99993896298105 100.0 
95.99993896298105 100.0 
95.99993896298105 100.0 
95.99993896298105 100.0 
95.99993896298105 100.0 
95.99993896298105 100.99978637043367 
95.99993896298105 100.99978637043367 
95.99993896298105 100.99978637043367 
95.99993896298105 100.99978637043367 
95.99993896298105 100.99978637043367 
95.0 100.99978637043367 
95.0 102.999359111301 
95.0 102.999359111301 
95.0 102.999359111301 
95.0 102.999359111301 
95.0 104.99978637043367 
95.0 104.99978637043367 
95.0 104.99978637043367 
95.0 104.99978637043367 
95.0 104.99978637043367 
95.0 105.99957274086734 
95.99993896298105 108.0 
95.99993896298105 108.99978637043367 
95.99993896298105 108.99978637043367 
95.99993896298105 108.99978637043367 
95.99993896298105 108.99978637043367 
95.99993896298105 108.99978637043367 
95.99993896298105 108.99978637043367 
95.99993896298105 109.99957274086734 
95.99993896298105 110.999359111301 
95.99993896298105 110.999359111301 
95.99993896298105 112.0 
96.9998779259621 112.0 
96.9998779259621 112.0 
96.9998779259621 112.0 
96.9998779259621 112.0 
96.9998779259621 112.0 
96.9998779259621 112.0 
96.9998779259621 112.0 
96.9998779259621 112.0 
96.9998779259621 112.0 
96.9998779259621 112.0 
96.9998779259621 112.0 
96.9998779259621 112.0 
96.9998779259621 112.99978637043367 
96.9998779259621 112.99978637043367 
96.9998779259621 112.99978637043367 
96.9998779259621 112.99978637043367 
96.9998779259621 112.99978637043367 
96.9998779259621 112.99978637043367 
96.9998779259621 112.99978637043367 
96.9998779259621 112.99978637043367 
96.9998779259621 112.99978637043367 
96.9998779259621 113.99957274086734 
96.9998779259621 113.99957274086734 
96.9998779259621 113.99957274086734 
96.9998779259621 113.99957274086734 
96.9998779259621 120.0 
96.9998779259621 124.0 
96.9998779259621 124.0 
96.9998779259621 124.0 
96.9998779259621 124.0 
96.9998779259621 124.0 
96.9998779259621 124.0 
96.9998779259621 124.0 
96.9998779259621 124.0 
96.9998779259621 124.0 
96.9998779259621 124.0 
96.9998779259621 124.0 
96.9998779259621 124.0 
96.9998779259621 124.0 
96.9998779259621 124.0 
95.99993896298105 124.0 
95.99993896298105 124.0 
95.99993896298105 124.0 
95.99993896298105 124.0 
95.99993896298105 124.0 
95.99993896298105 124.0 
95.99993896298105 124.0 
95.99993896298105 124.0 
95.0 124.99978637043367 
95.0 124.99978637043367 
95.99993896298105 124.99978637043367 
95.99993896298105 124.99978637043367 
95.99993896298105 124.0 
95.99993896298105 124.0 
95.99993896298105 122.999359111301 
96.9998779259621 122.999359111301 
96.9998779259621 122.999359111301 
96.9998779259621 121.99957274086734 
96.9998779259621 121.99957274086734 
96.9998779259621 121.99957274086734 
96.9998779259621 121.99957274086734 
96.9998779259621 104.0 
96.9998779259621 104.0 
96.9998779259621 104.0 
96.9998779259621 102.999359111301 
95.99993896298105 101.99957274086734 
95.99993896298105 101.99957274086734 
95.99993896298105 104.0 
95.99993896298105 104.99978637043367 
95.99993896298105 104.0 
95.99993896298105 101.99957274086734 
95.99993896298105 100.0 
95.99993896298105 96.99978637043367 
95.0 95.00021362956633 
95.0 92.0 
95.0 86.00042725913266 
95.0 84.0 
95.0 83.00021362956633 
95.0 83.00021362956633 
95.0 83.00021362956633 
95.0 85.000640888699 
95.0 84.0 
95.0 84.0 
95.0 85.000640888699 
95.0 84.0 
95.0 84.0 
95.0 84.0 
95.0 85.000640888699 
95.0 85.000640888699 
95.0 87.00021362956633 
95.0 86.00042725913266 
95.0 86.00042725913266 
95.0 84.0 
95.0 84.0 
95.0 84.0 
95.0 83.00021362956633 
95.0 83.00021362956633 
95.0 83.00021362956633 
95.0 83.00021362956633 
95.0 84.0 
95.0 84.0 
95.0 83.00021362956633 
95.0 83.00021362956633 
95.0 83.00021362956633 
95.0 82.00042725913266 
95.0 82.00042725913266 
95.0 83.00021362956633 
95.0 81.000640888699 
95.0 81.000640888699 
95.0 81.000640888699 
95.0 80.0 
95.0 80.0 
95.0 80.0 
95.0 80.0 
95.0 80.0 
95.0 79.00021362956633 
95.0 78.00042725913266 
95.0 77.000640888699 
95.0 78.00042725913266 
95.0 78.00042725913266 
95.0 78.00042725913266 
95.0 79.00021362956633 
95.0 79.00021362956633 
95.0 81.000640888699 
95.0 80.0 
95.0 80.0 
95.0 79.00021362956633 
95.0 79.00021362956633 
95.0 77.000640888699 
95.0 77.000640888699 
95.0 77.000640888699 
95.0 79.00021362956633 
95.0 79.00021362956633 
95.0 81.000640888699 
95.0 81.000640888699 
95.0 81.000640888699 
95.0 79.00021362956633 
95.0 79.00021362956633 
95.0 77.000640888699 
95.0 77.000640888699 
95.0 76.0 
95.0 78.00042725913266 
95.0 78.00042725913266 
95.0 80.0 
95.0 82.00042725913266 
95.0 83.00021362956633 
95.0 85.000640888699 
95.0 86.00042725913266 
95.0 86.00042725913266 
95.0 86.00042725913266 
95.99993896298105 85.000640888699 
95.0 84.0 
95.0 84.0 
95.0 84.0 
95.0 83.00021362956633 
95.0 84.0 
95.0 83.00021362956633 
95.0 82.00042725913266 
95.0 81.000640888699 
95.0 80.0 
95.0 79.00021362956633 
95.0 79.00021362956633 
95.0 80.0 
95.0 80.0 
95.0 81.000640888699 
95.0 81.000640888699 
95.0 81.000640888699 
95.0 81.000640888699 
95.0 80.0 
95.0 79.00021362956633 
95.0 78.00042725913266 
95.0 78.00042725913266 
95.99993896298105 77.000640888699 
95.99993896298105 77.000640888699 
95.99993896298105 78.00042725913266 
95.99993896298105 78.00042725913266 
95.99993896298105 78.00042725913266 
95.99993896298105 78.00042725913266 
95.99993896298105 78.00042725913266 
95.99993896298105 78.00042725913266 
95.99993896298105 77.000640888699 
95.99993896298105 76.0 
95.99993896298105 76.0 
95.99993896298105 76.0 
95.99993896298105 76.0 
95.99993896298105 77.000640888699 
95.99993896298105 77.000640888699 
95.99993896298105 78.00042725913266 
95.0 79.00021362956633 
95.0 79.00021362956633 
95.0 78.00042725913266 
95.0 78.00042725913266 
95.0 78.00042725913266 
95.0 78.00042725913266 
95.0 78.00042725913266 
95.0 79.00021362956633 
95.0 78.00042725913266 
95.0 78.00042725913266 
95.0 78.00042725913266 
95.0 79.00021362956633 
95.0 79.00021362956633 
95.0 79.00021362956633 
95.0 80.0 
95.0 81.000640888699 
95.99993896298105 82.00042725913266 
96.9998779259621 80.0 
95.99993896298105 77.000640888699 
95.99993896298105 73.000640888699 
95.0 71.00021362956633 
95.0 71.00021362956633 
95.0 74.00042725913266 
95.0 77.000640888699 
95.0 77.000640888699 
95.0 81.000640888699 
95.0 81.000640888699 
95.0 83.00021362956633 
95.0 83.00021362956633 
95.0 83.00021362956633 
95.0 82.00042725913266 
95.0 82.00042725913266 
95.99993896298105 79.00021362956633 
95.99993896298105 78.00042725913266 
95.99993896298105 76.0 
95.99993896298105 76.0 
95.0 76.0 
95.0 77.000640888699 
95.0 79.00021362956633 
95.0 79.00021362956633 
95.0 80.0 
95.0 80.0 
95.0 80.0 
93.99990844447157 81.000640888699 
93.99990844447157 81.000640888699 
93.99990844447157 81.000640888699 
95.0 81.000640888699 
95.0 80.0 
95.0 80.0 
95.0 79.00021362956633 
95.0 78.00042725913266 
95.0 77.000640888699 
95.0 76.0 
95.0 77.000640888699 
95.0 77.000640888699 
95.0 78.00042725913266 
95.0 78.00042725913266 
95.0 79.00021362956633 
95.0 79.00021362956633 
95.0 79.00021362956633 
95.0 78.00042725913266 
95.0 77.000640888699 
95.0 77.000640888699 
95.0 77.000640888699 
95.0 77.000640888699 
95.0 78.00042725913266 
95.0 78.00042725913266 
95.0 78.00042725913266 
95.0 78.00042725913266 
95.0 78.00042725913266 
95.0 78.00042725913266 
95.0 77.000640888699 
95.0 77.000640888699 
95.0 77.000640888699 
95.0 77.000640888699 
95.0 77.000640888699 
95.99993896298105 77.000640888699 
95.99993896298105 77.000640888699 
95.0 77.000640888699 
95.0 77.000640888699 
95.0 78.00042725913266 
95.0 79.00021362956633 
95.0 78.00042725913266 
95.0 78.00042725913266 
95.0 77.000640888699 
95.0 77.000640888699 
95.0 77.000640888699 
95.0 78.00042725913266 
95.0 78.00042725913266 
95.0 78.00042725913266 
95.0 78.00042725913266 
95.0 79.00021362956633 
95.0 78.00042725913266 
95.0 78.00042725913266 
95.0 78.00042725913266 
95.0 78.00042725913266 
95.0 78.00042725913266 
95.0 78.00042725913266 
95.0 78.00042725913266 
95.0 79.00021362956633 
95.0 79.00021362956633 
95.0 79.00021362956633 
95.0 79.00021362956633 
95.0 79.00021362956633 
95.0 79.00021362956633 
95.99993896298105 79.00021362956633 
95.99993896298105 79.00021362956633 
95.99993896298105 79.00021362956633 
95.99993896298105 79.00021362956633 
95.99993896298105 81.000640888699 
95.99993896298105 81.000640888699 
95.99993896298105 82.00042725913266 
95.99993896298105 82.00042725913266 
95.99993896298105 82.00042725913266 
95.99993896298105 82.00042725913266 
95.99993896298105 82.00042725913266 
95.99993896298105 82.00042725913266 
95.99993896298105 81.000640888699 
95.99993896298105 82.00042725913266 
95.99993896298105 82.00042725913266 
95.99993896298105 83.00021362956633 
95.99993896298105 82.00042725913266 
95.99993896298105 82.00042725913266 
95.0 82.00042725913266 
95.0 82.00042725913266 
95.0 81.000640888699 
95.0 80.0 
95.0 79.00021362956633 
95.0 78.00042725913266 
95.0 78.00042725913266 
95.0 78.00042725913266 
95.0 78.00042725913266 
95.0 79.00021362956633 
95.0 79.00021362956633 
95.0 79.00021362956633 
95.0 79.00021362956633 
95.0 78.00042725913266 
95.0 77.000640888699 
95.0 76.0 
95.0 75.00021362956633 
95.0 75.00021362956633 
95.0 74.00042725913266 
95.0 74.00042725913266 
95.0 74.00042725913266 
95.0 75.00021362956633 
95.0 75.00021362956633 
95.0 75.00021362956633 
95.0 76.0 
95.0 77.000640888699 
95.0 76.0 
95.0 76.0 
95.0 76.0 
95.0 76.0 
95.0 76.0 
95.0 77.000640888699 
95.0 79.00021362956633 
95.0 79.00021362956633 
95.0 79.00021362956633 
95.0 78.00042725913266 
95.0 77.000640888699 
95.0 76.0 
95.0 76.0 
95.0 75.00021362956633 
95.0 75.00021362956633 
95.0 75.00021362956633 
95.0 77.000640888699 
95.0 78.00042725913266 
95.0 78.00042725913266 
95.0 80.0 
95.0 80.0 
95.0 81.000640888699 
95.0 81.000640888699 
95.0 81.000640888699 
95.0 81.000640888699 
95.0 81.000640888699 
95.0 81.000640888699 
95.0 81.000640888699 
95.0 81.000640888699 
95.0 81.000640888699 
95.0 81.000640888699 
95.0 81.000640888699 
95.0 81.000640888699 
95.0 81.000640888699 
95.0 81.000640888699 
95.0 81.000640888699 
95.99993896298105 81.000640888699 
95.99993896298105 81.000640888699 
95.99993896298105 84.0 
96.9998779259621 87.00021362956633 
96.9998779259621 91.00021362956633 
97.99996948149052 94.00042725913266 
97.99996948149052 94.00042725913266 
97.99996948149052 95.00021362956633 
97.99996948149052 95.00021362956633 
97.99996948149052 96.0 
97.99996948149052 96.0 
97.99996948149052 96.0 
97.99996948149052 95.00021362956633 
97.99996948149052 95.00021362956633 
97.99996948149052 94.00042725913266 
97.99996948149052 94.00042725913266 
97.99996948149052 94.00042725913266 
97.99996948149052 94.00042725913266 
97.99996948149052 94.00042725913266 
98.99990844447157 94.00042725913266 
98.99990844447157 94.00042725913266 
98.99990844447157 94.00042725913266 
98.99990844447157 94.00042725913266 
98.99990844447157 94.00042725913266 
98.99990844447157 94.00042725913266 
98.99990844447157 94.00042725913266 
98.99990844447157 94.00042725913266 
98.99990844447157 94.00042725913266 
98.99990844447157 94.00042725913266 
97.99996948149052 94.00042725913266 
97.99996948149052 94.00042725913266 
97.99996948149052 94.00042725913266 
97.99996948149052 94.00042725913266 
97.99996948149052 94.00042725913266 
97.99996948149052 94.00042725913266 
97.99996948149052 94.00042725913266 
97.99996948149052 94.00042725913266 
97.99996948149052 94.00042725913266 
97.99996948149052 94.00042725913266 
97.99996948149052 94.00042725913266 
97.99996948149052 94.00042725913266 
97.99996948149052 94.00042725913266 
97.99996948149052 94.00042725913266 
97.99996948149052 94.00042725913266 
97.99996948149052 94.00042725913266 
97.99996948149052 94.00042725913266 
97.99996948149052 94.00042725913266 
97.99996948149052 94.00042725913266 
97.99996948149052 94.00042725913266 
97.99996948149052 94.00042725913266 
97.99996948149052 94.00042725913266 
97.99996948149052 94.00042725913266 
97.99996948149052 94.00042725913266 
97.99996948149052 94.00042725913266 
97.99996948149052 94.00042725913266 
97.99996948149052 94.00042725913266 
97.99996948149052 94.00042725913266 
97.99996948149052 94.00042725913266 
95.99993896298105 94.00042725913266 
93.99990844447157 94.00042725913266 
93.99990844447157 94.00042725913266 
93.99990844447157 94.00042725913266 
93.99990844447157 94.00042725913266 
93.99990844447157 94.00042725913266 
93.99990844447157 94.00042725913266 
93.99990844447157 94.00042725913266 
93.99990844447157 94.00042725913266 
93.99990844447157 94.00042725913266 
93.99990844447157 94.00042725913266 
92.00003051850948 94.00042725913266 
92.00003051850948 94.00042725913266 
92.00003051850948 94.00042725913266 
92.00003051850948 94.00042725913266 
92.00003051850948 94.00042725913266 
90.0 94.00042725913266 
90.0 94.00042725913266 
90.0 94.00042725913266 
90.0 94.00042725913266 
90.0 94.00042725913266 
90.0 94.00042725913266 
90.0 94.00042725913266 
90.0 94.00042725913266 
90.0 94.00042725913266 
89.00006103701895 94.00042725913266 
92.00003051850948 94.00042725913266 
95.99993896298105 92.0 
96.9998779259621 89.000640888699 
96.9998779259621 89.000640888699 
95.99993896298105 89.000640888699 
95.99993896298105 88.0 
95.99993896298105 87.00021362956633 
95.99993896298105 87.00021362956633 
96.9998779259621 88.0 
95.99993896298105 88.0 
95.99993896298105 88.0 
95.99993896298105 88.0 
95.99993896298105 88.0 
95.99993896298105 89.000640888699 
95.99993896298105 89.000640888699 
95.99993896298105 89.000640888699 
95.99993896298105 89.000640888699 
95.99993896298105 88.0 
95.99993896298105 88.0 
95.99993896298105 88.0 
95.99993896298105 88.0 
95.99993896298105 88.0 
95.0 88.0 
95.0 88.0 
95.0 88.0 
95.99993896298105 88.0 
95.99993896298105 88.0 
95.99993896298105 88.0 
95.99993896298105 88.0 
95.99993896298105 88.0 
95.99993896298105 88.0 
96.9998779259621 88.0 
96.9998779259621 88.0 
96.9998779259621 88.0 
96.9998779259621 88.0 
96.9998779259621 88.0 
96.9998779259621 88.0 
96.9998779259621 88.0 
96.9998779259621 88.0 
96.9998779259621 88.0 
96.9998779259621 88.0 
96.9998779259621 88.0 
95.0 88.0 
95.99993896298105 88.0 
95.0 88.0 
95.0 88.0 
95.0 88.0 
95.0 88.0 
95.0 88.0 
96.9998779259621 88.0 
95.99993896298105 88.0 
95.99993896298105 88.0 
93.99990844447157 88.0 
93.99990844447157 88.0 
93.99990844447157 88.0 
93.99990844447157 88.0 
93.99990844447157 88.0 
93.99990844447157 88.0 
93.99990844447157 88.0 
93.99990844447157 88.0 
93.0001220740379 88.0 
93.0001220740379 88.0 
93.0001220740379 88.0 
93.0001220740379 88.0 
93.0001220740379 88.0 
93.0001220740379 88.0 
92.00003051850948 88.0 
91.00009155552843 88.0 
91.00009155552843 88.0 
92.00003051850948 88.0 
92.00003051850948 88.0 
92.00003051850948 88.0 
92.00003051850948 88.0 
92.00003051850948 88.0 
92.00003051850948 88.0 
92.00003051850948 88.0 
92.00003051850948 88.0 
92.00003051850948 88.0 
92.00003051850948 88.0 
92.00003051850948 88.0 
92.00003051850948 88.0 
92.00003051850948 88.0 
93.99990844447157 88.0 
93.99990844447157 88.0 
93.99990844447157 88.0 
95.0 88.0 
95.0 88.0 
95.0 88.0 
95.0 88.0 
95.99993896298105 88.0 
95.99993896298105 89.000640888699 
96.9998779259621 90.00042725913266 
96.9998779259621 90.00042725913266 
96.9998779259621 90.00042725913266 
96.9998779259621 90.00042725913266 
96.9998779259621 90.00042725913266 
96.9998779259621 90.00042725913266 
96.9998779259621 90.00042725913266 
96.9998779259621 90.00042725913266 
96.9998779259621 89.000640888699 
96.9998779259621 89.000640888699 
96.9998779259621 89.000640888699 
96.9998779259621 89.000640888699 
96.9998779259621 89.000640888699 
95.99993896298105 89.000640888699 
95.99993896298105 89.000640888699 
95.99993896298105 89.000640888699 
95.99993896298105 89.000640888699 
95.99993896298105 89.000640888699 
95.0 89.000640888699 
95.0 88.0 
97.99996948149052 88.0 
97.99996948149052 88.0 
97.99996948149052 88.0 
96.9998779259621 88.0 
96.9998779259621 88.0 
96.9998779259621 89.000640888699 
96.9998779259621 90.00042725913266 
95.99993896298105 88.0 
95.99993896298105 86.00042725913266 
95.99993896298105 86.00042725913266 
95.99993896298105 86.00042725913266 
95.0 84.0 
95.0 84.0 
95.0 84.0 
95.0 86.00042725913266 
95.0 86.00042725913266 
95.99993896298105 89.000640888699 
95.99993896298105 89.000640888699 
96.9998779259621 89.000640888699 
96.9998779259621 90.00042725913266 
96.9998779259621 90.00042725913266 
96.9998779259621 90.00042725913266 
96.9998779259621 90.00042725913266 
95.99993896298105 90.00042725913266 
93.99990844447157 90.00042725913266 
93.99990844447157 90.00042725913266 
93.99990844447157 90.00042725913266 
93.99990844447157 90.00042725913266 
93.99990844447157 90.00042725913266 
92.00003051850948 90.00042725913266 
93.0001220740379 89.000640888699 
93.99990844447157 89.000640888699 
93.99990844447157 89.000640888699 
95.0 88.0 
97.99996948149052 88.0 
97.99996948149052 88.0 
97.99996948149052 87.00021362956633 
97.99996948149052 88.0 
96.9998779259621 88.0 
96.9998779259621 88.0 
96.9998779259621 88.0 
96.9998779259621 88.0 
97.99996948149052 89.000640888699 
97.99996948149052 89.000640888699 
97.99996948149052 89.000640888699 
97.99996948149052 89.000640888699 
97.99996948149052 89.000640888699 
97.99996948149052 89.000640888699 
97.99996948149052 88.0 
97.99996948149052 88.0 
97.99996948149052 88.0 
97.99996948149052 88.0 
97.99996948149052 88.0 
97.99996948149052 88.0 
97.99996948149052 88.0 
97.99996948149052 88.0 
97.99996948149052 88.0 
97.99996948149052 88.0 
97.99996948149052 88.0 
96.9998779259621 88.0 
95.99993896298105 88.0 
95.99993896298105 88.0 
95.99993896298105 88.0 
93.99990844447157 88.0 
95.0 88.0 
93.0001220740379 88.0 
95.0 88.0 
95.0 88.0 
95.0 89.000640888699 
95.99993896298105 89.000640888699 
95.99993896298105 89.000640888699 
95.99993896298105 89.000640888699 
95.99993896298105 89.000640888699 
95.99993896298105 89.000640888699 
95.99993896298105 89.000640888699 
95.99993896298105 89.000640888699 
95.99993896298105 89.000640888699 
95.99993896298105 88.0 
95.99993896298105 87.00021362956633 
95.99993896298105 86.00042725913266 
95.99993896298105 85.000640888699 
95.99993896298105 84.0 
95.99993896298105 84.0 
95.99993896298105 84.0 
95.99993896298105 84.0 
95.0 84.0 
95.99993896298105 84.0 
95.99993896298105 84.0 
95.99993896298105 84.0 
95.99993896298105 85.000640888699 
95.99993896298105 85.000640888699 
96.9998779259621 87.00021362956633 
96.9998779259621 87.00021362956633 
96.9998779259621 87.00021362956633 
95.99993896298105 87.00021362956633 
95.99993896298105 88.0 
95.0 88.0 
95.0 88.0 
95.0 88.0 
95.0 87.00021362956633 
95.0 86.00042725913266 
95.99993896298105 86.00042725913266 
95.0 86.00042725913266 
95.0 87.00021362956633 
95.0 87.00021362956633 
95.0 87.00021362956633 
95.0 86.00042725913266 
95.99993896298105 86.00042725913266 
95.0 86.00042725913266 
95.0 86.00042725913266 
95.0 86.00042725913266 
95.99993896298105 86.00042725913266 
95.99993896298105 86.00042725913266 
95.99993896298105 85.000640888699 
95.99993896298105 85.000640888699 
95.99993896298105 85.000640888699 
95.99993896298105 85.000640888699 
95.0 85.000640888699 
95.0 85.000640888699 
95.0 86.00042725913266 
95.0 86.00042725913266 
95.0 87.00021362956633 
95.0 87.00021362956633 
95.0 87.00021362956633 
95.0 87.00021362956633 
95.0 88.0 
95.0 88.0 
95.0 88.0 
95.0 86.00042725913266 
95.99993896298105 85.000640888699 
95.99993896298105 85.000640888699 
95.99993896298105 86.00042725913266 
95.99993896298105 86.00042725913266 
95.0 89.000640888699 
95.0 90.00042725913266 
95.0 90.00042725913266 
95.0 90.00042725913266 
95.0 88.0 
95.0 87.00021362956633 
95.0 85.000640888699 
95.0 85.000640888699 
95.0 87.00021362956633 
95.0 87.00021362956633 
97.99996948149052 89.000640888699 
96.9998779259621 89.000640888699 
96.9998779259621 90.00042725913266 
96.9998779259621 90.00042725913266 
96.9998779259621 89.000640888699 
96.9998779259621 87.00021362956633 
96.9998779259621 87.00021362956633 
96.9998779259621 87.00021362956633 
96.9998779259621 86.00042725913266 
95.99993896298105 86.00042725913266 
96.9998779259621 86.00042725913266 
95.99993896298105 86.00042725913266 
95.99993896298105 86.00042725913266 
95.99993896298105 86.00042725913266 
95.99993896298105 87.00021362956633 
95.99993896298105 89.000640888699 
95.99993896298105 89.000640888699 
95.99993896298105 89.000640888699 
95.99993896298105 89.000640888699 
95.99993896298105 89.000640888699 
95.99993896298105 90.00042725913266 
95.0 90.00042725913266 
93.99990844447157 90.00042725913266 
93.99990844447157 90.00042725913266 
93.0001220740379 90.00042725913266 
95.99993896298105 90.00042725913266 
95.99993896298105 90.00042725913266 
95.99993896298105 91.00021362956633 
95.99993896298105 91.00021362956633 
95.99993896298105 94.00042725913266 
95.99993896298105 95.00021362956633 
95.99993896298105 95.00021362956633 
95.99993896298105 96.0 
95.99993896298105 96.0 
96.9998779259621 96.99978637043367 
96.9998779259621 96.0 
96.9998779259621 96.0 
96.9998779259621 96.0 
96.9998779259621 95.00021362956633 
95.99993896298105 93.000640888699 
95.99993896298105 92.0 
96.9998779259621 92.0 
96.9998779259621 92.0 
96.9998779259621 92.0 
96.9998779259621 92.0 
96.9998779259621 92.0 
96.9998779259621 92.0 
95.99993896298105 95.00021362956633 
95.99993896298105 95.00021362956633 
96.9998779259621 95.00021362956633 
96.9998779259621 96.0 
96.9998779259621 96.0 
96.9998779259621 96.0 
95.99993896298105 96.0 
96.9998779259621 96.99978637043367 
95.99993896298105 95.00021362956633 
95.99993896298105 93.000640888699 
95.99993896298105 91.00021362956633 
95.99993896298105 91.00021362956633 
95.99993896298105 90.00042725913266 
95.99993896298105 89.000640888699 
95.99993896298105 88.0 
95.99993896298105 86.00042725913266 
95.99993896298105 86.00042725913266 
95.99993896298105 84.0 
95.99993896298105 81.000640888699 
95.99993896298105 79.00021362956633 
95.99993896298105 79.00021362956633 
95.0 78.00042725913266 
95.0 79.00021362956633 
95.0 79.00021362956633 
95.0 79.00021362956633 
95.0 79.00021362956633 
95.0 79.00021362956633 
95.0 79.00021362956633 
95.0 79.00021362956633 
95.0 77.000640888699 
95.0 76.0 
95.0 75.00021362956633 
95.0 75.00021362956633 
95.99993896298105 75.00021362956633 
95.99993896298105 75.00021362956633 
95.0 77.000640888699 
95.0 77.000640888699 
95.0 77.000640888699 
95.0 77.000640888699 
95.0 76.0 
95.0 76.0 
95.0 76.0 
95.0 75.00021362956633 
95.0 74.00042725913266 
95.0 74.00042725913266 
95.0 74.00042725913266 
95.0 75.00021362956633 
95.0 75.00021362956633 
95.0 76.0 
95.0 76.0 
95.0 76.0 
95.0 75.00021362956633 
95.0 74.00042725913266 
95.0 72.0 
95.0 72.0 
95.0 72.0 
95.0 72.0 
95.0 71.00021362956633 
95.0 71.00021362956633 
95.0 73.000640888699 
95.0 77.000640888699 
95.0 77.000640888699 
95.0 81.000640888699 
95.0 81.000640888699 
95.0 81.000640888699 
95.0 81.000640888699 
95.0 79.00021362956633 
95.0 79.00021362956633 
95.0 79.00021362956633 
93.99990844447157 78.00042725913266 
93.99990844447157 79.00021362956633 
93.99990844447157 79.00021362956633 
93.99990844447157 79.00021362956633 
93.99990844447157 79.00021362956633 
93.99990844447157 79.00021362956633 
93.99990844447157 79.00021362956633 
93.99990844447157 77.000640888699 
93.99990844447157 77.000640888699 
93.99990844447157 76.0 
93.99990844447157 75.00021362956633 
93.99990844447157 75.00021362956633 
95.0 74.00042725913266 
95.0 74.00042725913266 
95.0 75.00021362956633 
95.0 75.00021362956633 
95.0 75.00021362956633 
95.0 75.00021362956633 
95.0 74.00042725913266 
95.0 74.00042725913266 
95.0 74.00042725913266 
95.0 74.00042725913266 
95.0 73.000640888699 
95.0 73.000640888699 
93.99990844447157 73.000640888699 
93.99990844447157 73.000640888699 
93.99990844447157 73.000640888699 
93.99990844447157 73.000640888699 
93.99990844447157 74.00042725913266 
93.99990844447157 74.00042725913266 
93.99990844447157 73.000640888699 
93.99990844447157 74.00042725913266 
93.99990844447157 74.00042725913266 
93.99990844447157 75.00021362956633 
93.99990844447157 74.00042725913266 
93.99990844447157 75.00021362956633 
93.99990844447157 75.00021362956633 
93.99990844447157 75.00021362956633 
93.99990844447157 75.00021362956633 
93.99990844447157 75.00021362956633 
93.99990844447157 75.00021362956633 
93.99990844447157 75.00021362956633 
93.99990844447157 75.00021362956633 
95.0 75.00021362956633 
95.0 76.0 
95.0 76.0 
95.0 75.00021362956633 
95.0 74.00042725913266 
95.0 74.00042725913266 
95.0 73.000640888699 
95.0 73.000640888699 
95.0 73.000640888699 
95.0 73.000640888699 
95.0 75.00021362956633 
95.0 75.00021362956633 
95.0 75.00021362956633 
95.0 76.0 
95.0 75.00021362956633 
95.0 73.000640888699 
95.0 73.000640888699 
95.0 73.000640888699 
95.0 72.0 
95.0 72.0 
95.0 72.0 
95.0 73.000640888699 
95.0 73.000640888699 
95.0 73.000640888699 
93.99990844447157 73.000640888699 
93.99990844447157 74.00042725913266 
93.99990844447157 74.00042725913266 
93.99990844447157 74.00042725913266 
93.99990844447157 75.00021362956633 
93.99990844447157 74.00042725913266 
93.99990844447157 74.00042725913266 
95.0 74.00042725913266 
93.99990844447157 74.00042725913266 
95.0 73.000640888699 
95.0 73.000640888699 
95.0 73.000640888699 
95.0 73.000640888699 
95.0 73.000640888699 
95.0 73.000640888699 
95.0 73.000640888699 
95.0 74.00042725913266 
95.0 74.00042725913266 
95.0 73.000640888699 
95.0 72.0 
95.0 72.0 
93.99990844447157 71.00021362956633 
93.99990844447157 70.00042725913266 
93.99990844447157 70.00042725913266 
93.99990844447157 70.00042725913266 
93.99990844447157 71.00021362956633 
93.99990844447157 72.0 
95.0 73.000640888699 
95.0 72.0 
95.0 71.00021362956633 
95.0 71.00021362956633 
95.0 71.00021362956633 
93.99990844447157 71.00021362956633 
93.99990844447157 71.00021362956633 
93.99990844447157 72.0 
93.99990844447157 72.0 
93.99990844447157 73.000640888699 
93.99990844447157 74.00042725913266 
93.99990844447157 74.00042725913266 
93.99990844447157 75.00021362956633 
93.99990844447157 74.00042725913266 
93.99990844447157 73.000640888699 
93.99990844447157 72.0 
93.99990844447157 71.00021362956633 
93.99990844447157 71.00021362956633 
93.99990844447157 71.00021362956633 
93.99990844447157 71.00021362956633 
93.99990844447157 73.000640888699 
93.99990844447157 73.000640888699 
93.99990844447157 75.00021362956633 
93.99990844447157 74.00042725913266 
93.99990844447157 74.00042725913266 
93.0001220740379 74.00042725913266 
93.0001220740379 74.00042725913266 
93.0001220740379 74.00042725913266 
93.0001220740379 74.00042725913266 
93.0001220740379 73.000640888699 
93.0001220740379 73.000640888699 
93.99990844447157 72.0 
93.99990844447157 72.0 
93.99990844447157 72.0 
93.99990844447157 72.0 
93.99990844447157 73.000640888699 
93.99990844447157 74.00042725913266 
93.99990844447157 73.000640888699 
93.99990844447157 73.000640888699 
93.99990844447157 72.0 
93.99990844447157 73.000640888699 
93.99990844447157 73.000640888699 
93.99990844447157 74.00042725913266 
93.99990844447157 74.00042725913266 
93.99990844447157 74.00042725913266 
93.99990844447157 73.000640888699 
93.99990844447157 74.00042725913266 
93.99990844447157 74.00042725913266 
93.99990844447157 75.00021362956633 
93.99990844447157 75.00021362956633 
93.99990844447157 74.00042725913266 
93.99990844447157 74.00042725913266 
93.99990844447157 75.00021362956633 
93.99990844447157 75.00021362956633 
95.0 74.00042725913266 
93.99990844447157 73.000640888699 
95.0 71.00021362956633 
93.99990844447157 70.00042725913266 
95.0 70.00042725913266 
95.0 70.00042725913266 
95.0 70.00042725913266 
95.0 70.00042725913266 
93.99990844447157 72.0 
93.99990844447157 73.000640888699 
93.99990844447157 75.00021362956633 
93.99990844447157 75.00021362956633 
95.0 76.0 
93.99990844447157 76.0 
93.99990844447157 77.000640888699 
93.99990844447157 76.0 
93.99990844447157 75.00021362956633 
95.0 75.00021362956633 
95.0 75.00021362956633 
95.0 75.00021362956633 
95.0 75.00021362956633 
95.0 74.00042725913266 
95.0 75.00021362956633 
95.0 75.00021362956633 
95.0 75.00021362956633 
95.0 74.00042725913266 
93.99990844447157 74.00042725913266 
93.99990844447157 73.000640888699 
93.99990844447157 73.000640888699 
93.99990844447157 74.00042725913266 
93.99990844447157 74.00042725913266 
93.99990844447157 74.00042725913266 
93.99990844447157 74.00042725913266 
93.99990844447157 74.00042725913266 
93.99990844447157 74.00042725913266 
93.99990844447157 74.00042725913266 
93.99990844447157 74.00042725913266 
93.99990844447157 74.00042725913266 
93.99990844447157 74.00042725913266 
93.99990844447157 73.000640888699 
93.99990844447157 74.00042725913266 
93.99990844447157 73.000640888699 
93.99990844447157 73.000640888699 
93.99990844447157 74.00042725913266 
93.99990844447157 74.00042725913266 
93.99990844447157 74.00042725913266 
93.99990844447157 73.000640888699 
95.0 73.000640888699 
93.99990844447157 73.000640888699 
93.99990844447157 74.00042725913266 
93.99990844447157 74.00042725913266 
95.0 74.00042725913266 
95.0 73.000640888699 
95.0 73.000640888699 
95.0 72.0 
95.0 71.00021362956633 
95.0 71.00021362956633 
95.0 71.00021362956633 
93.99990844447157 71.00021362956633 
93.99990844447157 72.0 
93.99990844447157 72.0 
95.0 73.000640888699 
95.0 73.000640888699 
95.0 73.000640888699 
95.0 73.000640888699 
95.0 73.000640888699 
95.0 72.0 
93.99990844447157 72.0 
93.99990844447157 71.00021362956633 
93.99990844447157 71.00021362956633 
93.99990844447157 70.00042725913266 
93.99990844447157 70.00042725913266 
93.99990844447157 71.00021362956633 
93.99990844447157 71.00021362956633 
93.99990844447157 71.00021362956633 
93.99990844447157 72.0 
95.0 73.000640888699 
95.0 74.00042725913266 
95.0 74.00042725913266 
95.0 73.000640888699 
95.0 73.000640888699 
95.0 72.0 
95.0 72.0 
93.99990844447157 71.00021362956633 
95.0 74.00042725913266 
95.0 74.00042725913266 
95.0 74.00042725913266 
95.0 74.00042725913266 
95.0 74.00042725913266 
95.0 74.00042725913266 
93.99990844447157 74.00042725913266 
93.99990844447157 74.00042725913266 
93.99990844447157 74.00042725913266 
93.99990844447157 74.00042725913266 
93.99990844447157 74.00042725913266 
93.99990844447157 74.00042725913266 
93.99990844447157 74.00042725913266 
93.99990844447157 74.00042725913266 
93.99990844447157 74.00042725913266 
93.99990844447157 74.00042725913266 
93.99990844447157 74.00042725913266 
93.99990844447157 74.00042725913266 
93.99990844447157 74.00042725913266 
93.99990844447157 74.00042725913266 
93.0001220740379 74.00042725913266 
93.99990844447157 74.00042725913266 
93.99990844447157 74.00042725913266 
93.99990844447157 75.00021362956633 
93.99990844447157 75.00021362956633 
93.99990844447157 77.000640888699 
93.99990844447157 77.000640888699 
93.99990844447157 77.000640888699 
93.99990844447157 77.000640888699 
93.99990844447157 77.000640888699 
93.99990844447157 80.0 
95.99993896298105 82.00042725913266 
95.99993896298105 82.00042725913266 
95.99993896298105 86.00042725913266 
96.9998779259621 87.00021362956633 
96.9998779259621 87.00021362956633 
96.9998779259621 90.00042725913266 
96.9998779259621 90.00042725913266 
96.9998779259621 92.0 
96.9998779259621 91.00021362956633 
96.9998779259621 90.00042725913266 
96.9998779259621 88.0 
96.9998779259621 87.00021362956633 
96.9998779259621 86.00042725913266 
96.9998779259621 86.00042725913266 
97.99996948149052 85.000640888699 
97.99996948149052 85.000640888699 
97.99996948149052 85.000640888699 
97.99996948149052 84.0 
95.99993896298105 83.00021362956633 
95.99993896298105 82.00042725913266 
95.99993896298105 80.0 
95.99993896298105 79.00021362956633 
95.0 78.00042725913266 
95.0 78.00042725913266 
95.0 78.00042725913266 
95.0 78.00042725913266 
95.0 78.00042725913266 
95.0 80.0 
95.0 80.0 
95.99993896298105 80.0 
95.99993896298105 80.0 
95.99993896298105 80.0 
95.99993896298105 81.000640888699 
95.99993896298105 81.000640888699 
95.0 80.0 
95.0 80.0 
95.0 79.00021362956633 
95.0 80.0 
95.0 78.00042725913266 
95.0 78.00042725913266 
95.99993896298105 77.000640888699 
95.0 76.0 
95.0 76.0 
95.0 76.0 
93.99990844447157 76.0 
95.0 77.000640888699 
95.0 77.000640888699 
95.0 79.00021362956633 
95.0 78.00042725913266 
95.99993896298105 79.00021362956633 
95.99993896298105 79.00021362956633 
95.99993896298105 78.00042725913266 
95.99993896298105 76.0 
95.99993896298105 75.00021362956633 
95.99993896298105 75.00021362956633 
95.99993896298105 75.00021362956633 
95.0 75.00021362956633 
95.0 75.00021362956633 
95.0 75.00021362956633 
95.0 75.00021362956633 
95.0 75.00021362956633 
95.0 74.00042725913266 
95.0 74.00042725913266 
95.99993896298105 74.00042725913266 
95.0 73.000640888699 
95.0 74.00042725913266 
95.0 74.00042725913266 
95.0 74.00042725913266 
95.0 74.00042725913266 
95.0 74.00042725913266 
95.0 74.00042725913266 
95.0 75.00021362956633 
95.0 75.00021362956633 
95.0 75.00021362956633 
95.0 75.00021362956633 
95.99993896298105 75.00021362956633 
95.99993896298105 76.0 
95.0 76.0 
95.0 76.0 
95.0 76.0 
95.0 75.00021362956633 
95.0 75.00021362956633 
95.0 75.00021362956633 
95.0 75.00021362956633 
95.0 75.00021362956633 
95.0 75.00021362956633 
95.0 75.00021362956633 
95.0 75.00021362956633 
95.99993896298105 76.0 
95.0 76.0 
95.0 76.0 
95.0 76.0 
95.0 76.0 
95.0 76.0 
95.0 76.0 
95.0 76.0 
95.0 76.0 
95.0 75.00021362956633 
95.0 75.00021362956633 
95.0 75.00021362956633 
95.0 75.00021362956633 
95.0 75.00021362956633 
95.0 75.00021362956633 
95.99993896298105 76.0 
95.99993896298105 76.0 
95.99993896298105 77.000640888699 
95.99993896298105 77.000640888699 
95.99993896298105 77.000640888699 
95.99993896298105 76.0 
95.99993896298105 76.0 
95.99993896298105 76.0 
95.0 76.0 
95.0 76.0 
95.0 75.00021362956633 
95.0 75.00021362956633 
95.0 75.00021362956633 
95.0 75.00021362956633 
95.0 76.0 
95.0 76.0 
95.0 76.0 
95.0 76.0 
95.0 76.0 
95.99993896298105 75.00021362956633 
95.0 75.00021362956633 
95.99993896298105 74.00042725913266 
95.99993896298105 74.00042725913266 
95.99993896298105 74.00042725913266 
95.99993896298105 75.00021362956633 
95.99993896298105 75.00021362956633 
95.99993896298105 75.00021362956633 
95.99993896298105 75.00021362956633 
95.99993896298105 73.000640888699 
95.99993896298105 73.000640888699 
95.99993896298105 72.0 
95.99993896298105 72.0 
95.99993896298105 72.0 
95.99993896298105 72.0 
95.99993896298105 72.0 
95.99993896298105 72.0 
96.9998779259621 74.00042725913266 
96.9998779259621 74.00042725913266 
96.9998779259621 75.00021362956633 
96.9998779259621 75.00021362956633 
95.99993896298105 75.00021362956633 
95.99993896298105 74.00042725913266 
95.99993896298105 74.00042725913266 
95.99993896298105 73.000640888699 
95.99993896298105 73.000640888699 
95.99993896298105 73.000640888699 
95.99993896298105 73.000640888699 
95.99993896298105 73.000640888699 
95.99993896298105 74.00042725913266 
95.99993896298105 74.00042725913266 
95.99993896298105 74.00042725913266 
95.99993896298105 73.000640888699 
95.99993896298105 73.000640888699 
95.99993896298105 74.00042725913266 
95.99993896298105 74.00042725913266 
95.99993896298105 74.00042725913266 
95.99993896298105 74.00042725913266 
95.99993896298105 75.00021362956633 
95.99993896298105 75.00021362956633 
95.99993896298105 75.00021362956633 
96.9998779259621 75.00021362956633 
96.9998779259621 75.00021362956633 
96.9998779259621 74.00042725913266 
96.9998779259621 74.00042725913266 
96.9998779259621 73.000640888699 
95.99993896298105 74.00042725913266 
95.99993896298105 74.00042725913266 
95.99993896298105 75.00021362956633 
96.9998779259621 75.00021362956633 
96.9998779259621 75.00021362956633 
96.9998779259621 74.00042725913266 
96.9998779259621 74.00042725913266 
96.9998779259621 74.00042725913266 
96.9998779259621 74.00042725913266 
96.9998779259621 74.00042725913266 
96.9998779259621 74.00042725913266 
96.9998779259621 74.00042725913266 
96.9998779259621 74.00042725913266 
96.9998779259621 74.00042725913266 
96.9998779259621 74.00042725913266 
96.9998779259621 74.00042725913266 
96.9998779259621 74.00042725913266 
96.9998779259621 75.00021362956633 
96.9998779259621 75.00021362956633 
96.9998779259621 75.00021362956633 
96.9998779259621 76.0 
96.9998779259621 77.000640888699 
96.9998779259621 77.000640888699 
95.99993896298105 77.000640888699 
95.99993896298105 78.00042725913266 
95.99993896298105 78.00042725913266 
95.99993896298105 80.0 
95.99993896298105 80.0 
96.9998779259621 80.0 
96.9998779259621 80.0 
96.9998779259621 79.00021362956633 
96.9998779259621 79.00021362956633 
96.9998779259621 78.00042725913266 
96.9998779259621 78.00042725913266 
96.9998779259621 77.000640888699 
96.9998779259621 77.000640888699 
96.9998779259621 77.000640888699 
96.9998779259621 77.000640888699 
96.9998779259621 77.000640888699 
96.9998779259621 77.000640888699 
96.9998779259621 77.000640888699 
96.9998779259621 77.000640888699 
96.9998779259621 77.000640888699 
96.9998779259621 78.00042725913266 
96.9998779259621 77.000640888699 
96.9998779259621 76.0 
96.9998779259621 76.0 
96.9998779259621 76.0 
96.9998779259621 76.0 
96.9998779259621 76.0 
96.9998779259621 76.0 
96.9998779259621 76.0 
96.9998779259621 76.0 
96.9998779259621 75.00021362956633 
96.9998779259621 75.00021362956633 
96.9998779259621 75.00021362956633 
96.9998779259621 75.00021362956633 
96.9998779259621 76.0 
96.9998779259621 77.000640888699 
95.99993896298105 77.000640888699 
95.99993896298105 77.000640888699 
95.99993896298105 76.0 
95.99993896298105 75.00021362956633 
96.9998779259621 74.00042725913266 
96.9998779259621 73.000640888699 
96.9998779259621 72.0 
96.9998779259621 72.0 
96.9998779259621 73.000640888699 
95.99993896298105 74.00042725913266 
95.99993896298105 74.00042725913266 
95.99993896298105 74.00042725913266 
95.99993896298105 75.00021362956633 
95.99993896298105 74.00042725913266 
95.99993896298105 74.00042725913266 
95.99993896298105 73.000640888699 
95.99993896298105 73.000640888699 
95.99993896298105 73.000640888699 
95.99993896298105 73.000640888699 
95.99993896298105 73.000640888699 
95.99993896298105 73.000640888699 
95.99993896298105 74.00042725913266 
95.99993896298105 74.00042725913266 
95.99993896298105 74.00042725913266 
96.9998779259621 74.00042725913266 
96.9998779259621 75.00021362956633 
95.99993896298105 75.00021362956633 
95.99993896298105 75.00021362956633 
95.99993896298105 75.00021362956633 
95.99993896298105 75.00021362956633 
95.99993896298105 75.00021362956633 
95.99993896298105 76.0 
95.99993896298105 76.0 
95.99993896298105 76.0 
95.99993896298105 77.000640888699 
95.99993896298105 76.0 
95.99993896298105 77.000640888699 
95.99993896298105 77.000640888699 
95.99993896298105 76.0 
95.99993896298105 76.0 
95.99993896298105 76.0 
95.99993896298105 75.00021362956633 
95.99993896298105 75.00021362956633 
95.99993896298105 75.00021362956633 
95.99993896298105 75.00021362956633 
95.99993896298105 75.00021362956633 
95.99993896298105 75.00021362956633 
95.99993896298105 75.00021362956633 
95.99993896298105 75.00021362956633 
95.99993896298105 75.00021362956633 
95.99993896298105 75.00021362956633 
95.99993896298105 76.0 
95.99993896298105 77.000640888699 
95.99993896298105 77.000640888699 
95.99993896298105 77.000640888699 
95.99993896298105 76.0 
95.99993896298105 76.0 
95.99993896298105 74.00042725913266 
95.99993896298105 73.000640888699 
95.99993896298105 73.000640888699 
95.99993896298105 73.000640888699 
95.99993896298105 74.00042725913266 
95.99993896298105 74.00042725913266 
95.99993896298105 75.00021362956633 
95.99993896298105 76.0 
95.99993896298105 75.00021362956633 
95.99993896298105 75.00021362956633 
95.99993896298105 74.00042725913266 
95.99993896298105 74.00042725913266 
95.99993896298105 74.00042725913266 
95.99993896298105 74.00042725913266 
95.99993896298105 75.00021362956633 
95.99993896298105 75.00021362956633 
95.99993896298105 76.0 
95.99993896298105 76.0 
96.9998779259621 76.0 
95.99993896298105 78.00042725913266 
95.99993896298105 78.00042725913266 
95.99993896298105 79.00021362956633 
95.99993896298105 80.0 
95.99993896298105 79.00021362956633 
95.99993896298105 78.00042725913266 
95.99993896298105 77.000640888699 
95.99993896298105 76.0 
95.99993896298105 76.0 
95.99993896298105 76.0 
95.99993896298105 77.000640888699 
95.99993896298105 77.000640888699 
95.99993896298105 78.00042725913266 
96.9998779259621 77.000640888699 
96.9998779259621 75.00021362956633 
96.9998779259621 75.00021362956633 
96.9998779259621 75.00021362956633 
96.9998779259621 75.00021362956633 
95.99993896298105 76.0 
95.99993896298105 76.0 
95.99993896298105 76.0 
95.99993896298105 76.0 
95.99993896298105 75.00021362956633 
95.99993896298105 75.00021362956633 
95.99993896298105 75.00021362956633 
95.99993896298105 75.00021362956633 
97.99996948149052 86.00042725913266 
97.99996948149052 87.00021362956633 
97.99996948149052 90.00042725913266 
97.99996948149052 93.000640888699 
97.99996948149052 93.000640888699 
96.9998779259621 94.00042725913266 
96.9998779259621 93.000640888699 
96.9998779259621 92.0 
96.9998779259621 89.000640888699 
96.9998779259621 88.0 
95.99993896298105 87.00021362956633 
95.99993896298105 87.00021362956633 
95.99993896298105 87.00021362956633 
95.99993896298105 87.00021362956633 
95.99993896298105 87.00021362956633 
95.0 87.00021362956633 
95.0 86.00042725913266 
95.0 85.000640888699 
95.0 85.000640888699 
95.0 85.000640888699 
95.0 85.000640888699 
95.0 85.000640888699 
95.0 85.000640888699 
95.0 86.00042725913266 
95.0 85.000640888699 
95.0 85.000640888699 
95.0 85.000640888699 
95.0 85.000640888699 
95.0 86.00042725913266 
95.0 85.000640888699 
95.0 84.0 
95.0 84.0 
95.0 83.00021362956633 
95.99993896298105 83.00021362956633 
95.99993896298105 83.00021362956633 
95.0 83.00021362956633 
95.0 83.00021362956633 
95.0 82.00042725913266 
95.0 80.0 
93.99990844447157 78.00042725913266 
93.99990844447157 77.000640888699 
93.99990844447157 76.0 
93.99990844447157 76.0 
93.99990844447157 76.0 
95.0 76.0 
93.99990844447157 76.0 
93.99990844447157 77.000640888699 
93.99990844447157 76.0 
93.99990844447157 76.0 
93.99990844447157 75.00021362956633 
93.99990844447157 74.00042725913266 
93.99990844447157 74.00042725913266 
95.0 73.000640888699 
95.0 74.00042725913266 
95.0 74.00042725913266 
95.0 73.000640888699 
95.0 73.000640888699 
95.0 72.0 
95.0 72.0 
95.0 72.0 
95.0 71.00021362956633 
95.0 70.00042725913266 
95.0 70.00042725913266 
95.0 71.00021362956633 
95.0 71.00021362956633 
95.0 71.00021362956633 
95.0 71.00021362956633 
95.0 70.00042725913266 
95.0 70.00042725913266 
95.0 71.00021362956633 
95.0 71.00021362956633 
95.0 71.00021362956633 
95.0 70.00042725913266 
95.0 70.00042725913266 
95.0 71.00021362956633 
95.0 71.00021362956633 
95.0 70.00042725913266 
95.0 70.00042725913266 
95.0 70.00042725913266 
95.0 70.00042725913266 
95.0 70.00042725913266 
95.0 71.00021362956633 
95.0 71.00021362956633 
95.0 72.0 
95.0 73.000640888699 
95.0 74.00042725913266 
95.0 74.00042725913266 
95.0 72.0 
95.0 70.00042725913266 
95.0 70.00042725913266 
95.0 69.000640888699 
95.0 69.000640888699 
95.0 69.000640888699 
95.0 71.00021362956633 
95.0 71.00021362956633 
95.0 71.00021362956633 
95.0 73.000640888699 
95.0 74.00042725913266 
95.0 74.00042725913266 
95.0 74.00042725913266 
95.0 74.00042725913266 
95.0 74.00042725913266 
95.0 73.000640888699 
95.0 73.000640888699 
95.0 72.0 
95.0 72.0 
95.0 72.0 
95.0 72.0 
95.0 72.0 
95.0 72.0 
95.0 72.0 
95.0 72.0 
95.0 72.0 
95.0 72.0 
95.0 72.0 
95.0 72.0 
95.0 71.00021362956633 
95.0 71.00021362956633 
95.0 71.00021362956633 
95.0 71.00021362956633 
95.0 72.0 
95.0 72.0 
95.0 74.00042725913266 
95.0 74.00042725913266 
95.0 74.00042725913266 
95.0 74.00042725913266 
95.0 74.00042725913266 
95.0 74.00042725913266 
95.0 73.000640888699 
95.0 73.000640888699 
95.0 73.000640888699 
95.0 73.000640888699 
95.0 73.000640888699 
95.0 74.00042725913266 
95.0 74.00042725913266 
95.0 74.00042725913266 
95.0 73.000640888699 
95.0 73.000640888699 
95.0 73.000640888699 
95.0 73.000640888699 
95.0 73.000640888699 
95.0 73.000640888699 
95.0 73.000640888699 
95.0 73.000640888699 
95.0 72.0 
95.0 72.0 
95.0 71.00021362956633 
95.0 71.00021362956633 
95.0 71.00021362956633 
95.99993896298105 71.00021362956633 
95.99993896298105 71.00021362956633 
95.99993896298105 71.00021362956633 
95.99993896298105 72.0 
95.99993896298105 73.000640888699 
95.99993896298105 73.000640888699 
95.99993896298105 72.0 
95.0 71.00021362956633 
95.0 71.00021362956633 
95.0 71.00021362956633 
95.0 72.0 
95.0 72.0 
95.0 72.0 
95.0 73.000640888699 
95.0 72.0 
95.0 72.0 
95.0 71.00021362956633 
95.0 71.00021362956633 
95.0 71.00021362956633 
95.0 71.00021362956633 
95.0 71.00021362956633 
95.0 72.0 
95.0 72.0 
95.0 72.0 
95.0 72.0 
95.0 72.0 
95.0 72.0 
95.0 71.00021362956633 
95.0 71.00021362956633 
95.0 71.00021362956633 
95.0 71.00021362956633 
95.0 71.00021362956633 
95.0 71.00021362956633 
95.0 72.0 
95.0 72.0 
95.0 72.0 
95.0 72.0 
95.0 72.0 
95.0 72.0 
95.0 72.0 
95.0 71.00021362956633 
95.0 70.00042725913266 
95.0 70.00042725913266 
95.0 70.00042725913266 
95.0 70.00042725913266 
95.0 71.00021362956633 
95.0 72.0 
95.0 72.0 
95.0 73.000640888699 
95.0 73.000640888699 
95.0 73.000640888699 
95.0 73.000640888699 
95.0 73.000640888699 
95.0 73.000640888699 
95.0 72.0 
95.0 72.0 
95.0 72.0 
95.0 72.0 
95.0 71.00021362956633 
95.0 71.00021362956633 
95.0 71.00021362956633 
95.0 71.00021362956633 
95.0 70.00042725913266 
95.0 70.00042725913266 
95.0 70.00042725913266 
95.0 70.00042725913266 
95.0 70.00042725913266 
95.0 71.00021362956633 
95.0 71.00021362956633 
95.0 71.00021362956633 
95.0 72.0 
95.0 72.0 
95.0 72.0 
95.0 72.0 
95.0 72.0 
95.0 72.0 
95.0 72.0 
95.0 73.000640888699 
95.0 73.000640888699 
95.0 73.000640888699 
95.0 74.00042725913266 
95.0 73.000640888699 
95.0 73.000640888699 
95.0 72.0 
95.0 72.0 
95.0 71.00021362956633 
95.0 72.0 
95.0 72.0 
95.0 73.000640888699 
95.0 73.000640888699 
95.0 73.000640888699 
93.99990844447157 73.000640888699 
93.99990844447157 73.000640888699 
93.99990844447157 73.000640888699 
93.99990844447157 73.000640888699 
93.99990844447157 73.000640888699 
93.99990844447157 73.000640888699 
93.99990844447157 73.000640888699 
93.99990844447157 72.0 
93.99990844447157 72.0 
93.99990844447157 73.000640888699 
93.99990844447157 73.000640888699 
93.99990844447157 74.00042725913266 
93.99990844447157 74.00042725913266 
95.0 74.00042725913266 
95.0 75.00021362956633 
95.0 75.00021362956633 
95.0 74.00042725913266 
95.0 73.000640888699 
95.0 72.0 
95.0 72.0 
95.0 71.00021362956633 
95.0 71.00021362956633 
95.0 71.00021362956633 
95.0 72.0 
95.99993896298105 72.0 
95.99993896298105 73.000640888699 
95.99993896298105 73.000640888699 
95.99993896298105 73.000640888699 
95.99993896298105 74.00042725913266 
95.99993896298105 73.000640888699 
95.99993896298105 73.000640888699 
95.99993896298105 73.000640888699 
95.0 72.0 
95.0 72.0 
95.0 72.0 
95.0 73.000640888699 
95.0 73.000640888699 
95.0 73.000640888699 
95.0 73.000640888699 
95.0 73.000640888699 
95.0 73.000640888699 
95.0 73.000640888699 
95.0 73.000640888699 
95.0 74.00042725913266 
95.0 74.00042725913266 
95.0 74.00042725913266 
95.0 74.00042725913266 
95.0 74.00042725913266 
95.0 74.00042725913266 
95.0 73.000640888699 
93.99990844447157 73.000640888699 
93.99990844447157 74.00042725913266 
93.99990844447157 74.00042725913266 
93.99990844447157 73.000640888699 
93.99990844447157 74.00042725913266 
95.0 74.00042725913266 
95.0 74.00042725913266 
95.0 74.00042725913266 
95.0 74.00042725913266 
93.99990844447157 73.000640888699 
